              0
    0.017746625
     0.02647329
     0.03510348
    0.043638155
     0.05207826
    0.060424734
    0.068678507
    0.076840498
    0.084911617
    0.092892765
     0.10078484
     0.10858871
     0.11630527
     0.12393538
     0.13147989
     0.13893965
     0.14631551
      0.1536083
     0.16081883
     0.16794794
     0.17499642
     0.18196507
      0.1888547
     0.19566607
     0.20239997
     0.20905716
     0.21563842
     0.22214448
      0.2285761
     0.23493401
     0.24121895
     0.24743164
     0.25357279
     0.25964313
     0.26564334
     0.27157412
     0.27743617
     0.28323016
     0.28895677
     0.29461667
     0.30021053
     0.30573898
      0.3112027
      0.3166023
     0.32193845
     0.32721175
     0.33242284
     0.33757233
     0.34266084
     0.34768896
     0.35265731
     0.35756646
     0.36241701
     0.36720954
     0.37194463
     0.37662284
     0.38124475
      0.3858109
     0.39032185
     0.39477815
     0.39918034
     0.40352895
     0.40782453
     0.41206759
     0.41625866
     0.42039825
     0.42448688
     0.42852504
     0.43251324
     0.43645197
     0.44034173
     0.44418301
     0.44797627
       0.451722
     0.45542068
     0.45907276
      0.4626787
     0.46623898
     0.46975403
     0.47322432
     0.47665028
     0.48003234
     0.48337096
     0.48666656
     0.48991956
     0.49313039
     0.49629946
      0.4994272
     0.50251401
     0.50556029
     0.50856646
      0.5115329
     0.51446001
     0.51734818
      0.5201978
     0.52300925
     0.52578291
     0.52851915
     0.53121835
     0.53388087
     0.53650708
     0.53909733
     0.54165198
     0.54417139
     0.54665591
     0.54910588
     0.55152164
     0.55390354
     0.55625191
     0.55856708
     0.56084938
     0.56309914
     0.56531669
     0.56750233
     0.56965639
     0.57177918
     0.57387101
     0.57593219
     0.57796301
      0.5799638
     0.58193483
     0.58387641
     0.58578883
     0.58767237
     0.58952733
     0.59135399
     0.59315262
     0.59492351
     0.59666694
     0.59838316
     0.60007246
     0.60173511
     0.60337135
     0.60498147
     0.60656571
     0.60812433
      0.6096576
     0.61116575
     0.61264903
     0.61410771
     0.61554201
     0.61695218
     0.61833847
      0.6197011
     0.62104031
     0.62235634
     0.62364941
     0.62491975
     0.62616759
     0.62739315
     0.62859665
     0.62977831
     0.63093835
     0.63207698
     0.63319441
     0.63429086
     0.63536653
     0.63642163
     0.63745636
     0.63847093
     0.63946553
     0.64044037
     0.64139563
     0.64233152
     0.64324822
     0.64414593
     0.64502483
     0.64588511
     0.64672695
     0.64755055
     0.64835607
     0.64914371
     0.64991363
     0.65066601
     0.65140102
     0.65211885
     0.65281965
      0.6535036
     0.65417087
     0.65482161
       0.655456
      0.6560742
     0.65667636
     0.65726265
     0.65783322
     0.65838823
     0.65892784
     0.65945219
     0.65996144
     0.66045574
     0.66093523
     0.66140007
     0.66185039
     0.66228635
     0.66270808
     0.66311573
     0.66350943
     0.66388933
     0.66425556
     0.66460825
     0.66494755
     0.66527358
     0.66558648
     0.66588637
     0.66617338
     0.66644765
      0.6667093
     0.66695845
     0.66719523
     0.66741976
     0.66763216
     0.66783256
     0.66802106
      0.6681978
     0.66836288
     0.66851643
     0.66865855
     0.66878936
     0.66890897
      0.6690175
     0.66911505
     0.66920173
     0.66927765
     0.66934292
     0.66939764
     0.66944192
     0.66947586
     0.66949956
     0.66951312
     0.66951665
     0.66951025
     0.66949401
     0.66946803
     0.66943241
     0.66938724
     0.66933261
     0.66926863
     0.66919539
     0.66911297
     0.66902147
     0.66892098
     0.66881158
     0.66869337
     0.66856643
     0.66843085
     0.66828671
      0.6681341
     0.66797311
     0.66780382
      0.6676263
     0.66744064
     0.66724693
     0.66704524
     0.66683565
     0.66661823
     0.66639308
     0.66616026
     0.66591984
     0.66567192
     0.66541655
     0.66515381
     0.66488378
     0.66460653
     0.66432213
     0.66403065
     0.66373216
     0.66342674
     0.66311444
     0.66279534
     0.66246951
     0.66213701
      0.6617979
     0.66145226
     0.66110015
     0.66074164
     0.66037678
     0.66000563
     0.65962827
     0.65924476
     0.65885515
      0.6584595
     0.65805788
     0.65765034
     0.65723694
     0.65681775
     0.65639281
     0.65596219
     0.65552594
     0.65508412
     0.65463678
     0.65418398
     0.65372577
     0.65326221
     0.65279334
     0.65231923
     0.65183992
     0.65135547
     0.65086592
     0.65037132
     0.64987173
      0.6493672
     0.64885778
     0.64834351
     0.64782443
     0.64730061
     0.64677209
     0.64623891
     0.64570111
     0.64515876
     0.64461188
     0.64406053
     0.64350474
     0.64294457
     0.64238006
     0.64181125
     0.64123818
     0.64066089
     0.64007944
     0.63949385
     0.63890417
     0.63831043
     0.63771269
     0.63711098
     0.63650534
     0.63589581
     0.63528242
     0.63466522
     0.63404424
     0.63341952
     0.63279109
     0.63215901
     0.63152329
     0.63088398
     0.63024111
     0.62959472
     0.62894484
     0.62829151
     0.62763475
     0.62697462
     0.62631113
     0.62564433
     0.62497423
     0.62430089
     0.62362433
     0.62294458
     0.62226167
     0.62157563
     0.62088651
     0.62019431
     0.61949909
     0.61880086
     0.61809966
     0.61739551
     0.61668845
     0.61597851
      0.6152657
     0.61455007
     0.61383164
     0.61311043
     0.61238648
     0.61165981
     0.61093045
     0.61019843
     0.60946376
     0.60872649
     0.60798663
      0.6072442
     0.60649925
     0.60575178
     0.60500183
     0.60424942
     0.60349457
     0.60273731
     0.60197766
     0.60121565
      0.6004513
     0.59968463
     0.59891567
     0.59814443
     0.59737095
     0.59659524
     0.59581732
     0.59503722
     0.59425496
     0.59347056
     0.59268404
     0.59189543
     0.59110473
     0.59031198
      0.5895172
      0.5887204
      0.5879216
     0.58712083
     0.58631811
     0.58551344
     0.58470686
     0.58389838
     0.58308802
      0.5822758
     0.58146174
     0.58064585
     0.57982816
     0.57900867
     0.57818742
     0.57736442
     0.57653967
     0.57571322
     0.57488506
     0.57405521
      0.5732237
     0.57239053
     0.57155574
     0.57071932
      0.5698813
     0.56904169
     0.56820052
     0.56735778
     0.56651351
     0.56566771
     0.56482041
     0.56397161
     0.56312133
     0.56226958
     0.56141639
     0.56056175
      0.5597057
     0.55884824
     0.55798938
     0.55712915
     0.55626755
     0.55540459
      0.5545403
     0.55367468
     0.55280775
     0.55193952
        0.55107
     0.55019921
     0.54932716
     0.54845385
     0.54757931
     0.54670355
     0.54582657
      0.5449484
     0.54406903
     0.54318849
     0.54230679
     0.54142393
     0.54053993
      0.5396548
     0.53876855
     0.53788119
     0.53699273
     0.53610319
     0.53521257
     0.53432089
     0.53342816
     0.53253438
     0.53163956
     0.53074373
     0.52984688
     0.52894902
     0.52805018
     0.52715035
     0.52624955
     0.52534778
     0.52444506
      0.5235414
      0.5226368
     0.52173127
     0.52082483
     0.51991748
     0.51900923
     0.51810009
     0.51719007
     0.51627917
     0.51536742
     0.51445481
     0.51354135
     0.51262705
     0.51171192
     0.51079598
     0.50987921
     0.50896165
     0.50804328
     0.50712413
     0.50620419
     0.50528348
     0.50436201
     0.50343977
     0.50251679
     0.50159306
     0.50066859
      0.4997434
     0.49881748
     0.49789085
     0.49696351
     0.49603547
     0.49510674
     0.49417732
     0.49324722
     0.49231645
     0.49138501
     0.49045291
     0.48952016
     0.48858676
     0.48765272
     0.48671805
     0.48578275
     0.48484683
     0.48391029
     0.48297314
     0.48203539
     0.48109704
     0.48015811
     0.47921858
     0.47827848
      0.4773378
     0.47639655
     0.47545475
     0.47451238
     0.47356946
       0.472626
       0.471682
     0.47073746
     0.46979239
      0.4688468
     0.46790069
     0.46695406
     0.46600693
     0.46505929
     0.46411115
     0.46316251
     0.46221339
     0.46126378
      0.4603137
     0.45936314
     0.45841211
     0.45746061
     0.45650865
     0.45555624
     0.45460337
     0.45365006
      0.4526963
     0.45174211
     0.45078748
     0.44983242
     0.44887694
     0.44792104
     0.44696471
     0.44600798
     0.44505084
     0.44409329
     0.44313534
     0.44217699
     0.44121825
     0.44025912
     0.43929961
     0.43833972
     0.43737945
      0.4364188
     0.43545778
      0.4344964
     0.43353466
     0.43257255
     0.43161009
     0.43064728
     0.42968412
     0.42872061
     0.42775677
     0.42679258
     0.42582806
     0.42486321
     0.42389803
     0.42293252
     0.42196669
     0.42100055
     0.42003409
     0.41906731
     0.41810023
     0.41713284
     0.41616515
     0.41519715
     0.41422886
     0.41326028
      0.4122914
     0.41132224
     0.41035279
     0.40938306
     0.40841304
     0.40744276
     0.40647219
     0.40550136
     0.40453025
     0.40355888
     0.40258725
     0.40161535
      0.4006432
     0.39967079
     0.39869812
     0.39772521
     0.39675205
     0.39577864
     0.39480498
     0.39383109
     0.39285696
     0.39188259
     0.39090799
     0.38993316
     0.38895809
      0.3879828
     0.38700729
     0.38603155
     0.38505559
     0.38407942
     0.38310303
     0.38212642
      0.3811496
     0.38017258
     0.37919534
      0.3782179
     0.37724026
     0.37626241
     0.37528437
     0.37430613
     0.37332769
     0.37234906
     0.37137023
     0.37039122
     0.36941202
     0.36843263
     0.36745306
     0.36647331
     0.36549338
     0.36451327
     0.36353298
     0.36255251
     0.36157187
     0.36059106
     0.35961008
     0.35862894
     0.35764762
     0.35666614
      0.3556845
     0.35470269
     0.35372073
     0.35273861
     0.35175633
     0.35077389
      0.3497913
     0.34880856
     0.34782566
     0.34684262
     0.34585943
     0.34487609
     0.34389261
     0.34290899
     0.34192522
     0.34094131
     0.33995726
     0.33897308
     0.33798876
      0.3370043
     0.33601971
     0.33503498
     0.33405013
     0.33306514
     0.33208003
     0.33109479
     0.33010942
     0.32912393
     0.32813832
     0.32715258
     0.32616672
     0.32518074
     0.32419465
     0.32320843
      0.3222221
     0.32123565
     0.32024909
     0.31926242
     0.31827563
     0.31728874
     0.31630173
     0.31531462
     0.31432739
     0.31334006
     0.31235263
     0.31136509
     0.31037745
     0.30938971
     0.30840186
     0.30741392
     0.30642587
     0.30543773
     0.30444949
     0.30346115
     0.30247272
     0.30148419
     0.30049558
     0.29950686
     0.29851806
     0.29752916
     0.29654018
     0.29555111
     0.29456195
      0.2935727
     0.29258336
     0.29159394
     0.29060444
     0.28961485
     0.28862518
     0.28763542
     0.28664559
     0.28565567
     0.28466567
      0.2836756
     0.28268545
     0.28169522
     0.28070491
     0.27971453
     0.27872407
     0.27773354
     0.27674294
     0.27575226
     0.27476151
     0.27377069
     0.27277979
     0.27178883
      0.2707978
      0.2698067
     0.26881553
     0.26782429
     0.26683299
     0.26584162
     0.26485019
     0.26385869
     0.26286713
     0.26187551
     0.26088382
     0.25989207
     0.25890025
     0.25790838
     0.25691645
     0.25592446
      0.2549324
     0.25394029
     0.25294813
      0.2519559
     0.25096362
     0.24997128
     0.24897888
     0.24798644
     0.24699393
     0.24600137
     0.24500876
      0.2440161
     0.24302338
     0.24203061
     0.24103779
     0.24004492
       0.239052
     0.23805903
     0.23706601
     0.23607294
     0.23507982
     0.23408665
     0.23309344
     0.23210018
     0.23110687
     0.23011352
     0.22912012
     0.22812668
     0.22713319
     0.22613966
     0.22514608
     0.22415246
      0.2231588
     0.22216509
     0.22117134
     0.22017755
     0.21918372
     0.21818985
     0.21719594
     0.21620199
       0.215208
     0.21421397
      0.2132199
     0.21222579
     0.21123164
     0.21023746
     0.20924324
     0.20824898
     0.20725468
     0.20626035
     0.20526598
     0.20427158
     0.20327714
     0.20228267
     0.20128816
     0.20029362
     0.19929905
     0.19830444
      0.1973098
     0.19631512
     0.19532041
     0.19432567
      0.1933309
      0.1923361
     0.19134127
      0.1903464
     0.18935151
     0.18835658
     0.18736162
     0.18636664
     0.18537162
     0.18437658
     0.18338151
     0.18238641
     0.18139128
     0.18039612
     0.17940093
     0.17840572
     0.17741048
     0.17641521
     0.17541992
      0.1744246
     0.17342926
     0.17243388
     0.17143849
     0.17044306
     0.16944762
     0.16845214
     0.16745665
     0.16646113
     0.16546558
     0.16447001
     0.16347442
      0.1624788
     0.16148316
      0.1604875
     0.15949181
     0.15849611
     0.15750038
     0.15650462
     0.15550885
     0.15451306
     0.15351724
      0.1525214
     0.15152554
     0.15052966
     0.14953376
     0.14853784
      0.1475419
     0.14654594
     0.14554996
     0.14455396
     0.14355794
      0.1425619
     0.14156585
     0.14056977
     0.13957368
     0.13857756
     0.13758143
     0.13658528
     0.13558912
     0.13459293
     0.13359673
     0.13260051
     0.13160427
     0.13060802
     0.12961175
     0.12861546
     0.12761916
     0.12662284
      0.1256265
     0.12463015
     0.12363378
      0.1226374
       0.121641
     0.12064458
     0.11964815
     0.11865171
     0.11765525
     0.11665877
     0.11566228
     0.11466578
     0.11366926
     0.11267273
     0.11167618
     0.11067962
     0.10968305
     0.10868646
     0.10768986
     0.10669324
     0.10569662
     0.10469998
     0.10370332
     0.10270665
     0.10170997
     0.10071328
    0.099716578
     0.09871986
    0.097723131
     0.09672639
    0.095729636
    0.094732871
    0.093736094
    0.092739305
    0.091742505
    0.090745693
     0.08974887
    0.088752036
    0.087755191
    0.086758335
    0.085761468
     0.08476459
    0.083767702
    0.082770803
    0.081773894
    0.080776974
    0.079780044
    0.078783104
    0.077786154
    0.076789194
    0.075792225
    0.074795245
    0.073798256
    0.072801258
    0.071804249
    0.070807232
    0.069810205
     0.06881317
    0.067816125
    0.066819071
    0.065822008
    0.064824937
    0.063827856
    0.062830767
     0.06183367
    0.060836564
     0.05983945
    0.058842327
    0.057845196
    0.056848057
    0.055850911
    0.054853756
    0.053856593
    0.052859422
    0.051862244
    0.050865058
    0.049867864
    0.048870663
    0.047873455
    0.046876239
    0.045879016
    0.044881785
    0.043884548
    0.042887303
    0.041890052
    0.040892793
    0.039895528
    0.038898256
    0.037900977
    0.036903691
    0.035906399
    0.034909101
    0.033911796
    0.032914484
    0.031917166
    0.030919842
    0.029922512
    0.028925175
    0.027927833
    0.026930484
     0.02593313
    0.024935769
    0.023938403
    0.022941031
    0.021943653
     0.02094627
     0.01994888
    0.018951486
    0.017954086
     0.01695668
    0.015959269
    0.014961853
    0.013964431
    0.012967004
    0.011969572
    0.010972135
   0.0099746922
   0.0089772449
   0.0079797925
   0.0069823352
    0.005984873
    0.004987406
   0.0039899342
   0.0029924576
   0.0019949764
   0.0009974905
   0.0009974905
              0
