              0
     0.15675598
     0.22309464
      0.2823891
      0.3352911
     0.38239211
     0.42422884
     0.46128836
     0.49401268
      0.5228029
     0.54802303
     0.57000337
     0.58904368
     0.60541599
     0.61936714
     0.63112115
     0.64088131
      0.6488321
     0.65514091
     0.65995968
     0.66342627
     0.66566578
     0.66679175
     0.66690721
     0.66610565
     0.66447193
     0.66208302
     0.65900881
      0.6553127
     0.65105224
     0.64627963
     0.64104227
     0.63538315
     0.62934129
     0.62295212
     0.61624776
     0.60925737
     0.60200742
     0.59452193
     0.58682269
     0.57892947
     0.57086022
     0.56263124
     0.55425729
     0.54575179
     0.53712692
     0.52839371
      0.5195622
     0.51064147
     0.50163978
     0.49256462
      0.4834228
     0.47422047
     0.46496324
     0.45565618
     0.44630391
      0.4369106
     0.42748007
     0.41801574
     0.40852075
     0.39899793
     0.38944986
     0.37987888
      0.3702871
     0.36067645
     0.35104868
     0.34140536
     0.33174794
     0.32207772
     0.31239589
     0.30270353
     0.29300159
     0.28329098
     0.27357249
     0.26384685
     0.25411473
     0.24437672
     0.23463337
     0.22488518
     0.21513258
     0.20537599
     0.19561578
     0.18585228
      0.1760858
     0.16631662
     0.15654497
      0.1467711
      0.1369952
     0.12721747
     0.11743807
     0.10765716
    0.097874878
     0.08809135
    0.078306693
     0.06852101
    0.058734397
    0.048946939
    0.039158715
    0.029369796
    0.019580246
   0.0097901228
   0.0097901228
              0
