              0
   0.0089313753
    0.017764138
    0.026499269
    0.035137736
    0.043680499
     0.05212851
    0.060482708
    0.068744026
    0.076913386
      0.0849917
    0.092979874
      0.1008788
     0.10868937
     0.11641246
     0.12404893
     0.13159965
     0.13906547
     0.14644723
     0.15374576
      0.1609619
     0.16809646
     0.17515025
     0.18212408
     0.18901873
     0.19583499
     0.20257365
     0.20923547
     0.21582121
     0.22233163
     0.22876749
     0.23512951
     0.24141844
     0.24763499
     0.25377989
     0.25985385
     0.26585758
     0.27179176
     0.27765709
     0.28345426
     0.28918395
     0.29484681
     0.30044352
     0.30597473
      0.3114411
     0.31684326
     0.32218185
     0.32745752
     0.33267087
     0.33782253
     0.34291311
     0.34794322
     0.35291347
     0.35782443
     0.36267671
     0.36747088
     0.37220752
     0.37688721
      0.3815105
     0.38607797
     0.39059016
     0.39504762
     0.39945089
     0.40380052
     0.40809704
     0.41234097
     0.41653284
     0.42067315
     0.42476244
     0.42880119
     0.43278992
     0.43672912
     0.44061929
      0.4444609
     0.44825444
     0.45200039
     0.45569922
     0.45935141
      0.4629574
     0.46651766
     0.47003265
     0.47350282
      0.4769286
     0.48031045
     0.48364879
     0.48694406
     0.49019669
      0.4934071
     0.49657571
     0.49970293
     0.50278918
     0.50583486
     0.50884037
     0.51180612
      0.5147325
      0.5176199
     0.52046871
      0.5232793
     0.52605207
     0.52878738
      0.5314856
     0.53414712
     0.53677228
     0.53936146
       0.541915
     0.54443327
      0.5469166
     0.54936536
     0.55177988
     0.55416051
     0.55650757
      0.5588214
     0.56110234
     0.56335071
     0.56556683
     0.56775103
     0.56990361
      0.5720249
      0.5741152
     0.57617483
     0.57820408
     0.58020326
     0.58217267
      0.5841126
     0.58602335
      0.5879052
     0.58975845
     0.59158337
     0.59338025
     0.59514936
     0.59689099
      0.5986054
     0.60029287
     0.60195366
     0.60358804
     0.60519627
     0.60677861
     0.60833532
     0.60986664
     0.61137284
     0.61285417
     0.61431086
     0.61574317
     0.61715133
     0.61853559
     0.61989618
     0.62123335
     0.62254731
     0.62383831
     0.62510657
     0.62635231
     0.62757576
     0.62877714
     0.62995667
     0.63111457
     0.63225105
     0.63336633
     0.63446061
      0.6355341
     0.63658701
     0.63761955
     0.63863191
      0.6396243
     0.64059692
     0.64154996
     0.64248361
     0.64339807
     0.64429353
     0.64517018
      0.6460282
     0.64686779
     0.64768911
     0.64849236
     0.64927772
     0.65004535
     0.65079544
     0.65152816
     0.65224369
     0.65294219
     0.65362383
     0.65428879
     0.65493722
      0.6555693
     0.65618517
     0.65678501
     0.65736898
     0.65793722
     0.65848991
     0.65902718
      0.6595492
     0.66005611
     0.66054807
     0.66102523
     0.66148773
     0.66193571
     0.66236933
     0.66278872
     0.66319402
     0.66358538
     0.66396294
     0.66432682
     0.66467718
     0.66501413
     0.66533782
     0.66564837
     0.66594592
     0.66623059
     0.66650252
     0.66676182
     0.66700864
     0.66724308
     0.66746527
     0.66767534
      0.6678734
     0.66805957
     0.66823397
     0.66839673
     0.66854794
     0.66868774
     0.66881623
     0.66893352
     0.66903972
     0.66913496
     0.66921932
     0.66929293
     0.66935589
      0.6694083
     0.66945027
     0.66948191
     0.66950331
     0.66951458
     0.66951581
     0.66950712
     0.66948859
     0.66946032
     0.66942242
     0.66937497
     0.66931808
     0.66925183
     0.66917631
     0.66909163
     0.66899787
     0.66889511
     0.66878346
       0.668663
     0.66853382
     0.66839599
     0.66824962
     0.66809478
     0.66793155
     0.66776003
     0.66758029
     0.66739242
     0.66719649
     0.66699259
     0.66678079
     0.66656118
     0.66633382
     0.66609881
     0.66585621
     0.66560609
     0.66534855
     0.66508363
     0.66481143
     0.66453202
     0.66424545
     0.66395182
     0.66365118
      0.6633436
     0.66302916
     0.66270792
     0.66237995
     0.66204532
     0.66170409
     0.66135634
     0.66100211
     0.66064148
     0.66027451
     0.65990127
     0.65952181
     0.65913621
     0.65874451
     0.65834678
     0.65794308
     0.65753347
       0.657118
     0.65669675
     0.65626975
     0.65583708
     0.65539878
     0.65495492
     0.65450554
     0.65405071
     0.65359047
     0.65312488
       0.652654
     0.65217787
     0.65169655
     0.65121009
     0.65071854
     0.65022196
     0.64972038
     0.64921387
     0.64870246
     0.64818621
     0.64766517
     0.64713939
      0.6466089
     0.64607377
     0.64553403
     0.64498972
     0.64444091
     0.64388762
     0.64332991
     0.64276781
     0.64220138
     0.64163065
     0.64105567
     0.64047648
     0.63989312
     0.63930564
     0.63871407
     0.63811845
     0.63751883
     0.63691524
     0.63630773
     0.63569633
     0.63508108
     0.63446202
     0.63383919
     0.63321262
     0.63258235
     0.63194843
     0.63131088
     0.63066974
     0.63002505
     0.62937684
     0.62872514
        0.62807
     0.62741144
     0.62674951
     0.62608423
     0.62541563
     0.62474375
     0.62406863
     0.62339029
     0.62270876
     0.62202409
     0.62133629
      0.6206454
     0.61995146
     0.61925448
     0.61855451
     0.61785157
     0.61714568
     0.61643689
     0.61572522
     0.61501069
     0.61429334
     0.61357319
     0.61285028
     0.61212462
     0.61139625
     0.61066519
     0.60993147
     0.60919512
     0.60845616
     0.60771462
     0.60697052
      0.6062239
     0.60547476
     0.60472315
     0.60396908
     0.60321258
     0.60245367
     0.60169237
     0.60092872
     0.60016273
     0.59939443
     0.59862383
     0.59785097
     0.59707586
     0.59629853
       0.595519
      0.5947373
     0.59395343
     0.59316743
     0.59237931
      0.5915891
     0.59079682
     0.59000248
     0.58920611
     0.58840773
     0.58760736
     0.58680502
     0.58600073
      0.5851945
     0.58438636
     0.58357632
     0.58276441
     0.58195064
     0.58113503
      0.5803176
     0.57949837
     0.57867735
     0.57785457
     0.57703003
     0.57620377
     0.57537579
     0.57454611
     0.57371475
     0.57288173
     0.57204706
     0.57121076
     0.57037284
     0.56953333
     0.56869223
     0.56784956
     0.56700534
     0.56615959
     0.56531231
     0.56446353
     0.56361326
     0.56276151
     0.56190829
     0.56105364
     0.56019754
     0.55934003
     0.55848112
     0.55762081
     0.55675913
     0.55589609
     0.55503169
     0.55416596
     0.55329891
     0.55243054
     0.55156088
     0.55068994
     0.54981772
     0.54894425
     0.54806953
     0.54719357
      0.5463164
     0.54543802
     0.54455843
     0.54367767
     0.54279573
     0.54191262
     0.54102837
     0.54014298
     0.53925646
     0.53836883
     0.53748008
     0.53659025
     0.53569933
     0.53480734
     0.53391428
     0.53302018
     0.53212503
     0.53122886
     0.53033166
     0.52943345
     0.52853424
     0.52763404
     0.52673286
     0.52583071
      0.5249276
     0.52402354
     0.52311853
     0.52221259
     0.52130573
     0.52039795
     0.51948927
     0.51857969
     0.51766923
     0.51675788
     0.51584567
     0.51493259
     0.51401867
     0.51310389
     0.51218828
     0.51127185
     0.51035459
     0.50943653
     0.50851766
     0.50759799
     0.50667754
     0.50575631
      0.5048343
     0.50391154
     0.50298801
     0.50206374
     0.50113872
     0.50021297
      0.4992865
      0.4983593
      0.4974314
     0.49650278
     0.49557347
     0.49464347
     0.49371278
     0.49278141
     0.49184938
     0.49091667
     0.48998332
      0.4890493
     0.48811465
     0.48717936
     0.48624343
     0.48530688
     0.48436971
     0.48343192
     0.48249353
     0.48155454
     0.48061495
     0.47967477
     0.47873401
     0.47779267
     0.47685076
     0.47590828
     0.47496524
     0.47402164
      0.4730775
     0.47213281
     0.47118759
     0.47024183
     0.46929554
     0.46834873
      0.4674014
     0.46645356
     0.46550521
     0.46455635
     0.46360701
     0.46265716
     0.46170683
     0.46075602
     0.45980473
     0.45885297
     0.45790074
     0.45694804
     0.45599489
     0.45504128
     0.45408722
     0.45313271
     0.45217776
     0.45122238
     0.45026656
     0.44931032
     0.44835365
     0.44739656
     0.44643906
     0.44548114
     0.44452282
     0.44356409
     0.44260496
     0.44164544
     0.44068553
     0.43972523
     0.43876454
     0.43780348
     0.43684204
     0.43588023
     0.43491804
      0.4339555
     0.43299259
     0.43202932
      0.4310657
     0.43010173
     0.42913741
     0.42817275
     0.42720775
     0.42624241
     0.42527673
     0.42431073
      0.4233444
     0.42237774
     0.42141076
     0.42044347
     0.41947586
     0.41850794
     0.41753972
     0.41657118
     0.41560235
     0.41463322
     0.41366379
     0.41269406
     0.41172405
     0.41075375
     0.40978317
      0.4088123
     0.40784116
     0.40686974
     0.40589804
     0.40492608
     0.40395384
     0.40298134
     0.40200858
     0.40103556
     0.40006228
     0.39908875
     0.39811497
     0.39714093
     0.39616665
     0.39519212
     0.39421735
     0.39324234
     0.39226709
     0.39129161
     0.39031589
     0.38933994
     0.38836377
     0.38738737
     0.38641074
     0.38543389
     0.38445683
     0.38347954
     0.38250204
     0.38152433
     0.38054641
     0.37956828
     0.37858994
      0.3776114
     0.37663265
      0.3756537
     0.37467456
     0.37369522
     0.37271568
     0.37173595
     0.37075603
     0.36977592
     0.36879563
     0.36781515
     0.36683448
     0.36585364
     0.36487261
     0.36389141
     0.36291003
     0.36192847
     0.36094675
     0.35996485
     0.35898278
     0.35800055
     0.35701814
     0.35603558
     0.35505285
     0.35406996
     0.35308691
     0.35210371
     0.35112034
     0.35013683
     0.34915316
     0.34816933
     0.34718536
     0.34620124
     0.34521697
     0.34423256
       0.343248
      0.3422633
     0.34127846
     0.34029347
     0.33930835
     0.33832309
      0.3373377
     0.33635217
     0.33536651
     0.33438071
     0.33339479
     0.33240873
     0.33142255
     0.33043624
      0.3294498
     0.32846325
     0.32747656
     0.32648976
     0.32550284
     0.32451579
     0.32352863
     0.32254135
     0.32155396
     0.32056645
     0.31957882
     0.31859109
     0.31760324
     0.31661528
     0.31562722
     0.31463904
     0.31365076
     0.31266237
     0.31167388
     0.31068529
     0.30969659
     0.30870779
     0.30771889
     0.30672988
     0.30574079
     0.30475159
     0.30376229
      0.3027729
     0.30178342
     0.30079384
     0.29980417
      0.2988144
     0.29782455
      0.2968346
     0.29584457
     0.29485444
     0.29386423
     0.29287393
     0.29188355
     0.29089308
     0.28990253
     0.28891189
     0.28792117
     0.28693037
     0.28593949
     0.28494853
     0.28395749
     0.28296637
     0.28197517
      0.2809839
     0.27999255
     0.27900112
     0.27800962
     0.27701805
      0.2760264
     0.27503468
     0.27404289
     0.27305102
     0.27205909
     0.27106709
     0.27007502
     0.26908288
     0.26809067
     0.26709839
     0.26610605
     0.26511365
     0.26412117
     0.26312864
     0.26213604
     0.26114338
     0.26015065
     0.25915787
     0.25816502
     0.25717211
     0.25617914
     0.25518611
     0.25419303
     0.25319988
     0.25220668
     0.25121342
      0.2502201
     0.24922673
     0.24823331
     0.24723982
     0.24624629
      0.2452527
     0.24425905
     0.24326536
     0.24227161
     0.24127781
     0.24028396
     0.23929006
     0.23829611
     0.23730211
     0.23630806
     0.23531396
     0.23431981
     0.23332562
     0.23233137
     0.23133709
     0.23034275
     0.22934837
     0.22835395
     0.22735947
     0.22636496
      0.2253704
      0.2243758
     0.22338115
     0.22238646
     0.22139173
     0.22039696
     0.21940214
     0.21840729
     0.21741239
     0.21641746
     0.21542248
     0.21442747
     0.21343241
     0.21243732
     0.21144219
     0.21044702
     0.20945181
     0.20845657
     0.20746129
     0.20646597
     0.20547062
     0.20447523
      0.2034798
     0.20248434
     0.20148885
     0.20049332
     0.19949776
     0.19850216
     0.19750654
     0.19651087
     0.19551518
     0.19451945
     0.19352369
      0.1925279
     0.19153208
     0.19053623
     0.18954034
     0.18854443
     0.18754849
     0.18655251
     0.18555651
     0.18456048
     0.18356442
     0.18256833
     0.18157221
     0.18057606
     0.17957989
     0.17858368
     0.17758745
      0.1765912
     0.17559491
     0.17459861
     0.17360227
     0.17260591
     0.17160952
     0.17061311
     0.16961667
     0.16862021
     0.16762372
     0.16662721
     0.16563067
     0.16463411
     0.16363753
     0.16264092
     0.16164429
     0.16064764
     0.15965096
     0.15865426
     0.15765754
      0.1566608
     0.15566403
     0.15466725
     0.15367044
     0.15267361
     0.15167676
     0.15067989
       0.149683
     0.14868608
     0.14768915
      0.1466922
     0.14569523
     0.14469824
     0.14370122
     0.14270419
     0.14170714
     0.14071008
     0.13971299
     0.13871588
     0.13771876
     0.13672162
     0.13572446
     0.13472728
     0.13373009
     0.13273287
     0.13173564
      0.1307384
     0.12974113
     0.12874385
     0.12774656
     0.12674924
     0.12575191
     0.12475457
     0.12375721
     0.12275983
     0.12176244
     0.12076503
      0.1197676
     0.11877016
     0.11777271
     0.11677524
     0.11577776
     0.11478026
     0.11378275
     0.11278522
     0.11178768
     0.11079013
     0.10979256
     0.10879498
     0.10779738
     0.10679977
     0.10580215
     0.10480452
     0.10380687
     0.10280921
     0.10181153
     0.10081385
    0.099816147
    0.098818435
    0.097820711
    0.096822975
    0.095825227
    0.094827467
    0.093829696
    0.092831912
    0.091834117
    0.090836311
    0.089838493
    0.088840664
    0.087842824
    0.086844973
    0.085847111
    0.084849239
    0.083851355
    0.082853462
    0.081855557
    0.080857643
    0.079859718
    0.078861783
    0.077863837
    0.076865882
    0.075867917
    0.074869943
    0.073871958
    0.072873964
    0.071875961
    0.070877948
    0.069879926
    0.068881895
    0.067883855
    0.066885805
    0.065887747
     0.06488968
    0.063891604
     0.06289352
    0.061895427
    0.060897326
    0.059899216
    0.058901098
    0.057902971
    0.056904837
    0.055906694
    0.054908543
    0.053910385
    0.052912218
    0.051914044
    0.050915863
    0.049917673
    0.048919476
    0.047921272
     0.04692306
    0.045924841
    0.044926615
    0.043928382
    0.042930141
    0.041931894
    0.040933639
    0.039935378
     0.03893711
    0.037938835
    0.036940553
    0.035942265
    0.034943971
    0.033945669
    0.032947362
    0.031949048
    0.030950728
    0.029952401
    0.028954069
     0.02795573
    0.026957385
    0.025959035
    0.024960678
    0.023962315
    0.022963947
    0.021965573
    0.020967193
    0.019968808
    0.018970417
    0.017972021
    0.016973619
    0.015975211
    0.014976799
    0.013978381
    0.012979957
    0.011981529
    0.010983095
   0.0099846565
   0.0089862127
    0.007987764
   0.0069893103
   0.0059908517
   0.0049923883
     0.00399392
    0.002995447
   0.0019969693
  0.00099848697
              0
