              0
    0.083320444
      0.1579268
     0.22463286
     0.28417639
     0.33722628
     0.38438896
      0.4262142
     0.46320046
     0.49579962
     0.52442139
     0.54943721
     0.57118381
      0.5899665
     0.60606208
     0.61972147
     0.63117219
      0.6406205
      0.6482534
     0.65424042
     0.65873526
     0.66187728
     0.66379281
     0.66459638
     0.66439185
     0.66327335
     0.66132623
     0.65862788
     0.65524846
     0.65125156
     0.64669485
     0.64163061
     0.63610623
     0.63016469
     0.62384494
     0.61718231
     0.61020881
     0.60295347
     0.59544262
     0.58770011
     0.57974759
     0.57160465
     0.56328909
     0.55481703
     0.54620307
     0.53746048
     0.52860126
     0.51963631
     0.51057549
     0.50142777
     0.49220125
     0.48290331
     0.47354059
     0.46411917
     0.45464451
     0.44512159
     0.43555492
     0.42594858
     0.41630627
     0.40663136
     0.39692689
     0.38719563
     0.37744006
     0.36766247
      0.3578649
     0.34804923
     0.33821715
     0.32837018
     0.31850973
     0.30863704
     0.29875326
     0.28885942
     0.27895647
     0.26904526
     0.25912655
     0.24920105
      0.2392694
     0.22933216
     0.21938985
     0.20944296
     0.19949191
     0.18953709
     0.17957885
      0.1696175
     0.15965335
     0.14968665
     0.13971763
     0.12974653
     0.11977352
     0.10979879
    0.099822502
    0.089844798
    0.079865811
    0.069885661
    0.059904456
    0.049922296
    0.039939268
    0.029955455
    0.019970929
   0.0099857573
              0
              0
