Method   t0   tn       N              h
 Euler    0    2     731     0.00273973

rx  -  ry  -  vx  -  vy
1.000000e+00   0.000000e+00   0.000000e+00   6.283185e+00
1.000000e+00   1.721421e-02  -3.947842e+01   6.283185e+00
8.918400e-01   3.442841e-02  -7.893929e+01   5.603898e+00
6.755679e-01   4.978156e-02  -1.284633e+02   3.692083e+00
3.236137e-01   5.989685e-02  -2.142646e+02  -2.630484e+00
-2.634127e-01   5.269005e-02  -5.726606e+02  -6.896511e+01
-1.832346e+00  -1.362554e-01  -3.621068e+01  -1.762704e+02
-1.931553e+00  -6.191880e-01  -2.454923e+01  -1.754032e+02
-1.998811e+00  -1.099745e+00  -1.541180e+01  -1.724741e+02
-2.041035e+00  -1.572276e+00  -8.766115e+00  -1.688176e+02
-2.065052e+00  -2.034790e+00  -4.054538e+00  -1.651881e+02
-2.076160e+00  -2.487361e+00  -7.087475e-01  -1.618914e+02
-2.078102e+00  -2.930899e+00   1.701145e+00  -1.590042e+02
-2.073442e+00  -3.366527e+00   3.470048e+00  -1.565094e+02
-2.063935e+00  -3.795319e+00   4.794396e+00  -1.543591e+02
-2.050799e+00  -4.218221e+00   5.804903e+00  -1.525009e+02
-2.034895e+00  -4.636032e+00   6.589548e+00  -1.508870e+02
-2.016842e+00  -5.049421e+00   7.208544e+00  -1.494768e+02
-1.997092e+00  -5.458946e+00   7.703857e+00  -1.482367e+02
-1.975986e+00  -5.865074e+00   8.105283e+00  -1.471394e+02
-1.953780e+00  -6.268196e+00   8.434350e+00  -1.461627e+02
-1.930672e+00  -6.668642e+00   8.706874e+00  -1.452884e+02
-1.906817e+00  -7.066692e+00   8.934657e+00  -1.445016e+02
-1.882339e+00  -7.462587e+00   9.126628e+00  -1.437901e+02
-1.857334e+00  -7.856532e+00   9.289636e+00  -1.431439e+02
-1.831883e+00  -8.248707e+00   9.428993e+00  -1.425544e+02
-1.806051e+00  -8.639267e+00   9.548871e+00  -1.420146e+02
-1.779889e+00  -9.028348e+00   9.652575e+00  -1.415185e+02
-1.753444e+00  -9.416070e+00   9.742750e+00  -1.410611e+02
-1.726751e+00  -9.802539e+00   9.821534e+00  -1.406381e+02
-1.699843e+00  -1.018785e+01   9.890664e+00  -1.402456e+02
-1.672745e+00  -1.057208e+01   9.951566e+00  -1.398806e+02
-1.645481e+00  -1.095532e+01   1.000542e+01  -1.395403e+02
-1.618069e+00  -1.133762e+01   1.005320e+01  -1.392221e+02
-1.590526e+00  -1.171905e+01   1.009572e+01  -1.389242e+02
-1.562866e+00  -1.209966e+01   1.013368e+01  -1.386445e+02
-1.535103e+00  -1.247951e+01   1.016766e+01  -1.383814e+02
-1.507246e+00  -1.285864e+01   1.019815e+01  -1.381336e+02
-1.479306e+00  -1.323709e+01   1.022557e+01  -1.378997e+02
-1.451291e+00  -1.361490e+01   1.025028e+01  -1.376785e+02
-1.423208e+00  -1.399210e+01   1.027260e+01  -1.374691e+02
-1.395064e+00  -1.436872e+01   1.029280e+01  -1.372706e+02
-1.366864e+00  -1.474481e+01   1.031111e+01  -1.370820e+02
-1.338615e+00  -1.512038e+01   1.032772e+01  -1.369027e+02
-1.310319e+00  -1.549545e+01   1.034283e+01  -1.367321e+02
-1.281983e+00  -1.587006e+01   1.035659e+01  -1.365694e+02
-1.253609e+00  -1.624422e+01   1.036913e+01  -1.364142e+02
-1.225200e+00  -1.661796e+01   1.038057e+01  -1.362659e+02
-1.196760e+00  -1.699129e+01   1.039103e+01  -1.361241e+02
-1.168292e+00  -1.736423e+01   1.040059e+01  -1.359884e+02
-1.139797e+00  -1.773680e+01   1.040934e+01  -1.358583e+02
-1.111278e+00  -1.810902e+01   1.041735e+01  -1.357336e+02
-1.082737e+00  -1.848089e+01   1.042470e+01  -1.356139e+02
-1.054177e+00  -1.885244e+01   1.043143e+01  -1.354989e+02
-1.025597e+00  -1.922367e+01   1.043762e+01  -1.353883e+02
-9.970011e-01  -1.959459e+01   1.044329e+01  -1.352820e+02
-9.683893e-01  -1.996523e+01   1.044850e+01  -1.351795e+02
-9.397633e-01  -2.033558e+01   1.045329e+01  -1.350808e+02
-9.111242e-01  -2.070567e+01   1.045769e+01  -1.349857e+02
-8.824730e-01  -2.107549e+01   1.046173e+01  -1.348939e+02
-8.538107e-01  -2.144506e+01   1.046544e+01  -1.348052e+02
-8.251382e-01  -2.181439e+01   1.046885e+01  -1.347196e+02
-7.964565e-01  -2.218349e+01   1.047198e+01  -1.346368e+02
-7.677661e-01  -2.255236e+01   1.047486e+01  -1.345567e+02
-7.390679e-01  -2.292101e+01   1.047749e+01  -1.344792e+02
-7.103624e-01  -2.328944e+01   1.047991e+01  -1.344042e+02
-6.816503e-01  -2.365767e+01   1.048213e+01  -1.343315e+02
-6.529322e-01  -2.402570e+01   1.048416e+01  -1.342611e+02
-6.242084e-01  -2.439354e+01   1.048602e+01  -1.341928e+02
-5.954796e-01  -2.476119e+01   1.048771e+01  -1.341265e+02
-5.667462e-01  -2.512866e+01   1.048926e+01  -1.340622e+02
-5.380085e-01  -2.549596e+01   1.049067e+01  -1.339997e+02
-5.092669e-01  -2.586308e+01   1.049195e+01  -1.339390e+02
-4.805219e-01  -2.623004e+01   1.049311e+01  -1.338800e+02
-4.517736e-01  -2.659683e+01   1.049416e+01  -1.338227e+02
-4.230225e-01  -2.696347e+01   1.049511e+01  -1.337669e+02
-3.942688e-01  -2.732995e+01   1.049596e+01  -1.337126e+02
-3.655127e-01  -2.769629e+01   1.049672e+01  -1.336597e+02
-3.367546e-01  -2.806248e+01   1.049740e+01  -1.336083e+02
-3.079946e-01  -2.842853e+01   1.049800e+01  -1.335582e+02
-2.792329e-01  -2.879444e+01   1.049853e+01  -1.335093e+02
-2.504698e-01  -2.916022e+01   1.049899e+01  -1.334617e+02
-2.217054e-01  -2.952587e+01   1.049939e+01  -1.334153e+02
-1.929400e-01  -2.989139e+01   1.049973e+01  -1.333700e+02
-1.641736e-01  -3.025679e+01   1.050002e+01  -1.333258e+02
-1.354064e-01  -3.062206e+01   1.050025e+01  -1.332827e+02
-1.066386e-01  -3.098722e+01   1.050044e+01  -1.332406e+02
-7.787028e-02  -3.135227e+01   1.050058e+01  -1.331995e+02
-4.910157e-02  -3.171720e+01   1.050068e+01  -1.331593e+02
-2.033258e-02  -3.208202e+01   1.050074e+01  -1.331201e+02
8.436567e-03  -3.244673e+01   1.050076e+01  -1.330817e+02
3.720578e-02  -3.281134e+01   1.050075e+01  -1.330442e+02
6.597497e-02  -3.317584e+01   1.050071e+01  -1.330076e+02
9.474405e-02  -3.354025e+01   1.050064e+01  -1.329717e+02
1.235129e-01  -3.390455e+01   1.050054e+01  -1.329366e+02
1.522815e-01  -3.426876e+01   1.050042e+01  -1.329023e+02
1.810498e-01  -3.463288e+01   1.050027e+01  -1.328687e+02
2.098177e-01  -3.499690e+01   1.050010e+01  -1.328357e+02
2.385850e-01  -3.536083e+01   1.049990e+01  -1.328035e+02
2.673519e-01  -3.572468e+01   1.049969e+01  -1.327719e+02
2.961182e-01  -3.608844e+01   1.049946e+01  -1.327410e+02
3.248838e-01  -3.645211e+01   1.049921e+01  -1.327107e+02
3.536488e-01  -3.681570e+01   1.049894e+01  -1.326810e+02
3.824130e-01  -3.717921e+01   1.049866e+01  -1.326519e+02
4.111765e-01  -3.754264e+01   1.049837e+01  -1.326233e+02
4.399391e-01  -3.790599e+01   1.049806e+01  -1.325953e+02
4.687009e-01  -3.826927e+01   1.049775e+01  -1.325678e+02
4.974619e-01  -3.863247e+01   1.049742e+01  -1.325409e+02
5.262219e-01  -3.899559e+01   1.049707e+01  -1.325144e+02
5.549810e-01  -3.935865e+01   1.049672e+01  -1.324885e+02
5.837392e-01  -3.972163e+01   1.049637e+01  -1.324630e+02
6.124964e-01  -4.008454e+01   1.049600e+01  -1.324380e+02
6.412525e-01  -4.044739e+01   1.049562e+01  -1.324134e+02
6.700077e-01  -4.081016e+01   1.049524e+01  -1.323893e+02
6.987617e-01  -4.117287e+01   1.049485e+01  -1.323656e+02
7.275148e-01  -4.153552e+01   1.049446e+01  -1.323423e+02
7.562667e-01  -4.189810e+01   1.049406e+01  -1.323195e+02
7.850175e-01  -4.226062e+01   1.049365e+01  -1.322970e+02
8.137672e-01  -4.262308e+01   1.049324e+01  -1.322749e+02
8.425158e-01  -4.298547e+01   1.049282e+01  -1.322532e+02
8.712633e-01  -4.334781e+01   1.049241e+01  -1.322318e+02
9.000096e-01  -4.371009e+01   1.049198e+01  -1.322108e+02
9.287548e-01  -4.407231e+01   1.049156e+01  -1.321902e+02
9.574988e-01  -4.443448e+01   1.049113e+01  -1.321699e+02
9.862416e-01  -4.479659e+01   1.049070e+01  -1.321499e+02
1.014983e+00  -4.515864e+01   1.049027e+01  -1.321302e+02
1.043724e+00  -4.552064e+01   1.048983e+01  -1.321109e+02
1.072463e+00  -4.588259e+01   1.048940e+01  -1.320918e+02
1.101201e+00  -4.624448e+01   1.048896e+01  -1.320731e+02
1.129938e+00  -4.660633e+01   1.048852e+01  -1.320547e+02
1.158674e+00  -4.696812e+01   1.048808e+01  -1.320365e+02
1.187408e+00  -4.732987e+01   1.048764e+01  -1.320186e+02
1.216141e+00  -4.769156e+01   1.048720e+01  -1.320010e+02
1.244873e+00  -4.805321e+01   1.048675e+01  -1.319837e+02
1.273604e+00  -4.841481e+01   1.048631e+01  -1.319666e+02
1.302334e+00  -4.877636e+01   1.048587e+01  -1.319498e+02
1.331062e+00  -4.913786e+01   1.048543e+01  -1.319332e+02
1.359789e+00  -4.949933e+01   1.048498e+01  -1.319169e+02
1.388515e+00  -4.986074e+01   1.048454e+01  -1.319008e+02
1.417240e+00  -5.022211e+01   1.048410e+01  -1.318849e+02
1.445964e+00  -5.058344e+01   1.048366e+01  -1.318693e+02
1.474686e+00  -5.094473e+01   1.048322e+01  -1.318539e+02
1.503407e+00  -5.130597e+01   1.048278e+01  -1.318387e+02
1.532127e+00  -5.166717e+01   1.048234e+01  -1.318237e+02
1.560846e+00  -5.202833e+01   1.048190e+01  -1.318089e+02
1.589563e+00  -5.238945e+01   1.048146e+01  -1.317944e+02
1.618280e+00  -5.275053e+01   1.048103e+01  -1.317800e+02
1.646995e+00  -5.311158e+01   1.048059e+01  -1.317658e+02
1.675709e+00  -5.347258e+01   1.048016e+01  -1.317519e+02
1.704422e+00  -5.383354e+01   1.047973e+01  -1.317381e+02
1.733133e+00  -5.419447e+01   1.047930e+01  -1.317245e+02
1.761844e+00  -5.455536e+01   1.047887e+01  -1.317110e+02
1.790553e+00  -5.491621e+01   1.047844e+01  -1.316978e+02
1.819261e+00  -5.527703e+01   1.047802e+01  -1.316847e+02
1.847968e+00  -5.563781e+01   1.047759e+01  -1.316718e+02
1.876674e+00  -5.599855e+01   1.047717e+01  -1.316591e+02
1.905378e+00  -5.635926e+01   1.047675e+01  -1.316465e+02
1.934082e+00  -5.671994e+01   1.047633e+01  -1.316341e+02
1.962784e+00  -5.708058e+01   1.047591e+01  -1.316219e+02
1.991485e+00  -5.744118e+01   1.047549e+01  -1.316098e+02
2.020185e+00  -5.780176e+01   1.047508e+01  -1.315978e+02
2.048884e+00  -5.816230e+01   1.047467e+01  -1.315860e+02
2.077581e+00  -5.852281e+01   1.047426e+01  -1.315744e+02
2.106278e+00  -5.888329e+01   1.047385e+01  -1.315629e+02
2.134974e+00  -5.924374e+01   1.047344e+01  -1.315515e+02
2.163668e+00  -5.960415e+01   1.047304e+01  -1.315403e+02
2.192361e+00  -5.996454e+01   1.047263e+01  -1.315292e+02
2.221053e+00  -6.032489e+01   1.047223e+01  -1.315183e+02
2.249744e+00  -6.068521e+01   1.047184e+01  -1.315074e+02
2.278434e+00  -6.104551e+01   1.047144e+01  -1.314967e+02
2.307123e+00  -6.140577e+01   1.047104e+01  -1.314862e+02
2.335811e+00  -6.176601e+01   1.047065e+01  -1.314757e+02
2.364498e+00  -6.212622e+01   1.047026e+01  -1.314654e+02
2.393183e+00  -6.248639e+01   1.046987e+01  -1.314552e+02
2.421868e+00  -6.284655e+01   1.046949e+01  -1.314451e+02
2.450551e+00  -6.320667e+01   1.046910e+01  -1.314351e+02
2.479234e+00  -6.356677e+01   1.046872e+01  -1.314253e+02
2.507915e+00  -6.392684e+01   1.046834e+01  -1.314155e+02
2.536596e+00  -6.428688e+01   1.046796e+01  -1.314059e+02
2.565275e+00  -6.464689e+01   1.046759e+01  -1.313963e+02
2.593953e+00  -6.500688e+01   1.046721e+01  -1.313869e+02
2.622631e+00  -6.536685e+01   1.046684e+01  -1.313776e+02
2.651307e+00  -6.572679e+01   1.046647e+01  -1.313684e+02
2.679982e+00  -6.608670e+01   1.046610e+01  -1.313593e+02
2.708656e+00  -6.644659e+01   1.046574e+01  -1.313502e+02
2.737330e+00  -6.680645e+01   1.046537e+01  -1.313413e+02
2.766002e+00  -6.716629e+01   1.046501e+01  -1.313325e+02
2.794673e+00  -6.752611e+01   1.046465e+01  -1.313238e+02
2.823344e+00  -6.788590e+01   1.046429e+01  -1.313151e+02
2.852013e+00  -6.824566e+01   1.046394e+01  -1.313066e+02
2.880681e+00  -6.860541e+01   1.046359e+01  -1.312981e+02
2.909349e+00  -6.896513e+01   1.046323e+01  -1.312898e+02
2.938015e+00  -6.932483e+01   1.046289e+01  -1.312815e+02
2.966680e+00  -6.968450e+01   1.046254e+01  -1.312733e+02
2.995345e+00  -7.004416e+01   1.046219e+01  -1.312652e+02
3.024008e+00  -7.040379e+01   1.046185e+01  -1.312572e+02
3.052671e+00  -7.076340e+01   1.046151e+01  -1.312492e+02
3.081333e+00  -7.112298e+01   1.046117e+01  -1.312414e+02
3.109993e+00  -7.148255e+01   1.046083e+01  -1.312336e+02
3.138653e+00  -7.184209e+01   1.046050e+01  -1.312259e+02
3.167312e+00  -7.220161e+01   1.046016e+01  -1.312183e+02
3.195970e+00  -7.256112e+01   1.045983e+01  -1.312107e+02
3.224627e+00  -7.292060e+01   1.045950e+01  -1.312032e+02
3.253283e+00  -7.328006e+01   1.045918e+01  -1.311958e+02
3.281939e+00  -7.363950e+01   1.045885e+01  -1.311885e+02
3.310593e+00  -7.399892e+01   1.045853e+01  -1.311812e+02
3.339247e+00  -7.435832e+01   1.045821e+01  -1.311740e+02
3.367899e+00  -7.471770e+01   1.045789e+01  -1.311669e+02
3.396551e+00  -7.507706e+01   1.045757e+01  -1.311599e+02
3.425202e+00  -7.543641e+01   1.045725e+01  -1.311529e+02
3.453852e+00  -7.579573e+01   1.045694e+01  -1.311460e+02
3.482501e+00  -7.615503e+01   1.045663e+01  -1.311391e+02
3.511149e+00  -7.651432e+01   1.045632e+01  -1.311323e+02
3.539797e+00  -7.687358e+01   1.045601e+01  -1.311256e+02
3.568443e+00  -7.723283e+01   1.045570e+01  -1.311190e+02
3.597089e+00  -7.759206e+01   1.045540e+01  -1.311124e+02
3.625734e+00  -7.795127e+01   1.045509e+01  -1.311058e+02
3.654378e+00  -7.831047e+01   1.045479e+01  -1.310994e+02
3.683021e+00  -7.866965e+01   1.045449e+01  -1.310929e+02
3.711664e+00  -7.902880e+01   1.045419e+01  -1.310866e+02
3.740305e+00  -7.938795e+01   1.045390e+01  -1.310803e+02
3.768946e+00  -7.974707e+01   1.045360e+01  -1.310740e+02
3.797586e+00  -8.010618e+01   1.045331e+01  -1.310678e+02
3.826225e+00  -8.046527e+01   1.045302e+01  -1.310617e+02
3.854864e+00  -8.082434e+01   1.045273e+01  -1.310556e+02
3.883501e+00  -8.118340e+01   1.045245e+01  -1.310496e+02
3.912138e+00  -8.154244e+01   1.045216e+01  -1.310436e+02
3.940774e+00  -8.190146e+01   1.045188e+01  -1.310377e+02
3.969410e+00  -8.226047e+01   1.045159e+01  -1.310319e+02
3.998044e+00  -8.261946e+01   1.045131e+01  -1.310261e+02
4.026678e+00  -8.297843e+01   1.045103e+01  -1.310203e+02
4.055311e+00  -8.333739e+01   1.045076e+01  -1.310146e+02
4.083943e+00  -8.369634e+01   1.045048e+01  -1.310089e+02
4.112574e+00  -8.405527e+01   1.045021e+01  -1.310033e+02
4.141205e+00  -8.441418e+01   1.044993e+01  -1.309977e+02
4.169835e+00  -8.477308e+01   1.044966e+01  -1.309922e+02
4.198464e+00  -8.513196e+01   1.044939e+01  -1.309867e+02
4.227093e+00  -8.549083e+01   1.044913e+01  -1.309813e+02
4.255721e+00  -8.584968e+01   1.044886e+01  -1.309759e+02
4.284348e+00  -8.620852e+01   1.044860e+01  -1.309706e+02
4.312974e+00  -8.656734e+01   1.044833e+01  -1.309653e+02
4.341599e+00  -8.692615e+01   1.044807e+01  -1.309600e+02
4.370224e+00  -8.728495e+01   1.044781e+01  -1.309548e+02
4.398848e+00  -8.764373e+01   1.044755e+01  -1.309497e+02
4.427472e+00  -8.800249e+01   1.044730e+01  -1.309446e+02
4.456095e+00  -8.836124e+01   1.044704e+01  -1.309395e+02
4.484717e+00  -8.871998e+01   1.044679e+01  -1.309344e+02
4.513338e+00  -8.907871e+01   1.044653e+01  -1.309294e+02
4.541959e+00  -8.943742e+01   1.044628e+01  -1.309245e+02
4.570579e+00  -8.979612e+01   1.044603e+01  -1.309196e+02
4.599198e+00  -9.015480e+01   1.044579e+01  -1.309147e+02
4.627816e+00  -9.051347e+01   1.044554e+01  -1.309099e+02
4.656434e+00  -9.087213e+01   1.044529e+01  -1.309051e+02
4.685052e+00  -9.123077e+01   1.044505e+01  -1.309003e+02
4.713668e+00  -9.158940e+01   1.044481e+01  -1.308956e+02
4.742284e+00  -9.194802e+01   1.044457e+01  -1.308909e+02
4.770899e+00  -9.230663e+01   1.044433e+01  -1.308862e+02
4.799514e+00  -9.266522e+01   1.044409e+01  -1.308816e+02
4.828128e+00  -9.302380e+01   1.044385e+01  -1.308770e+02
4.856741e+00  -9.338236e+01   1.044361e+01  -1.308725e+02
4.885354e+00  -9.374092e+01   1.044338e+01  -1.308680e+02
4.913966e+00  -9.409946e+01   1.044315e+01  -1.308635e+02
4.942577e+00  -9.445799e+01   1.044291e+01  -1.308591e+02
4.971188e+00  -9.481651e+01   1.044268e+01  -1.308547e+02
4.999798e+00  -9.517502e+01   1.044245e+01  -1.308503e+02
5.028407e+00  -9.553351e+01   1.044223e+01  -1.308460e+02
5.057016e+00  -9.589199e+01   1.044200e+01  -1.308416e+02
5.085624e+00  -9.625046e+01   1.044177e+01  -1.308374e+02
5.114232e+00  -9.660892e+01   1.044155e+01  -1.308331e+02
5.142839e+00  -9.696737e+01   1.044133e+01  -1.308289e+02
5.171445e+00  -9.732580e+01   1.044111e+01  -1.308247e+02
5.200051e+00  -9.768423e+01   1.044088e+01  -1.308206e+02
5.228656e+00  -9.804264e+01   1.044067e+01  -1.308165e+02
5.257261e+00  -9.840104e+01   1.044045e+01  -1.308124e+02
5.285865e+00  -9.875943e+01   1.044023e+01  -1.308083e+02
5.314468e+00  -9.911781e+01   1.044001e+01  -1.308043e+02
5.343071e+00  -9.947618e+01   1.043980e+01  -1.308003e+02
5.371673e+00  -9.983453e+01   1.043959e+01  -1.307963e+02
5.400275e+00  -1.001929e+02   1.043937e+01  -1.307924e+02
5.428876e+00  -1.005512e+02   1.043916e+01  -1.307884e+02
5.457476e+00  -1.009095e+02   1.043895e+01  -1.307846e+02
5.486076e+00  -1.012679e+02   1.043874e+01  -1.307807e+02
5.514675e+00  -1.016262e+02   1.043854e+01  -1.307769e+02
5.543274e+00  -1.019845e+02   1.043833e+01  -1.307731e+02
5.571872e+00  -1.023427e+02   1.043813e+01  -1.307693e+02
5.600470e+00  -1.027010e+02   1.043792e+01  -1.307655e+02
5.629067e+00  -1.030593e+02   1.043772e+01  -1.307618e+02
5.657663e+00  -1.034175e+02   1.043752e+01  -1.307581e+02
5.686259e+00  -1.037758e+02   1.043731e+01  -1.307544e+02
5.714855e+00  -1.041340e+02   1.043711e+01  -1.307508e+02
5.743450e+00  -1.044922e+02   1.043692e+01  -1.307472e+02
5.772044e+00  -1.048504e+02   1.043672e+01  -1.307436e+02
5.800638e+00  -1.052086e+02   1.043652e+01  -1.307400e+02
5.829231e+00  -1.055668e+02   1.043633e+01  -1.307364e+02
5.857824e+00  -1.059250e+02   1.043613e+01  -1.307329e+02
5.886416e+00  -1.062832e+02   1.043594e+01  -1.307294e+02
5.915007e+00  -1.066413e+02   1.043574e+01  -1.307259e+02
5.943598e+00  -1.069995e+02   1.043555e+01  -1.307225e+02
5.972189e+00  -1.073576e+02   1.043536e+01  -1.307190e+02
6.000779e+00  -1.077158e+02   1.043517e+01  -1.307156e+02
6.029368e+00  -1.080739e+02   1.043498e+01  -1.307122e+02
6.057957e+00  -1.084320e+02   1.043480e+01  -1.307089e+02
6.086546e+00  -1.087901e+02   1.043461e+01  -1.307055e+02
6.115134e+00  -1.091482e+02   1.043442e+01  -1.307022e+02
6.143721e+00  -1.095063e+02   1.043424e+01  -1.306989e+02
6.172308e+00  -1.098644e+02   1.043405e+01  -1.306956e+02
6.200895e+00  -1.102224e+02   1.043387e+01  -1.306924e+02
6.229481e+00  -1.105805e+02   1.043369e+01  -1.306892e+02
6.258066e+00  -1.109386e+02   1.043351e+01  -1.306859e+02
6.286651e+00  -1.112966e+02   1.043333e+01  -1.306827e+02
6.315236e+00  -1.116546e+02   1.043315e+01  -1.306796e+02
6.343820e+00  -1.120127e+02   1.043297e+01  -1.306764e+02
6.372403e+00  -1.123707e+02   1.043279e+01  -1.306733e+02
6.400986e+00  -1.127287e+02   1.043262e+01  -1.306702e+02
6.429569e+00  -1.130867e+02   1.043244e+01  -1.306671e+02
6.458151e+00  -1.134447e+02   1.043227e+01  -1.306640e+02
6.486732e+00  -1.138027e+02   1.043209e+01  -1.306610e+02
6.515313e+00  -1.141606e+02   1.043192e+01  -1.306579e+02
6.543894e+00  -1.145186e+02   1.043175e+01  -1.306549e+02
6.572474e+00  -1.148766e+02   1.043158e+01  -1.306519e+02
6.601054e+00  -1.152345e+02   1.043141e+01  -1.306489e+02
6.629633e+00  -1.155925e+02   1.043124e+01  -1.306460e+02
6.658212e+00  -1.159504e+02   1.043107e+01  -1.306430e+02
6.686790e+00  -1.163083e+02   1.043090e+01  -1.306401e+02
6.715368e+00  -1.166662e+02   1.043073e+01  -1.306372e+02
6.743945e+00  -1.170242e+02   1.043057e+01  -1.306343e+02
6.772522e+00  -1.173821e+02   1.043040e+01  -1.306315e+02
6.801098e+00  -1.177399e+02   1.043024e+01  -1.306286e+02
6.829674e+00  -1.180978e+02   1.043007e+01  -1.306258e+02
6.858250e+00  -1.184557e+02   1.042991e+01  -1.306230e+02
6.886825e+00  -1.188136e+02   1.042975e+01  -1.306202e+02
6.915400e+00  -1.191714e+02   1.042959e+01  -1.306174e+02
6.943974e+00  -1.195293e+02   1.042943e+01  -1.306146e+02
6.972548e+00  -1.198872e+02   1.042927e+01  -1.306119e+02
7.001121e+00  -1.202450e+02   1.042911e+01  -1.306091e+02
7.029694e+00  -1.206028e+02   1.042895e+01  -1.306064e+02
7.058266e+00  -1.209607e+02   1.042879e+01  -1.306037e+02
7.086838e+00  -1.213185e+02   1.042864e+01  -1.306010e+02
7.115410e+00  -1.216763e+02   1.042848e+01  -1.305984e+02
7.143981e+00  -1.220341e+02   1.042833e+01  -1.305957e+02
7.172552e+00  -1.223919e+02   1.042817e+01  -1.305931e+02
7.201122e+00  -1.227497e+02   1.042802e+01  -1.305904e+02
7.229692e+00  -1.231075e+02   1.042787e+01  -1.305878e+02
7.258262e+00  -1.234652e+02   1.042771e+01  -1.305853e+02
7.286831e+00  -1.238230e+02   1.042756e+01  -1.305827e+02
7.315399e+00  -1.241808e+02   1.042741e+01  -1.305801e+02
7.343968e+00  -1.245385e+02   1.042726e+01  -1.305776e+02
7.372536e+00  -1.248963e+02   1.042711e+01  -1.305750e+02
7.401103e+00  -1.252540e+02   1.042696e+01  -1.305725e+02
7.429670e+00  -1.256117e+02   1.042682e+01  -1.305700e+02
7.458237e+00  -1.259695e+02   1.042667e+01  -1.305675e+02
7.486803e+00  -1.263272e+02   1.042652e+01  -1.305650e+02
7.515369e+00  -1.266849e+02   1.042638e+01  -1.305626e+02
7.543934e+00  -1.270426e+02   1.042623e+01  -1.305601e+02
7.572499e+00  -1.274003e+02   1.042609e+01  -1.305577e+02
7.601064e+00  -1.277580e+02   1.042594e+01  -1.305553e+02
7.629628e+00  -1.281157e+02   1.042580e+01  -1.305529e+02
7.658192e+00  -1.284733e+02   1.042566e+01  -1.305505e+02
7.686755e+00  -1.288310e+02   1.042551e+01  -1.305481e+02
7.715318e+00  -1.291887e+02   1.042537e+01  -1.305457e+02
7.743881e+00  -1.295463e+02   1.042523e+01  -1.305434e+02
7.772443e+00  -1.299040e+02   1.042509e+01  -1.305411e+02
7.801005e+00  -1.302616e+02   1.042495e+01  -1.305387e+02
7.829567e+00  -1.306193e+02   1.042482e+01  -1.305364e+02
7.858128e+00  -1.309769e+02   1.042468e+01  -1.305341e+02
7.886688e+00  -1.313345e+02   1.042454e+01  -1.305318e+02
7.915249e+00  -1.316922e+02   1.042440e+01  -1.305295e+02
7.943809e+00  -1.320498e+02   1.042427e+01  -1.305273e+02
7.972369e+00  -1.324074e+02   1.042413e+01  -1.305250e+02
8.000928e+00  -1.327650e+02   1.042400e+01  -1.305228e+02
8.029487e+00  -1.331226e+02   1.042386e+01  -1.305206e+02
8.058045e+00  -1.334802e+02   1.042373e+01  -1.305183e+02
8.086603e+00  -1.338378e+02   1.042360e+01  -1.305161e+02
8.115161e+00  -1.341953e+02   1.042346e+01  -1.305140e+02
8.143719e+00  -1.345529e+02   1.042333e+01  -1.305118e+02
8.172276e+00  -1.349105e+02   1.042320e+01  -1.305096e+02
8.200832e+00  -1.352680e+02   1.042307e+01  -1.305074e+02
8.229389e+00  -1.356256e+02   1.042294e+01  -1.305053e+02
8.257945e+00  -1.359832e+02   1.042281e+01  -1.305032e+02
8.286500e+00  -1.363407e+02   1.042268e+01  -1.305010e+02
8.315056e+00  -1.366982e+02   1.042255e+01  -1.304989e+02
8.343611e+00  -1.370558e+02   1.042242e+01  -1.304968e+02
8.372165e+00  -1.374133e+02   1.042230e+01  -1.304947e+02
8.400719e+00  -1.377708e+02   1.042217e+01  -1.304927e+02
8.429273e+00  -1.381283e+02   1.042204e+01  -1.304906e+02
8.457827e+00  -1.384858e+02   1.042192e+01  -1.304885e+02
8.486380e+00  -1.388433e+02   1.042179e+01  -1.304865e+02
8.514933e+00  -1.392008e+02   1.042167e+01  -1.304844e+02
8.543485e+00  -1.395583e+02   1.042155e+01  -1.304824e+02
8.572038e+00  -1.399158e+02   1.042142e+01  -1.304804e+02
8.600589e+00  -1.402733e+02   1.042130e+01  -1.304784e+02
8.629141e+00  -1.406308e+02   1.042118e+01  -1.304764e+02
8.657692e+00  -1.409882e+02   1.042106e+01  -1.304744e+02
8.686243e+00  -1.413457e+02   1.042093e+01  -1.304724e+02
8.714794e+00  -1.417032e+02   1.042081e+01  -1.304705e+02
8.743344e+00  -1.420606e+02   1.042069e+01  -1.304685e+02
8.771894e+00  -1.424181e+02   1.042057e+01  -1.304666e+02
8.800443e+00  -1.427755e+02   1.042045e+01  -1.304646e+02
8.828992e+00  -1.431329e+02   1.042034e+01  -1.304627e+02
8.857541e+00  -1.434904e+02   1.042022e+01  -1.304608e+02
8.886090e+00  -1.438478e+02   1.042010e+01  -1.304589e+02
8.914638e+00  -1.442052e+02   1.041998e+01  -1.304570e+02
8.943186e+00  -1.445626e+02   1.041987e+01  -1.304551e+02
8.971733e+00  -1.449200e+02   1.041975e+01  -1.304532e+02
9.000281e+00  -1.452775e+02   1.041963e+01  -1.304514e+02
9.028828e+00  -1.456349e+02   1.041952e+01  -1.304495e+02
9.057374e+00  -1.459922e+02   1.041940e+01  -1.304477e+02
9.085920e+00  -1.463496e+02   1.041929e+01  -1.304458e+02
9.114466e+00  -1.467070e+02   1.041918e+01  -1.304440e+02
9.143012e+00  -1.470644e+02   1.041906e+01  -1.304422e+02
9.171558e+00  -1.474218e+02   1.041895e+01  -1.304403e+02
9.200103e+00  -1.477792e+02   1.041884e+01  -1.304385e+02
9.228647e+00  -1.481365e+02   1.041873e+01  -1.304367e+02
9.257192e+00  -1.484939e+02   1.041861e+01  -1.304350e+02
9.285736e+00  -1.488512e+02   1.041850e+01  -1.304332e+02
9.314280e+00  -1.492086e+02   1.041839e+01  -1.304314e+02
9.342823e+00  -1.495659e+02   1.041828e+01  -1.304296e+02
9.371367e+00  -1.499233e+02   1.041817e+01  -1.304279e+02
9.399910e+00  -1.502806e+02   1.041806e+01  -1.304261e+02
9.428452e+00  -1.506379e+02   1.041796e+01  -1.304244e+02
9.456995e+00  -1.509953e+02   1.041785e+01  -1.304227e+02
9.485537e+00  -1.513526e+02   1.041774e+01  -1.304209e+02
9.514078e+00  -1.517099e+02   1.041763e+01  -1.304192e+02
9.542620e+00  -1.520672e+02   1.041752e+01  -1.304175e+02
9.571161e+00  -1.524245e+02   1.041742e+01  -1.304158e+02
9.599702e+00  -1.527818e+02   1.041731e+01  -1.304141e+02
9.628242e+00  -1.531391e+02   1.041721e+01  -1.304125e+02
9.656783e+00  -1.534964e+02   1.041710e+01  -1.304108e+02
9.685323e+00  -1.538537e+02   1.041700e+01  -1.304091e+02
9.713862e+00  -1.542110e+02   1.041689e+01  -1.304075e+02
9.742402e+00  -1.545683e+02   1.041679e+01  -1.304058e+02
9.770941e+00  -1.549256e+02   1.041668e+01  -1.304042e+02
9.799480e+00  -1.552828e+02   1.041658e+01  -1.304025e+02
9.828018e+00  -1.556401e+02   1.041648e+01  -1.304009e+02
9.856557e+00  -1.559974e+02   1.041638e+01  -1.303993e+02
9.885095e+00  -1.563546e+02   1.041627e+01  -1.303977e+02
9.913632e+00  -1.567119e+02   1.041617e+01  -1.303961e+02
9.942170e+00  -1.570691e+02   1.041607e+01  -1.303945e+02
9.970707e+00  -1.574264e+02   1.041597e+01  -1.303929e+02
9.999244e+00  -1.577836e+02   1.041587e+01  -1.303913e+02
1.002778e+01  -1.581408e+02   1.041577e+01  -1.303897e+02
1.005632e+01  -1.584981e+02   1.041567e+01  -1.303882e+02
1.008485e+01  -1.588553e+02   1.041557e+01  -1.303866e+02
1.011339e+01  -1.592125e+02   1.041547e+01  -1.303850e+02
1.014192e+01  -1.595697e+02   1.041538e+01  -1.303835e+02
1.017046e+01  -1.599270e+02   1.041528e+01  -1.303819e+02
1.019899e+01  -1.602842e+02   1.041518e+01  -1.303804e+02
1.022753e+01  -1.606414e+02   1.041508e+01  -1.303789e+02
1.025606e+01  -1.609986e+02   1.041499e+01  -1.303774e+02
1.028460e+01  -1.613558e+02   1.041489e+01  -1.303759e+02
1.031313e+01  -1.617130e+02   1.041479e+01  -1.303743e+02
1.034167e+01  -1.620702e+02   1.041470e+01  -1.303728e+02
1.037020e+01  -1.624274e+02   1.041460e+01  -1.303714e+02
1.039873e+01  -1.627845e+02   1.041451e+01  -1.303699e+02
1.042727e+01  -1.631417e+02   1.041441e+01  -1.303684e+02
1.045580e+01  -1.634989e+02   1.041432e+01  -1.303669e+02
1.048433e+01  -1.638561e+02   1.041423e+01  -1.303654e+02
1.051286e+01  -1.642132e+02   1.041413e+01  -1.303640e+02
1.054139e+01  -1.645704e+02   1.041404e+01  -1.303625e+02
1.056993e+01  -1.649275e+02   1.041395e+01  -1.303611e+02
1.059846e+01  -1.652847e+02   1.041385e+01  -1.303596e+02
1.062699e+01  -1.656418e+02   1.041376e+01  -1.303582e+02
1.065552e+01  -1.659990e+02   1.041367e+01  -1.303568e+02
1.068405e+01  -1.663561e+02   1.041358e+01  -1.303553e+02
1.071258e+01  -1.667133e+02   1.041349e+01  -1.303539e+02
1.074111e+01  -1.670704e+02   1.041340e+01  -1.303525e+02
1.076964e+01  -1.674275e+02   1.041331e+01  -1.303511e+02
1.079817e+01  -1.677847e+02   1.041322e+01  -1.303497e+02
1.082670e+01  -1.681418e+02   1.041313e+01  -1.303483e+02
1.085523e+01  -1.684989e+02   1.041304e+01  -1.303469e+02
1.088376e+01  -1.688560e+02   1.041295e+01  -1.303455e+02
1.091229e+01  -1.692131e+02   1.041286e+01  -1.303442e+02
1.094081e+01  -1.695702e+02   1.041277e+01  -1.303428e+02
1.096934e+01  -1.699273e+02   1.041268e+01  -1.303414e+02
1.099787e+01  -1.702844e+02   1.041259e+01  -1.303401e+02
1.102640e+01  -1.706415e+02   1.041251e+01  -1.303387e+02
1.105493e+01  -1.709986e+02   1.041242e+01  -1.303374e+02
1.108345e+01  -1.713557e+02   1.041233e+01  -1.303360e+02
1.111198e+01  -1.717128e+02   1.041225e+01  -1.303347e+02
1.114051e+01  -1.720699e+02   1.041216e+01  -1.303334e+02
1.116903e+01  -1.724270e+02   1.041208e+01  -1.303320e+02
1.119756e+01  -1.727840e+02   1.041199e+01  -1.303307e+02
1.122608e+01  -1.731411e+02   1.041190e+01  -1.303294e+02
1.125461e+01  -1.734982e+02   1.041182e+01  -1.303281e+02
1.128314e+01  -1.738552e+02   1.041174e+01  -1.303268e+02
1.131166e+01  -1.742123e+02   1.041165e+01  -1.303255e+02
1.134019e+01  -1.745693e+02   1.041157e+01  -1.303242e+02
1.136871e+01  -1.749264e+02   1.041148e+01  -1.303229e+02
1.139724e+01  -1.752835e+02   1.041140e+01  -1.303216e+02
1.142576e+01  -1.756405e+02   1.041132e+01  -1.303204e+02
1.145428e+01  -1.759975e+02   1.041123e+01  -1.303191e+02
1.148281e+01  -1.763546e+02   1.041115e+01  -1.303178e+02
1.151133e+01  -1.767116e+02   1.041107e+01  -1.303166e+02
1.153986e+01  -1.770686e+02   1.041099e+01  -1.303153e+02
1.156838e+01  -1.774257e+02   1.041091e+01  -1.303141e+02
1.159690e+01  -1.777827e+02   1.041083e+01  -1.303128e+02
1.162542e+01  -1.781397e+02   1.041074e+01  -1.303116e+02
1.165395e+01  -1.784967e+02   1.041066e+01  -1.303103e+02
1.168247e+01  -1.788538e+02   1.041058e+01  -1.303091e+02
1.171099e+01  -1.792108e+02   1.041050e+01  -1.303079e+02
1.173951e+01  -1.795678e+02   1.041042e+01  -1.303067e+02
1.176804e+01  -1.799248e+02   1.041034e+01  -1.303054e+02
1.179656e+01  -1.802818e+02   1.041026e+01  -1.303042e+02
1.182508e+01  -1.806388e+02   1.041019e+01  -1.303030e+02
1.185360e+01  -1.809958e+02   1.041011e+01  -1.303018e+02
1.188212e+01  -1.813528e+02   1.041003e+01  -1.303006e+02
1.191064e+01  -1.817097e+02   1.040995e+01  -1.302994e+02
1.193916e+01  -1.820667e+02   1.040987e+01  -1.302982e+02
1.196768e+01  -1.824237e+02   1.040979e+01  -1.302971e+02
1.199620e+01  -1.827807e+02   1.040972e+01  -1.302959e+02
1.202472e+01  -1.831377e+02   1.040964e+01  -1.302947e+02
1.205324e+01  -1.834946e+02   1.040956e+01  -1.302935e+02
1.208176e+01  -1.838516e+02   1.040949e+01  -1.302924e+02
1.211028e+01  -1.842086e+02   1.040941e+01  -1.302912e+02
1.213880e+01  -1.845655e+02   1.040933e+01  -1.302900e+02
1.216732e+01  -1.849225e+02   1.040926e+01  -1.302889e+02
1.219584e+01  -1.852794e+02   1.040918e+01  -1.302877e+02
1.222435e+01  -1.856364e+02   1.040911e+01  -1.302866e+02
1.225287e+01  -1.859934e+02   1.040903e+01  -1.302855e+02
1.228139e+01  -1.863503e+02   1.040896e+01  -1.302843e+02
1.230991e+01  -1.867072e+02   1.040888e+01  -1.302832e+02
1.233842e+01  -1.870642e+02   1.040881e+01  -1.302821e+02
1.236694e+01  -1.874211e+02   1.040874e+01  -1.302810e+02
1.239546e+01  -1.877781e+02   1.040866e+01  -1.302798e+02
1.242398e+01  -1.881350e+02   1.040859e+01  -1.302787e+02
1.245249e+01  -1.884919e+02   1.040852e+01  -1.302776e+02
1.248101e+01  -1.888488e+02   1.040844e+01  -1.302765e+02
1.250953e+01  -1.892058e+02   1.040837e+01  -1.302754e+02
1.253804e+01  -1.895627e+02   1.040830e+01  -1.302743e+02
1.256656e+01  -1.899196e+02   1.040823e+01  -1.302732e+02
1.259507e+01  -1.902765e+02   1.040815e+01  -1.302721e+02
1.262359e+01  -1.906334e+02   1.040808e+01  -1.302711e+02
1.265210e+01  -1.909903e+02   1.040801e+01  -1.302700e+02
1.268062e+01  -1.913472e+02   1.040794e+01  -1.302689e+02
1.270913e+01  -1.917041e+02   1.040787e+01  -1.302678e+02
1.273765e+01  -1.920610e+02   1.040780e+01  -1.302668e+02
1.276616e+01  -1.924179e+02   1.040773e+01  -1.302657e+02
1.279468e+01  -1.927748e+02   1.040766e+01  -1.302646e+02
1.282319e+01  -1.931317e+02   1.040759e+01  -1.302636e+02
1.285171e+01  -1.934886e+02   1.040752e+01  -1.302625e+02
1.288022e+01  -1.938455e+02   1.040745e+01  -1.302615e+02
1.290873e+01  -1.942024e+02   1.040738e+01  -1.302604e+02
1.293725e+01  -1.945592e+02   1.040731e+01  -1.302594e+02
1.296576e+01  -1.949161e+02   1.040724e+01  -1.302584e+02
1.299427e+01  -1.952730e+02   1.040717e+01  -1.302573e+02
1.302279e+01  -1.956299e+02   1.040710e+01  -1.302563e+02
1.305130e+01  -1.959867e+02   1.040703e+01  -1.302553e+02
1.307981e+01  -1.963436e+02   1.040697e+01  -1.302543e+02
1.310832e+01  -1.967004e+02   1.040690e+01  -1.302532e+02
1.313683e+01  -1.970573e+02   1.040683e+01  -1.302522e+02
1.316535e+01  -1.974142e+02   1.040676e+01  -1.302512e+02
1.319386e+01  -1.977710e+02   1.040670e+01  -1.302502e+02
1.322237e+01  -1.981279e+02   1.040663e+01  -1.302492e+02
1.325088e+01  -1.984847e+02   1.040656e+01  -1.302482e+02
1.327939e+01  -1.988415e+02   1.040650e+01  -1.302472e+02
1.330790e+01  -1.991984e+02   1.040643e+01  -1.302462e+02
1.333641e+01  -1.995552e+02   1.040636e+01  -1.302452e+02
1.336492e+01  -1.999121e+02   1.040630e+01  -1.302443e+02
1.339343e+01  -2.002689e+02   1.040623e+01  -1.302433e+02
1.342194e+01  -2.006257e+02   1.040617e+01  -1.302423e+02
1.345045e+01  -2.009826e+02   1.040610e+01  -1.302413e+02
1.347896e+01  -2.013394e+02   1.040604e+01  -1.302404e+02
1.350747e+01  -2.016962e+02   1.040597e+01  -1.302394e+02
1.353598e+01  -2.020530e+02   1.040591e+01  -1.302384e+02
1.356449e+01  -2.024098e+02   1.040584e+01  -1.302375e+02
1.359300e+01  -2.027667e+02   1.040578e+01  -1.302365e+02
1.362151e+01  -2.031235e+02   1.040572e+01  -1.302355e+02
1.365002e+01  -2.034803e+02   1.040565e+01  -1.302346e+02
1.367853e+01  -2.038371e+02   1.040559e+01  -1.302337e+02
1.370704e+01  -2.041939e+02   1.040553e+01  -1.302327e+02
1.373555e+01  -2.045507e+02   1.040546e+01  -1.302318e+02
1.376405e+01  -2.049075e+02   1.040540e+01  -1.302308e+02
1.379256e+01  -2.052643e+02   1.040534e+01  -1.302299e+02
1.382107e+01  -2.056211e+02   1.040527e+01  -1.302290e+02
1.384958e+01  -2.059779e+02   1.040521e+01  -1.302280e+02
1.387808e+01  -2.063347e+02   1.040515e+01  -1.302271e+02
1.390659e+01  -2.066915e+02   1.040509e+01  -1.302262e+02
1.393510e+01  -2.070482e+02   1.040503e+01  -1.302253e+02
1.396361e+01  -2.074050e+02   1.040496e+01  -1.302244e+02
1.399211e+01  -2.077618e+02   1.040490e+01  -1.302234e+02
1.402062e+01  -2.081186e+02   1.040484e+01  -1.302225e+02
1.404913e+01  -2.084753e+02   1.040478e+01  -1.302216e+02
1.407763e+01  -2.088321e+02   1.040472e+01  -1.302207e+02
1.410614e+01  -2.091889e+02   1.040466e+01  -1.302198e+02
1.413464e+01  -2.095457e+02   1.040460e+01  -1.302189e+02
1.416315e+01  -2.099024e+02   1.040454e+01  -1.302180e+02
1.419166e+01  -2.102592e+02   1.040448e+01  -1.302172e+02
1.422016e+01  -2.106159e+02   1.040442e+01  -1.302163e+02
1.424867e+01  -2.109727e+02   1.040436e+01  -1.302154e+02
1.427717e+01  -2.113295e+02   1.040430e+01  -1.302145e+02
1.430568e+01  -2.116862e+02   1.040424e+01  -1.302136e+02
1.433418e+01  -2.120430e+02   1.040418e+01  -1.302128e+02
1.436269e+01  -2.123997e+02   1.040412e+01  -1.302119e+02
1.439119e+01  -2.127564e+02   1.040406e+01  -1.302110e+02
1.441969e+01  -2.131132e+02   1.040401e+01  -1.302101e+02
1.444820e+01  -2.134699e+02   1.040395e+01  -1.302093e+02
1.447670e+01  -2.138267e+02   1.040389e+01  -1.302084e+02
1.450521e+01  -2.141834e+02   1.040383e+01  -1.302076e+02
1.453371e+01  -2.145401e+02   1.040377e+01  -1.302067e+02
1.456221e+01  -2.148969e+02   1.040371e+01  -1.302059e+02
1.459072e+01  -2.152536e+02   1.040366e+01  -1.302050e+02
1.461922e+01  -2.156103e+02   1.040360e+01  -1.302042e+02
1.464772e+01  -2.159670e+02   1.040354e+01  -1.302033e+02
1.467623e+01  -2.163238e+02   1.040349e+01  -1.302025e+02
1.470473e+01  -2.166805e+02   1.040343e+01  -1.302016e+02
1.473323e+01  -2.170372e+02   1.040337e+01  -1.302008e+02
1.476173e+01  -2.173939e+02   1.040332e+01  -1.302000e+02
1.479024e+01  -2.177506e+02   1.040326e+01  -1.301991e+02
1.481874e+01  -2.181073e+02   1.040320e+01  -1.301983e+02
1.484724e+01  -2.184640e+02   1.040315e+01  -1.301975e+02
1.487574e+01  -2.188208e+02   1.040309e+01  -1.301967e+02
1.490424e+01  -2.191775e+02   1.040304e+01  -1.301958e+02
1.493274e+01  -2.195342e+02   1.040298e+01  -1.301950e+02
1.496125e+01  -2.198909e+02   1.040292e+01  -1.301942e+02
1.498975e+01  -2.202476e+02   1.040287e+01  -1.301934e+02
1.501825e+01  -2.206042e+02   1.040281e+01  -1.301926e+02
1.504675e+01  -2.209609e+02   1.040276e+01  -1.301918e+02
1.507525e+01  -2.213176e+02   1.040271e+01  -1.301910e+02
1.510375e+01  -2.216743e+02   1.040265e+01  -1.301902e+02
1.513225e+01  -2.220310e+02   1.040260e+01  -1.301894e+02
1.516075e+01  -2.223877e+02   1.040254e+01  -1.301886e+02
1.518925e+01  -2.227444e+02   1.040249e+01  -1.301878e+02
1.521775e+01  -2.231010e+02   1.040243e+01  -1.301870e+02
1.524625e+01  -2.234577e+02   1.040238e+01  -1.301862e+02
1.527475e+01  -2.238144e+02   1.040233e+01  -1.301854e+02
1.530325e+01  -2.241711e+02   1.040227e+01  -1.301847e+02
1.533175e+01  -2.245277e+02   1.040222e+01  -1.301839e+02
1.536025e+01  -2.248844e+02   1.040217e+01  -1.301831e+02
1.538875e+01  -2.252411e+02   1.040211e+01  -1.301823e+02
1.541725e+01  -2.255977e+02   1.040206e+01  -1.301816e+02
1.544574e+01  -2.259544e+02   1.040201e+01  -1.301808e+02
1.547424e+01  -2.263111e+02   1.040196e+01  -1.301800e+02
1.550274e+01  -2.266677e+02   1.040190e+01  -1.301793e+02
1.553124e+01  -2.270244e+02   1.040185e+01  -1.301785e+02
1.555974e+01  -2.273810e+02   1.040180e+01  -1.301777e+02
1.558824e+01  -2.277377e+02   1.040175e+01  -1.301770e+02
1.561673e+01  -2.280943e+02   1.040170e+01  -1.301762e+02
1.564523e+01  -2.284510e+02   1.040164e+01  -1.301755e+02
1.567373e+01  -2.288076e+02   1.040159e+01  -1.301747e+02
1.570223e+01  -2.291643e+02   1.040154e+01  -1.301740e+02
1.573073e+01  -2.295209e+02   1.040149e+01  -1.301732e+02
1.575922e+01  -2.298775e+02   1.040144e+01  -1.301725e+02
1.578772e+01  -2.302342e+02   1.040139e+01  -1.301717e+02
1.581622e+01  -2.305908e+02   1.040134e+01  -1.301710e+02
1.584471e+01  -2.309474e+02   1.040129e+01  -1.301703e+02
1.587321e+01  -2.313041e+02   1.040124e+01  -1.301695e+02
1.590171e+01  -2.316607e+02   1.040119e+01  -1.301688e+02
1.593020e+01  -2.320173e+02   1.040114e+01  -1.301681e+02
1.595870e+01  -2.323740e+02   1.040109e+01  -1.301673e+02
1.598720e+01  -2.327306e+02   1.040104e+01  -1.301666e+02
1.601569e+01  -2.330872e+02   1.040099e+01  -1.301659e+02
1.604419e+01  -2.334438e+02   1.040094e+01  -1.301652e+02
1.607268e+01  -2.338004e+02   1.040089e+01  -1.301644e+02
1.610118e+01  -2.341570e+02   1.040084e+01  -1.301637e+02
1.612967e+01  -2.345137e+02   1.040079e+01  -1.301630e+02
1.615817e+01  -2.348703e+02   1.040074e+01  -1.301623e+02
1.618666e+01  -2.352269e+02   1.040069e+01  -1.301616e+02
1.621516e+01  -2.355835e+02   1.040064e+01  -1.301609e+02
1.624365e+01  -2.359401e+02   1.040059e+01  -1.301602e+02
1.627215e+01  -2.362967e+02   1.040055e+01  -1.301595e+02
1.630064e+01  -2.366533e+02   1.040050e+01  -1.301588e+02
1.632914e+01  -2.370099e+02   1.040045e+01  -1.301581e+02
1.635763e+01  -2.373665e+02   1.040040e+01  -1.301574e+02
1.638613e+01  -2.377231e+02   1.040035e+01  -1.301567e+02
1.641462e+01  -2.380797e+02   1.040031e+01  -1.301560e+02
1.644311e+01  -2.384363e+02   1.040026e+01  -1.301553e+02
1.647161e+01  -2.387929e+02   1.040021e+01  -1.301546e+02
1.650010e+01  -2.391495e+02   1.040016e+01  -1.301539e+02
1.652860e+01  -2.395060e+02   1.040012e+01  -1.301532e+02
1.655709e+01  -2.398626e+02   1.040007e+01  -1.301525e+02
1.658558e+01  -2.402192e+02   1.040002e+01  -1.301519e+02
1.661408e+01  -2.405758e+02   1.039997e+01  -1.301512e+02
1.664257e+01  -2.409324e+02   1.039993e+01  -1.301505e+02
1.667106e+01  -2.412889e+02   1.039988e+01  -1.301498e+02
1.669955e+01  -2.416455e+02   1.039983e+01  -1.301491e+02
1.672805e+01  -2.420021e+02   1.039979e+01  -1.301485e+02
1.675654e+01  -2.423587e+02   1.039974e+01  -1.301478e+02
1.678503e+01  -2.427152e+02   1.039970e+01  -1.301471e+02
1.681352e+01  -2.430718e+02   1.039965e+01  -1.301465e+02
1.684202e+01  -2.434284e+02   1.039960e+01  -1.301458e+02
1.687051e+01  -2.437849e+02   1.039956e+01  -1.301451e+02
1.689900e+01  -2.441415e+02   1.039951e+01  -1.301445e+02
1.692749e+01  -2.444981e+02   1.039947e+01  -1.301438e+02
1.695598e+01  -2.448546e+02   1.039942e+01  -1.301432e+02
1.698448e+01  -2.452112e+02   1.039938e+01  -1.301425e+02
1.701297e+01  -2.455677e+02   1.039933e+01  -1.301419e+02
1.704146e+01  -2.459243e+02   1.039929e+01  -1.301412e+02
1.706995e+01  -2.462808e+02   1.039924e+01  -1.301406e+02
1.709844e+01  -2.466374e+02   1.039920e+01  -1.301399e+02
1.712693e+01  -2.469939e+02   1.039915e+01  -1.301393e+02
1.715542e+01  -2.473505e+02   1.039911e+01  -1.301386e+02
1.718391e+01  -2.477070e+02   1.039906e+01  -1.301380e+02
1.721240e+01  -2.480636e+02   1.039902e+01  -1.301374e+02
1.724089e+01  -2.484201e+02   1.039897e+01  -1.301367e+02
1.726939e+01  -2.487766e+02   1.039893e+01  -1.301361e+02
1.729788e+01  -2.491332e+02   1.039889e+01  -1.301355e+02
1.732637e+01  -2.494897e+02   1.039884e+01  -1.301348e+02
1.735486e+01  -2.498462e+02   1.039880e+01  -1.301342e+02
1.738335e+01  -2.502028e+02   1.039875e+01  -1.301336e+02
1.741184e+01  -2.505593e+02   1.039871e+01  -1.301329e+02
1.744032e+01  -2.509158e+02   1.039867e+01  -1.301323e+02
1.746881e+01  -2.512724e+02   1.039862e+01  -1.301317e+02
1.749730e+01  -2.516289e+02   1.039858e+01  -1.301311e+02
1.752579e+01  -2.519854e+02   1.039854e+01  -1.301305e+02
1.755428e+01  -2.523419e+02   1.039850e+01  -1.301298e+02
1.758277e+01  -2.526984e+02   1.039845e+01  -1.301292e+02
1.761126e+01  -2.530550e+02   1.039841e+01  -1.301286e+02
1.763975e+01  -2.534115e+02   1.039837e+01  -1.301280e+02
1.766824e+01  -2.537680e+02   1.039832e+01  -1.301274e+02
1.769673e+01  -2.541245e+02   1.039828e+01  -1.301268e+02
1.772521e+01  -2.544810e+02   1.039824e+01  -1.301262e+02
1.775370e+01  -2.548375e+02   1.039820e+01  -1.301256e+02
1.778219e+01  -2.551940e+02   1.039816e+01  -1.301250e+02
1.781068e+01  -2.555505e+02   1.039811e+01  -1.301244e+02
1.783917e+01  -2.559071e+02   1.039807e+01  -1.301238e+02
1.786765e+01  -2.562636e+02   1.039803e+01  -1.301232e+02
1.789614e+01  -2.566201e+02   1.039799e+01  -1.301226e+02
1.792463e+01  -2.569766e+02   1.039795e+01  -1.301220e+02
1.795312e+01  -2.573331e+02   1.039791e+01  -1.301214e+02
1.798161e+01  -2.576896e+02   1.039786e+01  -1.301208e+02
1.801009e+01  -2.580461e+02   1.039782e+01  -1.301202e+02
1.803858e+01  -2.584025e+02   1.039778e+01  -1.301196e+02
1.806707e+01  -2.587590e+02   1.039774e+01  -1.301190e+02
1.809555e+01  -2.591155e+02   1.039770e+01  -1.301184e+02
1.812404e+01  -2.594720e+02   1.039766e+01  -1.301178e+02
1.815253e+01  -2.598285e+02   1.039762e+01  -1.301173e+02
1.818101e+01  -2.601850e+02   1.039758e+01  -1.301167e+02
1.820950e+01  -2.605415e+02   1.039754e+01  -1.301161e+02
1.823799e+01  -2.608980e+02   1.039750e+01  -1.301155e+02
1.826647e+01  -2.612544e+02   1.039746e+01  -1.301150e+02
1.829496e+01  -2.616109e+02   1.039742e+01  -1.301144e+02
