Method       t0       tn       N         h
 Euler        0        2     366   0.00548

rx  -  ry  -  vx  -  vy
1.000000e+00   0.000000e+00   0.000000e+00   6.283185e+00
1.000000e+00   3.442841e-02  -2.163201e-01   6.283185e+00
9.988147e-01   6.885683e-02  -4.322562e-01   6.275751e+00
9.964462e-01   1.032445e-01  -6.475533e-01   6.260909e+00
9.928979e-01   1.375509e-01  -8.619573e-01   6.238694e+00
9.881749e-01   1.717355e-01  -1.075215e+00   6.209150e+00
9.822833e-01   2.057582e-01  -1.287073e+00   6.172331e+00
9.752308e-01   2.395792e-01  -1.497281e+00   6.128299e+00
9.670266e-01   2.731589e-01  -1.705589e+00   6.077125e+00
9.576809e-01   3.064582e-01  -1.911752e+00   6.018890e+00
9.472055e-01   3.394385e-01  -2.115525e+00   5.953682e+00
9.356136e-01   3.720614e-01  -2.316667e+00   5.881602e+00
9.229195e-01   4.042893e-01  -2.514940e+00   5.802755e+00
9.091390e-01   4.360853e-01  -2.710110e+00   5.717260e+00
8.942891e-01   4.674127e-01  -2.901948e+00   5.625241e+00
8.783880e-01   4.982359e-01  -3.090230e+00   5.526833e+00
8.614553e-01   5.285200e-01  -3.274735e+00   5.422179e+00
8.435115e-01   5.582305e-01  -3.455249e+00   5.311430e+00
8.245786e-01   5.873343e-01  -3.631564e+00   5.194746e+00
8.046797e-01   6.157986e-01  -3.803478e+00   5.072294e+00
7.838387e-01   6.435920e-01  -3.970797e+00   4.944250e+00
7.620809e-01   6.706838e-01  -4.133331e+00   4.810797e+00
7.394325e-01   6.970443e-01  -4.290901e+00   4.672124e+00
7.159207e-01   7.226450e-01  -4.443333e+00   4.528430e+00
6.915737e-01   7.474583e-01  -4.590464e+00   4.379918e+00
6.664205e-01   7.714579e-01  -4.732137e+00   4.226796e+00
6.404909e-01   7.946184e-01  -4.868205e+00   4.069282e+00
6.138158e-01   8.169158e-01  -4.998531e+00   3.907595e+00
5.864266e-01   8.383273e-01  -5.122985e+00   3.741962e+00
5.583555e-01   8.588312e-01  -5.241448e+00   3.572612e+00
5.296352e-01   8.784072e-01  -5.353812e+00   3.399780e+00
5.002993e-01   8.970361e-01  -5.459976e+00   3.223705e+00
4.703816e-01   9.147002e-01  -5.559853e+00   3.044626e+00
4.399166e-01   9.313831e-01  -5.653363e+00   2.862787e+00
4.089393e-01   9.470696e-01  -5.740438e+00   2.678433e+00
3.774848e-01   9.617460e-01  -5.821020e+00   2.491812e+00
3.455888e-01   9.753997e-01  -5.895062e+00   2.303171e+00
3.132871e-01   9.880198e-01  -5.962526e+00   2.112759e+00
2.806158e-01   9.995966e-01  -6.023386e+00   1.920824e+00
2.476109e-01   1.010122e+00  -6.077625e+00   1.727613e+00
2.143089e-01   1.019588e+00  -6.125239e+00   1.533374e+00
1.807459e-01   1.027990e+00  -6.166231e+00   1.338352e+00
1.469583e-01   1.035324e+00  -6.200616e+00   1.142790e+00
1.129824e-01   1.041585e+00  -6.228417e+00   9.469280e-01
7.885405e-02   1.046774e+00  -6.249669e+00   7.510043e-01
4.460928e-02   1.050889e+00  -6.264415e+00   5.552530e-01
1.028372e-02   1.053932e+00  -6.272708e+00   3.599044e-01
-2.408728e-02   1.055904e+00  -6.274608e+00   1.651847e-01
-5.846870e-02   1.056809e+00  -6.270185e+00  -2.868476e-02
-9.282588e-02   1.056652e+00  -6.259518e+00  -2.214874e-01
-1.271246e-01   1.055438e+00  -6.242693e+00  -4.130122e-01
-1.613311e-01   1.053175e+00  -6.219803e+00  -6.030538e-01
-1.954123e-01   1.049871e+00  -6.190949e+00  -7.914125e-01
-2.293353e-01   1.045534e+00  -6.156239e+00  -9.778953e-01
-2.630681e-01   1.040176e+00  -6.115787e+00  -1.162315e+00
-2.965792e-01   1.033807e+00  -6.069713e+00  -1.344493e+00
-3.298379e-01   1.026440e+00  -6.018143e+00  -1.524254e+00
-3.628141e-01   1.018088e+00  -5.961208e+00  -1.701433e+00
-3.954782e-01   1.008765e+00  -5.899044e+00  -1.875871e+00
-4.278018e-01   9.984860e-01  -5.831791e+00  -2.047417e+00
-4.597568e-01   9.872673e-01  -5.759593e+00  -2.215926e+00
-4.913162e-01   9.751252e-01  -5.682599e+00  -2.381260e+00
-5.224537e-01   9.620772e-01  -5.600959e+00  -2.543292e+00
-5.531439e-01   9.481414e-01  -5.514828e+00  -2.701899e+00
-5.833621e-01   9.333364e-01  -5.424362e+00  -2.856967e+00
-6.130847e-01   9.176818e-01  -5.329719e+00  -3.008389e+00
-6.422886e-01   9.011975e-01  -5.231059e+00  -3.156065e+00
-6.709520e-01   8.839040e-01  -5.128544e+00  -3.299904e+00
-6.990536e-01   8.658223e-01  -5.022337e+00  -3.439821e+00
-7.265732e-01   8.469740e-01  -4.912599e+00  -3.575738e+00
-7.534916e-01   8.273809e-01  -4.799495e+00  -3.707585e+00
-7.797902e-01   8.070654e-01  -4.683187e+00  -3.835298e+00
-8.054515e-01   7.860500e-01  -4.563839e+00  -3.958821e+00
-8.304588e-01   7.643579e-01  -4.441613e+00  -4.078103e+00
-8.547964e-01   7.420121e-01  -4.316671e+00  -4.193100e+00
-8.784494e-01   7.190362e-01  -4.189173e+00  -4.303776e+00
-9.014038e-01   6.954539e-01  -4.059277e+00  -4.410099e+00
-9.236464e-01   6.712890e-01  -3.927143e+00  -4.512043e+00
-9.451650e-01   6.465654e-01  -3.792925e+00  -4.609590e+00
-9.659481e-01   6.213074e-01  -3.656778e+00  -4.702726e+00
-9.859853e-01   5.955390e-01  -3.518852e+00  -4.791441e+00
-1.005267e+00   5.692846e-01  -3.379298e+00  -4.875732e+00
-1.023783e+00   5.425682e-01  -3.238262e+00  -4.955601e+00
-1.041527e+00   5.154143e-01  -3.095889e+00  -5.031053e+00
-1.058491e+00   4.878468e-01  -2.952321e+00  -5.102100e+00
-1.074668e+00   4.598901e-01  -2.807696e+00  -5.168756e+00
-1.090053e+00   4.315682e-01  -2.662150e+00  -5.231041e+00
-1.104640e+00   4.029049e-01  -2.515817e+00  -5.288976e+00
-1.118425e+00   3.739242e-01  -2.368826e+00  -5.342590e+00
-1.131405e+00   3.446498e-01  -2.221304e+00  -5.391911e+00
-1.143577e+00   3.151051e-01  -2.073375e+00  -5.436973e+00
-1.154938e+00   2.853134e-01  -1.925159e+00  -5.477813e+00
-1.165486e+00   2.552980e-01  -1.776775e+00  -5.514470e+00
-1.175222e+00   2.250817e-01  -1.628334e+00  -5.546985e+00
-1.184144e+00   1.946873e-01  -1.479950e+00  -5.575404e+00
-1.192254e+00   1.641371e-01  -1.331728e+00  -5.599774e+00
-1.199551e+00   1.334535e-01  -1.183773e+00  -5.620142e+00
-1.206037e+00   1.026582e-01  -1.036187e+00  -5.636562e+00
-1.211715e+00   7.177288e-02  -8.890668e-01  -5.649085e+00
-1.216587e+00   4.081899e-02  -7.425072e-01  -5.657766e+00
-1.220655e+00   9.817537e-03  -5.965996e-01  -5.662661e+00
-1.223924e+00  -2.121074e-02  -4.514324e-01  -5.663829e+00
-1.226398e+00  -5.224542e-02  -3.070905e-01  -5.661327e+00
-1.228081e+00  -8.326639e-02  -1.636563e-01  -5.655217e+00
-1.228977e+00  -1.142539e-01  -2.120865e-02  -5.645559e+00
-1.229094e+00  -1.451885e-01   1.201763e-01  -5.632415e+00
-1.228435e+00  -1.760510e-01   2.604252e-01  -5.615848e+00
-1.227008e+00  -2.068228e-01   3.994680e-01  -5.595921e+00
-1.224819e+00  -2.374853e-01   5.372369e-01  -5.572699e+00
-1.221875e+00  -2.680207e-01   6.736673e-01  -5.546246e+00
-1.218184e+00  -2.984111e-01   8.086971e-01  -5.516627e+00
-1.213753e+00  -3.286392e-01   9.422667e-01  -5.483907e+00
-1.208590e+00  -3.586880e-01   1.074319e+00  -5.448152e+00
-1.202703e+00  -3.885409e-01   1.204801e+00  -5.409427e+00
-1.196101e+00  -4.181816e-01   1.333658e+00  -5.367799e+00
-1.188794e+00  -4.475942e-01   1.460843e+00  -5.323333e+00
-1.180789e+00  -4.767631e-01   1.586308e+00  -5.276094e+00
-1.172097e+00  -5.056732e-01   1.710007e+00  -5.226148e+00
-1.162727e+00  -5.343096e-01   1.831898e+00  -5.173561e+00
-1.152689e+00  -5.626579e-01   1.951941e+00  -5.118398e+00
-1.141994e+00  -5.907039e-01   2.070095e+00  -5.060724e+00
-1.130651e+00  -6.184339e-01   2.186326e+00  -5.000603e+00
-1.118671e+00  -6.458345e-01   2.300597e+00  -4.938100e+00
-1.106065e+00  -6.728926e-01   2.412876e+00  -4.873278e+00
-1.092844e+00  -6.995955e-01   2.523132e+00  -4.806202e+00
-1.079018e+00  -7.259308e-01   2.631336e+00  -4.736934e+00
-1.064600e+00  -7.518866e-01   2.737459e+00  -4.665538e+00
-1.049600e+00  -7.774512e-01   2.841477e+00  -4.592074e+00
-1.034030e+00  -8.026133e-01   2.943363e+00  -4.516606e+00
-1.017902e+00  -8.273618e-01   3.043096e+00  -4.439193e+00
-1.001228e+00  -8.516861e-01   3.140655e+00  -4.359897e+00
-9.840189e-01  -8.755760e-01   3.236017e+00  -4.278777e+00
-9.662873e-01  -8.990213e-01   3.329167e+00  -4.195893e+00
-9.480453e-01  -9.220125e-01   3.420084e+00  -4.111304e+00
-9.293051e-01  -9.445402e-01   3.508755e+00  -4.025069e+00
-9.100790e-01  -9.665954e-01   3.595163e+00  -3.937244e+00
-8.903795e-01  -9.881693e-01   3.679296e+00  -3.847886e+00
-8.702190e-01  -1.009254e+00   3.761140e+00  -3.757054e+00
-8.496100e-01  -1.029840e+00   3.840684e+00  -3.664801e+00
-8.285651e-01  -1.049921e+00   3.917917e+00  -3.571184e+00
-8.070971e-01  -1.069489e+00   3.992831e+00  -3.476256e+00
-7.852186e-01  -1.088537e+00   4.065416e+00  -3.380073e+00
-7.629423e-01  -1.107058e+00   4.135666e+00  -3.282687e+00
-7.402811e-01  -1.125046e+00   4.203573e+00  -3.184152e+00
-7.172479e-01  -1.142493e+00   4.269131e+00  -3.084519e+00
-6.938554e-01  -1.159395e+00   4.332336e+00  -2.983840e+00
-6.701165e-01  -1.175744e+00   4.393184e+00  -2.882167e+00
-6.460443e-01  -1.191537e+00   4.451672e+00  -2.779548e+00
-6.216516e-01  -1.206768e+00   4.507796e+00  -2.676036e+00
-5.969513e-01  -1.221431e+00   4.561554e+00  -2.571678e+00
-5.719565e-01  -1.235522e+00   4.612946e+00  -2.466524e+00
-5.466801e-01  -1.249037e+00   4.661972e+00  -2.360621e+00
-5.211350e-01  -1.261972e+00   4.708630e+00  -2.254018e+00
-4.953343e-01  -1.274323e+00   4.752922e+00  -2.146762e+00
-4.692909e-01  -1.286086e+00   4.794848e+00  -2.038899e+00
-4.430178e-01  -1.297258e+00   4.834412e+00  -1.930475e+00
-4.165278e-01  -1.307836e+00   4.871615e+00  -1.821536e+00
-3.898341e-01  -1.317817e+00   4.906460e+00  -1.712127e+00
-3.629493e-01  -1.327199e+00   4.938951e+00  -1.602292e+00
-3.358866e-01  -1.335978e+00   4.969092e+00  -1.492077e+00
-3.086587e-01  -1.344154e+00   4.996887e+00  -1.381524e+00
-2.812785e-01  -1.351724e+00   5.022341e+00  -1.270678e+00
-2.537588e-01  -1.358687e+00   5.045459e+00  -1.159580e+00
-2.261125e-01  -1.365041e+00   5.066247e+00  -1.048273e+00
-1.983522e-01  -1.370784e+00   5.084712e+00  -9.367991e-01
-1.704908e-01  -1.375918e+00   5.100861e+00  -8.252003e-01
-1.425409e-01  -1.380439e+00   5.114699e+00  -7.135176e-01
-1.145151e-01  -1.384349e+00   5.126236e+00  -6.017919e-01
-8.642614e-02  -1.387646e+00   5.135478e+00  -4.900636e-01
-5.828654e-02  -1.390332e+00   5.142435e+00  -3.783728e-01
-3.010881e-02  -1.392405e+00   5.147114e+00  -2.667595e-01
-1.905450e-03  -1.393867e+00   5.149525e+00  -1.552630e-01
2.631112e-02  -1.394717e+00   5.149677e+00  -4.392252e-02
5.452853e-02  -1.394958e+00   5.147580e+00   6.722316e-02
8.273445e-02  -1.394590e+00   5.143245e+00   1.781355e-01
1.109166e-01  -1.393614e+00   5.136681e+00   2.887763e-01
1.390628e-01  -1.392031e+00   5.127900e+00   3.991075e-01
1.671609e-01  -1.389844e+00   5.116912e+00   5.090916e-01
1.951988e-01  -1.387055e+00   5.103730e+00   6.186911e-01
2.231644e-01  -1.383665e+00   5.088366e+00   7.278688e-01
2.510459e-01  -1.379677e+00   5.070831e+00   8.365879e-01
2.788312e-01  -1.375092e+00   5.051139e+00   9.448117e-01
3.065087e-01  -1.369915e+00   5.029302e+00   1.052504e+00
3.340665e-01  -1.364148e+00   5.005334e+00   1.159628e+00
3.614930e-01  -1.357794e+00   4.979248e+00   1.266148e+00
3.887766e-01  -1.350856e+00   4.951059e+00   1.372029e+00
4.159057e-01  -1.343338e+00   4.920780e+00   1.477235e+00
4.428688e-01  -1.335244e+00   4.888428e+00   1.581730e+00
4.696547e-01  -1.326577e+00   4.854017e+00   1.685479e+00
4.962521e-01  -1.317341e+00   4.817562e+00   1.788448e+00
5.226497e-01  -1.307542e+00   4.779080e+00   1.890602e+00
5.488364e-01  -1.297182e+00   4.738587e+00   1.991905e+00
5.748013e-01  -1.286268e+00   4.696100e+00   2.092324e+00
6.005334e-01  -1.274803e+00   4.651636e+00   2.191825e+00
6.260218e-01  -1.262793e+00   4.605211e+00   2.290373e+00
6.512558e-01  -1.250243e+00   4.556846e+00   2.387935e+00
6.762248e-01  -1.237158e+00   4.506557e+00   2.484477e+00
7.009183e-01  -1.223545e+00   4.454363e+00   2.579965e+00
7.253258e-01  -1.209408e+00   4.400285e+00   2.674367e+00
7.494369e-01  -1.194754e+00   4.344341e+00   2.767648e+00
7.732415e-01  -1.179589e+00   4.286551e+00   2.859776e+00
7.967295e-01  -1.163919e+00   4.226937e+00   2.950719e+00
8.198908e-01  -1.147750e+00   4.165519e+00   3.040443e+00
8.427155e-01  -1.131090e+00   4.102318e+00   3.128916e+00
8.651940e-01  -1.113946e+00   4.037357e+00   3.216106e+00
8.873165e-01  -1.096323e+00   3.970659e+00   3.301981e+00
9.090735e-01  -1.078230e+00   3.902246e+00   3.386508e+00
9.304557e-01  -1.059674e+00   3.832141e+00   3.469658e+00
9.514537e-01  -1.040662e+00   3.760370e+00   3.551397e+00
9.720585e-01  -1.021202e+00   3.686955e+00   3.631694e+00
9.922610e-01  -1.001303e+00   3.611924e+00   3.710520e+00
1.012052e+00  -9.809711e-01   3.535300e+00   3.787842e+00
1.031424e+00  -9.602158e-01   3.457110e+00   3.863630e+00
1.050367e+00  -9.390452e-01   3.377381e+00   3.937854e+00
1.068873e+00  -9.174679e-01   3.296141e+00   4.010485e+00
1.086934e+00  -8.954927e-01   3.213417e+00   4.081491e+00
1.104542e+00  -8.731283e-01   3.129237e+00   4.150844e+00
1.121688e+00  -8.503840e-01   3.043631e+00   4.218514e+00
1.138366e+00  -8.272688e-01   2.956629e+00   4.284473e+00
1.154567e+00  -8.037923e-01   2.868260e+00   4.348692e+00
1.170283e+00  -7.799638e-01   2.778556e+00   4.411143e+00
1.185508e+00  -7.557932e-01   2.687548e+00   4.471798e+00
1.200234e+00  -7.312902e-01   2.595269e+00   4.530628e+00
1.214455e+00  -7.064648e-01   2.501750e+00   4.587608e+00
1.228163e+00  -6.813272e-01   2.407026e+00   4.642710e+00
1.241352e+00  -6.558877e-01   2.311131e+00   4.695909e+00
1.254016e+00  -6.301567e-01   2.214099e+00   4.747177e+00
1.266148e+00  -6.041448e-01   2.115966e+00   4.796490e+00
1.277742e+00  -5.778627e-01   2.016768e+00   4.843822e+00
1.288793e+00  -5.513212e-01   1.916542e+00   4.889150e+00
1.299295e+00  -5.245313e-01   1.815324e+00   4.932449e+00
1.309242e+00  -4.975042e-01   1.713154e+00   4.973695e+00
1.318629e+00  -4.702511e-01   1.610070e+00   5.012867e+00
1.327451e+00  -4.427833e-01   1.506110e+00   5.049941e+00
1.335704e+00  -4.151124e-01   1.401317e+00   5.084896e+00
1.343382e+00  -3.872500e-01   1.295729e+00   5.117710e+00
1.350482e+00  -3.592077e-01   1.189389e+00   5.148365e+00
1.356999e+00  -3.309975e-01   1.082339e+00   5.176838e+00
1.362930e+00  -3.026313e-01   9.746207e-01   5.203113e+00
1.368271e+00  -2.741210e-01   8.662785e-01   5.227170e+00
1.373017e+00  -2.454790e-01   7.573560e-01   5.248991e+00
1.377167e+00  -2.167174e-01   6.478981e-01   5.268561e+00
1.380717e+00  -1.878486e-01   5.379499e-01   5.285863e+00
1.383665e+00  -1.588850e-01   4.275575e-01   5.300882e+00
1.386008e+00  -1.298390e-01   3.167672e-01   5.313604e+00
1.387743e+00  -1.007234e-01   2.056264e-01   5.324015e+00
1.388870e+00  -7.155071e-02   9.418264e-02   5.332104e+00
1.389386e+00  -4.233370e-02  -1.751575e-02   5.337858e+00
1.389290e+00  -1.308516e-02  -1.294200e-01   5.341268e+00
1.388581e+00   1.618206e-02  -2.414806e-01   5.342324e+00
1.387258e+00   4.545507e-02  -3.536478e-01   5.341016e+00
1.385320e+00   7.472091e-02  -4.658712e-01   5.337339e+00
1.382767e+00   1.039666e-01  -5.781000e-01   5.331286e+00
1.379600e+00   1.331791e-01  -6.902828e-01   5.322851e+00
1.375817e+00   1.623454e-01  -8.023679e-01   5.312031e+00
1.371421e+00   1.914525e-01  -9.143033e-01   5.298823e+00
1.366411e+00   2.204871e-01  -1.026036e+00   5.283225e+00
1.360789e+00   2.494363e-01  -1.137514e+00   5.265236e+00
1.354556e+00   2.782869e-01  -1.248684e+00   5.244859e+00
1.347714e+00   3.070258e-01  -1.359492e+00   5.222094e+00
1.340264e+00   3.356401e-01  -1.469885e+00   5.196945e+00
1.332210e+00   3.641165e-01  -1.579809e+00   5.169417e+00
1.323554e+00   3.924420e-01  -1.689209e+00   5.139516e+00
1.314298e+00   4.206038e-01  -1.798032e+00   5.107249e+00
1.304446e+00   4.485887e-01  -1.906223e+00   5.072626e+00
1.294001e+00   4.763839e-01  -2.013729e+00   5.035655e+00
1.282966e+00   5.039765e-01  -2.120493e+00   4.996350e+00
1.271347e+00   5.313538e-01  -2.226464e+00   4.954723e+00
1.259148e+00   5.585030e-01  -2.331585e+00   4.910788e+00
1.246372e+00   5.854114e-01  -2.435803e+00   4.864561e+00
1.233025e+00   6.120665e-01  -2.539064e+00   4.816060e+00
1.219112e+00   6.384559e-01  -2.641314e+00   4.765304e+00
1.204639e+00   6.645671e-01  -2.742499e+00   4.712313e+00
1.189612e+00   6.903880e-01  -2.842567e+00   4.657108e+00
1.174036e+00   7.159064e-01  -2.941465e+00   4.599713e+00
1.157919e+00   7.411103e-01  -3.039139e+00   4.540153e+00
1.141266e+00   7.659879e-01  -3.135539e+00   4.478453e+00
1.124085e+00   7.905274e-01  -3.230612e+00   4.414643e+00
1.106383e+00   8.147172e-01  -3.324308e+00   4.348750e+00
1.088167e+00   8.385460e-01  -3.416576e+00   4.280806e+00
1.069446e+00   8.620024e-01  -3.507367e+00   4.210842e+00
1.050228e+00   8.850755e-01  -3.596632e+00   4.138892e+00
1.030520e+00   9.077544e-01  -3.684322e+00   4.064991e+00
1.010332e+00   9.300283e-01  -3.770390e+00   3.989176e+00
9.896726e-01   9.518868e-01  -3.854791e+00   3.911484e+00
9.685504e-01   9.733196e-01  -3.937477e+00   3.831955e+00
9.469752e-01   9.943166e-01  -4.018405e+00   3.750628e+00
9.249566e-01   1.014868e+00  -4.097532e+00   3.667546e+00
9.025043e-01   1.034964e+00  -4.174813e+00   3.582752e+00
8.796286e-01   1.054596e+00  -4.250210e+00   3.496290e+00
8.563398e-01   1.073753e+00  -4.323680e+00   3.408206e+00
8.326484e-01   1.092429e+00  -4.395185e+00   3.318546e+00
8.085652e-01   1.110612e+00  -4.464688e+00   3.227359e+00
7.841012e-01   1.128296e+00  -4.532152e+00   3.134693e+00
7.592675e-01   1.145473e+00  -4.597542e+00   3.040599e+00
7.340754e-01   1.162134e+00  -4.660825e+00   2.945127e+00
7.085367e-01   1.178271e+00  -4.721968e+00   2.848331e+00
6.826629e-01   1.193879e+00  -4.780940e+00   2.750262e+00
6.564660e-01   1.208949e+00  -4.837712e+00   2.650976e+00
6.299579e-01   1.223474e+00  -4.892257e+00   2.550526e+00
6.031511e-01   1.237450e+00  -4.944548e+00   2.448968e+00
5.760576e-01   1.250869e+00  -4.994561e+00   2.346359e+00
5.486902e-01   1.263726e+00  -5.042273e+00   2.242756e+00
5.210613e-01   1.276015e+00  -5.087663e+00   2.138215e+00
4.931837e-01   1.287731e+00  -5.130711e+00   2.032796e+00
4.650702e-01   1.298870e+00  -5.171399e+00   1.926557e+00
4.367338e-01   1.309426e+00  -5.209711e+00   1.819558e+00
4.081874e-01   1.319396e+00  -5.245633e+00   1.711856e+00
3.794442e-01   1.328776e+00  -5.279151e+00   1.603513e+00
3.505174e-01   1.337563e+00  -5.310256e+00   1.494588e+00
3.214201e-01   1.345752e+00  -5.338937e+00   1.385142e+00
2.921656e-01   1.353342e+00  -5.365187e+00   1.275235e+00
2.627673e-01   1.360330e+00  -5.389001e+00   1.164927e+00
2.332386e-01   1.366713e+00  -5.410374e+00   1.054279e+00
2.035927e-01   1.372490e+00  -5.429305e+00   9.433506e-01
1.738430e-01   1.377659e+00  -5.445792e+00   8.322031e-01
1.440031e-01   1.382219e+00  -5.459838e+00   7.208962e-01
1.140862e-01   1.386169e+00  -5.471445e+00   6.094896e-01
8.410565e-02   1.389509e+00  -5.480617e+00   4.980431e-01
5.407487e-02   1.392238e+00  -5.487362e+00   3.866157e-01
2.400714e-02   1.394356e+00  -5.491686e+00   2.752662e-01
-6.084292e-03   1.395864e+00  -5.493601e+00   1.640530e-01
-3.618622e-02   1.396763e+00  -5.493117e+00   5.303376e-02
-6.628549e-02   1.397054e+00  -5.490248e+00  -5.773421e-02
-9.636904e-02   1.396737e+00  -5.485007e+00  -1.681944e-01
-1.264239e-01   1.395816e+00  -5.477410e+00  -2.782909e-01
-1.564371e-01   1.394291e+00  -5.467477e+00  -3.879686e-01
-1.863959e-01   1.392165e+00  -5.455224e+00  -4.971731e-01
-2.162875e-01   1.389441e+00  -5.440673e+00  -6.058509e-01
-2.460994e-01   1.386121e+00  -5.423846e+00  -7.139493e-01
-2.758191e-01   1.382209e+00  -5.404766e+00  -8.214167e-01
-3.054343e-01   1.377708e+00  -5.383457e+00  -9.282022e-01
-3.349327e-01   1.372622e+00  -5.359945e+00  -1.034256e+00
-3.643022e-01   1.366955e+00  -5.334257e+00  -1.139529e+00
-3.935310e-01   1.360711e+00  -5.306422e+00  -1.243975e+00
-4.226073e-01   1.353895e+00  -5.276468e+00  -1.347545e+00
-4.515195e-01   1.346511e+00  -5.244427e+00  -1.450195e+00
-4.802560e-01   1.338565e+00  -5.210329e+00  -1.551881e+00
-5.088058e-01   1.330061e+00  -5.174207e+00  -1.652559e+00
-5.371576e-01   1.321006e+00  -5.136095e+00  -1.752188e+00
-5.653006e-01   1.311405e+00  -5.096027e+00  -1.850726e+00
-5.932240e-01   1.301264e+00  -5.054037e+00  -1.948135e+00
-6.209174e-01   1.290589e+00  -5.010163e+00  -2.044375e+00
-6.483703e-01   1.279387e+00  -4.964440e+00  -2.139411e+00
-6.755727e-01   1.267664e+00  -4.916907e+00  -2.233206e+00
-7.025147e-01   1.255428e+00  -4.867600e+00  -2.325725e+00
-7.291865e-01   1.242684e+00  -4.816560e+00  -2.416937e+00
-7.555786e-01   1.229441e+00  -4.763824e+00  -2.506809e+00
-7.816817e-01   1.215705e+00  -4.709434e+00  -2.595311e+00
-8.074869e-01   1.201484e+00  -4.653428e+00  -2.682413e+00
-8.329851e-01   1.186786e+00  -4.595849e+00  -2.768087e+00
-8.581678e-01   1.171618e+00  -4.536735e+00  -2.852308e+00
-8.830266e-01   1.155989e+00  -4.476130e+00  -2.935050e+00
-9.075534e-01   1.139906e+00  -4.414074e+00  -3.016289e+00
-9.317401e-01   1.123379e+00  -4.350610e+00  -3.096002e+00
-9.555791e-01   1.106414e+00  -4.285778e+00  -3.174167e+00
-9.790628e-01   1.089022e+00  -4.219622e+00  -3.250766e+00
-1.002184e+00   1.071209e+00  -4.152183e+00  -3.325779e+00
-1.024936e+00   1.052986e+00  -4.083505e+00  -3.399188e+00
-1.047311e+00   1.034360e+00  -4.013628e+00  -3.470977e+00
-1.069304e+00   1.015341e+00  -3.942596e+00  -3.541131e+00
-1.090907e+00   9.959376e-01  -3.870450e+00  -3.609636e+00
-1.112115e+00   9.761588e-01  -3.797233e+00  -3.676479e+00
-1.132921e+00   9.560137e-01  -3.722987e+00  -3.741648e+00
-1.153321e+00   9.355116e-01  -3.647753e+00  -3.805134e+00
-1.173309e+00   9.146615e-01  -3.571574e+00  -3.866926e+00
