Method   t0   tn       N              h
Verlet0.000000e+002.000000e+00     731   2.739726e-03

rx  -  ry  -  vx  -  vy
1.000000e+00   0.000000e+00   0.000000e+00   6.283185e+00
9.998518e-01   1.721421e-02  -1.081520e-01   6.175033e+00
9.994074e-01   3.412956e-02  -2.162736e-01   6.066912e+00
9.986668e-01   5.074617e-02  -3.243384e-01   5.958847e+00
9.976302e-01   6.706426e-02  -4.323246e-01   5.850861e+00
9.962979e-01   8.308408e-02  -5.402148e-01   5.742970e+00
9.946701e-01   9.880592e-02  -6.479960e-01   5.635189e+00
9.927472e-01   1.142301e-01  -7.556591e-01   5.527526e+00
9.905295e-01   1.293571e-01  -8.631987e-01   5.419987e+00
9.880174e-01   1.441871e-01  -9.706131e-01   5.312572e+00
9.852111e-01   1.587207e-01  -1.077904e+00   5.205281e+00
9.821110e-01   1.729580e-01  -1.185076e+00   5.098109e+00
9.787175e-01   1.868996e-01  -1.292138e+00   4.991047e+00
9.750308e-01   2.005457e-01  -1.399100e+00   4.884086e+00
9.710512e-01   2.138967e-01  -1.505975e+00   4.777210e+00
9.667789e-01   2.269527e-01  -1.612780e+00   4.670405e+00
9.622141e-01   2.397140e-01  -1.719534e+00   4.563652e+00
9.573568e-01   2.521807e-01  -1.826257e+00   4.456929e+00
9.522072e-01   2.643530e-01  -1.932972e+00   4.350214e+00
9.467652e-01   2.762308e-01  -2.039705e+00   4.243480e+00
9.410307e-01   2.878141e-01  -2.146483e+00   4.136702e+00
9.350036e-01   2.991028e-01  -2.253337e+00   4.029849e+00
9.286837e-01   3.100966e-01  -2.360296e+00   3.922889e+00
9.220705e-01   3.207953e-01  -2.467396e+00   3.815789e+00
9.151637e-01   3.311984e-01  -2.574671e+00   3.708514e+00
9.079627e-01   3.413055e-01  -2.682160e+00   3.601026e+00
9.004669e-01   3.511159e-01  -2.789900e+00   3.493285e+00
8.926756e-01   3.606289e-01  -2.897935e+00   3.385251e+00
8.845878e-01   3.698437e-01  -3.006306e+00   3.276879e+00
8.762027e-01   3.787593e-01  -3.115061e+00   3.168124e+00
8.675190e-01   3.873746e-01  -3.224246e+00   3.058939e+00
8.585356e-01   3.956883e-01  -3.333912e+00   2.949273e+00
8.492510e-01   4.036991e-01  -3.444111e+00   2.839075e+00
8.396637e-01   4.114055e-01  -3.554897e+00   2.728289e+00
8.297721e-01   4.188057e-01  -3.666327e+00   2.616858e+00
8.195743e-01   4.258979e-01  -3.778462e+00   2.504723e+00
8.090682e-01   4.326800e-01  -3.891364e+00   2.391821e+00
7.982517e-01   4.391500e-01  -4.005099e+00   2.278086e+00
7.871224e-01   4.453052e-01  -4.119735e+00   2.163450e+00
7.756778e-01   4.511433e-01  -4.235345e+00   2.047841e+00
7.639151e-01   4.566613e-01  -4.352003e+00   1.931182e+00
7.518312e-01   4.618562e-01  -4.469791e+00   1.813395e+00
7.394231e-01   4.667248e-01  -4.588790e+00   1.694396e+00
7.266872e-01   4.712636e-01  -4.709088e+00   1.574097e+00
7.136199e-01   4.754687e-01  -4.830778e+00   1.452407e+00
7.002172e-01   4.793362e-01  -4.953957e+00   1.329228e+00
6.864749e-01   4.828617e-01  -5.078727e+00   1.204458e+00
6.723885e-01   4.860405e-01  -5.205195e+00   1.077990e+00
6.579533e-01   4.888678e-01  -5.333475e+00   9.497108e-01
6.431640e-01   4.913383e-01  -5.463685e+00   8.195006e-01
6.280153e-01   4.934462e-01  -5.595951e+00   6.872344e-01
6.125013e-01   4.951855e-01  -5.730405e+00   5.527804e-01
5.966158e-01   4.965498e-01  -5.867185e+00   4.160000e-01
5.803523e-01   4.975322e-01  -6.006437e+00   2.767482e-01
5.637038e-01   4.981254e-01  -6.148312e+00   1.348734e-01
5.466629e-01   4.983216e-01  -6.292967e+00  -9.782189e-03
5.292218e-01   4.981123e-01  -6.440567e+00  -1.573821e-01
5.113721e-01   4.974889e-01  -6.591280e+00  -3.080945e-01
4.931052e-01   4.964418e-01  -6.745276e+00  -4.620904e-01
4.744117e-01   4.949611e-01  -6.902727e+00  -6.195415e-01
4.552820e-01   4.930362e-01  -7.063802e+00  -7.806169e-01
4.357060e-01   4.906558e-01  -7.228663e+00  -9.454774e-01
4.156729e-01   4.878082e-01  -7.397455e+00  -1.114269e+00
3.951720e-01   4.844808e-01  -7.570299e+00  -1.287114e+00
3.741918e-01   4.806607e-01  -7.747279e+00  -1.464094e+00
3.527211e-01   4.763344e-01  -7.928420e+00  -1.645234e+00
3.307484e-01   4.714880e-01  -8.113661e+00  -1.830476e+00
3.082627e-01   4.661073e-01  -8.302823e+00  -2.019638e+00
2.852535e-01   4.601783e-01  -8.495553e+00  -2.212368e+00
2.617117e-01   4.536874e-01  -8.691259e+00  -2.408074e+00
2.376302e-01   4.466221e-01  -8.889016e+00  -2.605830e+00
2.130048e-01   4.389718e-01  -9.087435e+00  -2.804250e+00
1.878360e-01   4.307290e-01  -9.284506e+00  -3.001320e+00
1.621308e-01   4.218911e-01  -9.477373e+00  -3.194188e+00
1.359052e-01   4.124629e-01  -9.662077e+00  -3.378891e+00
1.091879e-01   4.024595e-01  -9.833243e+00  -3.550058e+00
8.202441e-02   3.919110e-01  -9.983774e+00  -3.700588e+00
5.448228e-02   3.808678e-01  -1.010461e+01  -3.821424e+00
2.665669e-02   3.694074e-01  -1.018472e+01  -3.901533e+00
-1.324391e-03   3.576409e-01  -1.021153e+01  -3.928343e+00
-2.929689e-02   3.457200e-01  -1.017203e+01  -3.888844e+00
-5.706154e-02   3.338392e-01  -1.005466e+01  -3.771476e+00
-8.439092e-02   3.222331e-01  -9.851744e+00  -3.568558e+00
-1.110437e-01   3.111645e-01  -9.561739e+00  -3.278554e+00
-1.367840e-01   3.009037e-01  -9.190374e+00  -2.907188e+00
-1.614019e-01   2.917042e-01  -8.749955e+00  -2.466770e+00
-1.847290e-01   2.837795e-01  -8.257057e+00  -1.973872e+00
-2.066461e-01   2.772886e-01  -7.729517e+00  -1.446332e+00
-2.270825e-01   2.723327e-01  -7.183843e+00  -9.006572e-01
-2.460096e-01   2.689601e-01  -6.633661e+00  -3.504761e-01
-2.634313e-01   2.671770e-01  -6.089229e+00   1.939563e-01
-2.793752e-01   2.669589e-01  -5.557667e+00   7.255183e-01
-2.938843e-01   2.682611e-01  -5.043547e+00   1.239639e+00
-3.070111e-01   2.710265e-01  -4.549540e+00   1.733645e+00
-3.188133e-01   2.751915e-01  -4.076996e+00   2.206190e+00
-3.293508e-01   2.806901e-01  -3.626389e+00   2.656796e+00
-3.386839e-01   2.874558e-01  -3.197649e+00   3.085536e+00
-3.468722e-01   2.954234e-01  -2.790385e+00   3.492800e+00
-3.539737e-01   3.045300e-01  -2.404034e+00   3.879151e+00
-3.600449e-01   3.147146e-01  -2.037952e+00   4.245233e+00
-3.651405e-01   3.259190e-01  -1.691473e+00   4.591712e+00
-3.693133e-01   3.380871e-01  -1.363935e+00   4.919251e+00
-3.726142e-01   3.511655e-01  -1.054695e+00   5.228490e+00
-3.750924e-01   3.651025e-01  -7.631340e-01   5.520051e+00
-3.767957e-01   3.798487e-01  -4.886510e-01   5.794534e+00
-3.777700e-01   3.953567e-01  -2.306596e-01   6.052526e+00
-3.780596e-01   4.115807e-01   1.141938e-02   6.294605e+00
-3.777074e-01   4.284768e-01   2.381644e-01   6.521350e+00
-3.767546e-01   4.460029e-01   4.501586e-01   6.733344e+00
-3.752408e-01   4.641183e-01   6.479932e-01   6.931179e+00
-3.732040e-01   4.827844e-01   8.322702e-01   7.115456e+00
-3.706804e-01   5.019640e-01   1.003602e+00   7.286787e+00
-3.677048e-01   5.216217e-01   1.162610e+00   7.445796e+00
-3.643099e-01   5.417238e-01   1.309924e+00   7.593110e+00
-3.605271e-01   5.622384e-01   1.446176e+00   7.729361e+00
-3.563857e-01   5.831351e-01   1.571996e+00   7.855182e+00
-3.519134e-01   6.043855e-01   1.688012e+00   7.971197e+00
-3.471363e-01   6.259626e-01   1.794839e+00   8.078024e+00
-3.420787e-01   6.478413e-01   1.893080e+00   8.176266e+00
-3.367633e-01   6.699979e-01   1.983321e+00   8.266506e+00
-3.312112e-01   6.924104e-01   2.066124e+00   8.349310e+00
-3.254420e-01   7.150583e-01   2.142031e+00   8.425216e+00
-3.194740e-01   7.379226e-01   2.211556e+00   8.494741e+00
-3.133239e-01   7.609856e-01   2.275186e+00   8.558372e+00
-3.070072e-01   7.842309e-01   2.333382e+00   8.616568e+00
-3.005383e-01   8.076434e-01   2.386575e+00   8.669760e+00
-2.939301e-01   8.312092e-01   2.435168e+00   8.718353e+00
-2.871949e-01   8.549154e-01   2.479536e+00   8.762721e+00
-2.803436e-01   8.787502e-01   2.520029e+00   8.803214e+00
-2.733865e-01   9.027027e-01   2.556968e+00   8.840153e+00
-2.663328e-01   9.267629e-01   2.590653e+00   8.873838e+00
-2.591911e-01   9.509216e-01   2.621357e+00   8.904542e+00
-2.519692e-01   9.751705e-01   2.649333e+00   8.932519e+00
-2.446742e-01   9.995017e-01   2.674814e+00   8.957999e+00
-2.373127e-01   1.023908e+00   2.698011e+00   8.981196e+00
-2.298906e-01   1.048384e+00   2.719120e+00   9.002305e+00
-2.224134e-01   1.072922e+00   2.738318e+00   9.021503e+00
-2.148861e-01   1.097517e+00   2.755769e+00   9.038954e+00
-2.073133e-01   1.122165e+00   2.771622e+00   9.054807e+00
-1.996992e-01   1.146861e+00   2.786012e+00   9.069197e+00
-1.920475e-01   1.171601e+00   2.799064e+00   9.082249e+00
-1.843618e-01   1.196380e+00   2.810891e+00   9.094077e+00
-1.766454e-01   1.221195e+00   2.821597e+00   9.104783e+00
-1.689010e-01   1.246043e+00   2.831277e+00   9.114462e+00
-1.611315e-01   1.270922e+00   2.840015e+00   9.123201e+00
-1.533393e-01   1.295827e+00   2.847892e+00   9.131078e+00
-1.455266e-01   1.320757e+00   2.854979e+00   9.138165e+00
-1.376956e-01   1.345710e+00   2.861342e+00   9.144528e+00
-1.298480e-01   1.370683e+00   2.867041e+00   9.150226e+00
-1.219858e-01   1.395674e+00   2.872131e+00   9.155316e+00
-1.141103e-01   1.420682e+00   2.876661e+00   9.159847e+00
-1.062232e-01   1.445705e+00   2.880679e+00   9.163864e+00
-9.832579e-02   1.470741e+00   2.884225e+00   9.167410e+00
-9.041926e-02   1.495789e+00   2.887338e+00   9.170524e+00
-8.250476e-02   1.520848e+00   2.890054e+00   9.173240e+00
-7.458335e-02   1.545917e+00   2.892405e+00   9.175590e+00
-6.665597e-02   1.570993e+00   2.894420e+00   9.177605e+00
-5.872351e-02   1.596078e+00   2.896127e+00   9.179312e+00
-5.078678e-02   1.621168e+00   2.897550e+00   9.180735e+00
-4.284652e-02   1.646265e+00   2.898713e+00   9.181898e+00
-3.490342e-02   1.671366e+00   2.899635e+00   9.182821e+00
-2.695811e-02   1.696471e+00   2.900338e+00   9.183523e+00
-1.901116e-02   1.721580e+00   2.900838e+00   9.184023e+00
-1.106311e-02   1.746692e+00   2.901152e+00   9.184337e+00
-3.114440e-03   1.771806e+00   2.901294e+00   9.184479e+00
4.834394e-03   1.796922e+00   2.901279e+00   9.184465e+00
1.278298e-02   1.822039e+00   2.901120e+00   9.184305e+00
2.073094e-02   1.847157e+00   2.900828e+00   9.184013e+00
2.867793e-02   1.872275e+00   2.900414e+00   9.183599e+00
3.662362e-02   1.897393e+00   2.899888e+00   9.183073e+00
4.456772e-02   1.922511e+00   2.899259e+00   9.182444e+00
5.250997e-02   1.947629e+00   2.898536e+00   9.181721e+00
6.045011e-02   1.972745e+00   2.897727e+00   9.180912e+00
6.838793e-02   1.997860e+00   2.896839e+00   9.180024e+00
7.632320e-02   2.022974e+00   2.895878e+00   9.179064e+00
8.425575e-02   2.048086e+00   2.894852e+00   9.178037e+00
9.218540e-02   2.073196e+00   2.893765e+00   9.176950e+00
1.001120e-01   2.098304e+00   2.892623e+00   9.175808e+00
1.080354e-01   2.123409e+00   2.891431e+00   9.174616e+00
1.159555e-01   2.148513e+00   2.890194e+00   9.173379e+00
1.238721e-01   2.173613e+00   2.888915e+00   9.172100e+00
1.317851e-01   2.198711e+00   2.887599e+00   9.170784e+00
1.396945e-01   2.223806e+00   2.886249e+00   9.169434e+00
1.476002e-01   2.248898e+00   2.884869e+00   9.168054e+00
1.555020e-01   2.273987e+00   2.883461e+00   9.166647e+00
1.634000e-01   2.299073e+00   2.882030e+00   9.165215e+00
1.712940e-01   2.324155e+00   2.880576e+00   9.163761e+00
1.791840e-01   2.349234e+00   2.879103e+00   9.162288e+00
1.870699e-01   2.374309e+00   2.877613e+00   9.160799e+00
1.949517e-01   2.399381e+00   2.876109e+00   9.159294e+00
2.028294e-01   2.424450e+00   2.874591e+00   9.157777e+00
2.107029e-01   2.449515e+00   2.873063e+00   9.156248e+00
2.185722e-01   2.474576e+00   2.871525e+00   9.154710e+00
2.264373e-01   2.499633e+00   2.869980e+00   9.153165e+00
2.342981e-01   2.524687e+00   2.868428e+00   9.151613e+00
2.421547e-01   2.549737e+00   2.866871e+00   9.150056e+00
2.500070e-01   2.574783e+00   2.865310e+00   9.148496e+00
2.578550e-01   2.599826e+00   2.863747e+00   9.146933e+00
2.656988e-01   2.624864e+00   2.862183e+00   9.145368e+00
2.735382e-01   2.649899e+00   2.860618e+00   9.143803e+00
2.813734e-01   2.674930e+00   2.859054e+00   9.142239e+00
2.892043e-01   2.699956e+00   2.857490e+00   9.140676e+00
2.970309e-01   2.724979e+00   2.855929e+00   9.139115e+00
3.048532e-01   2.749998e+00   2.854371e+00   9.137556e+00
3.126712e-01   2.775014e+00   2.852816e+00   9.136002e+00
3.204851e-01   2.800025e+00   2.851266e+00   9.134451e+00
3.282946e-01   2.825032e+00   2.849720e+00   9.132905e+00
3.361000e-01   2.850036e+00   2.848179e+00   9.131364e+00
3.439011e-01   2.875035e+00   2.846644e+00   9.129829e+00
3.516980e-01   2.900031e+00   2.845115e+00   9.128300e+00
3.594907e-01   2.925023e+00   2.843592e+00   9.126777e+00
3.672793e-01   2.950011e+00   2.842076e+00   9.125262e+00
3.750638e-01   2.974995e+00   2.840568e+00   9.123753e+00
3.828441e-01   2.999975e+00   2.839067e+00   9.122253e+00
3.906203e-01   3.024951e+00   2.837574e+00   9.120760e+00
3.983924e-01   3.049924e+00   2.836089e+00   9.119275e+00
4.061605e-01   3.074893e+00   2.834613e+00   9.117798e+00
4.139246e-01   3.099858e+00   2.833145e+00   9.116330e+00
4.216846e-01   3.124819e+00   2.831686e+00   9.114871e+00
4.294406e-01   3.149776e+00   2.830235e+00   9.113420e+00
4.371927e-01   3.174730e+00   2.828794e+00   9.111979e+00
4.449409e-01   3.199680e+00   2.827362e+00   9.110547e+00
4.526851e-01   3.224627e+00   2.825939e+00   9.109124e+00
4.604255e-01   3.249569e+00   2.824526e+00   9.107711e+00
4.681620e-01   3.274508e+00   2.823122e+00   9.106307e+00
4.758946e-01   3.299444e+00   2.821727e+00   9.104913e+00
4.836235e-01   3.324375e+00   2.820343e+00   9.103528e+00
4.913486e-01   3.349304e+00   2.818968e+00   9.102153e+00
4.990699e-01   3.374228e+00   2.817603e+00   9.100788e+00
5.067875e-01   3.399149e+00   2.816248e+00   9.099433e+00
5.145014e-01   3.424067e+00   2.814902e+00   9.098087e+00
5.222116e-01   3.448981e+00   2.813566e+00   9.096752e+00
5.299182e-01   3.473891e+00   2.812241e+00   9.095426e+00
5.376212e-01   3.498799e+00   2.810925e+00   9.094110e+00
5.453205e-01   3.523702e+00   2.809619e+00   9.092804e+00
5.530163e-01   3.548602e+00   2.808323e+00   9.091508e+00
5.607086e-01   3.573499e+00   2.807036e+00   9.090222e+00
5.683973e-01   3.598393e+00   2.805760e+00   9.088945e+00
5.760826e-01   3.623283e+00   2.804493e+00   9.087678e+00
5.837644e-01   3.648170e+00   2.803236e+00   9.086422e+00
5.914428e-01   3.673054e+00   2.801989e+00   9.085174e+00
5.991178e-01   3.697934e+00   2.800752e+00   9.083937e+00
6.067894e-01   3.722811e+00   2.799524e+00   9.082709e+00
6.144577e-01   3.747685e+00   2.798306e+00   9.081491e+00
6.221226e-01   3.772555e+00   2.797097e+00   9.080282e+00
6.297842e-01   3.797423e+00   2.795898e+00   9.079083e+00
6.374426e-01   3.822287e+00   2.794709e+00   9.077894e+00
6.450977e-01   3.847149e+00   2.793528e+00   9.076714e+00
6.527496e-01   3.872007e+00   2.792358e+00   9.075543e+00
6.603983e-01   3.896862e+00   2.791196e+00   9.074381e+00
6.680438e-01   3.921714e+00   2.790044e+00   9.073229e+00
6.756862e-01   3.946563e+00   2.788901e+00   9.072086e+00
6.833255e-01   3.971408e+00   2.787767e+00   9.070952e+00
6.909616e-01   3.996251e+00   2.786642e+00   9.069827e+00
6.985947e-01   4.021091e+00   2.785526e+00   9.068711e+00
7.062248e-01   4.045928e+00   2.784419e+00   9.067604e+00
7.138518e-01   4.070762e+00   2.783321e+00   9.066506e+00
7.214759e-01   4.095594e+00   2.782231e+00   9.065417e+00
7.290969e-01   4.120422e+00   2.781151e+00   9.064336e+00
7.367150e-01   4.145247e+00   2.780079e+00   9.063264e+00
7.443302e-01   4.170070e+00   2.779015e+00   9.062201e+00
7.519425e-01   4.194890e+00   2.777960e+00   9.061146e+00
7.595519e-01   4.219707e+00   2.776914e+00   9.060099e+00
7.671585e-01   4.244521e+00   2.775876e+00   9.059061e+00
7.747622e-01   4.269333e+00   2.774846e+00   9.058031e+00
7.823631e-01   4.294141e+00   2.773824e+00   9.057009e+00
7.899612e-01   4.318948e+00   2.772811e+00   9.055996e+00
7.975566e-01   4.343751e+00   2.771805e+00   9.054990e+00
8.051492e-01   4.368552e+00   2.770808e+00   9.053993e+00
8.127391e-01   4.393350e+00   2.769818e+00   9.053003e+00
8.203263e-01   4.418145e+00   2.768836e+00   9.052022e+00
8.279108e-01   4.442938e+00   2.767862e+00   9.051048e+00
8.354927e-01   4.467728e+00   2.766896e+00   9.050081e+00
8.430719e-01   4.492516e+00   2.765937e+00   9.049123e+00
8.506485e-01   4.517301e+00   2.764986e+00   9.048172e+00
8.582225e-01   4.542084e+00   2.764043e+00   9.047228e+00
8.657939e-01   4.566864e+00   2.763107e+00   9.046292e+00
8.733628e-01   4.591642e+00   2.762178e+00   9.045363e+00
8.809291e-01   4.616417e+00   2.761256e+00   9.044442e+00
8.884930e-01   4.641189e+00   2.760342e+00   9.043527e+00
8.960543e-01   4.665960e+00   2.759435e+00   9.042620e+00
9.036132e-01   4.690727e+00   2.758535e+00   9.041720e+00
9.111696e-01   4.715493e+00   2.757642e+00   9.040827e+00
9.187235e-01   4.740256e+00   2.756756e+00   9.039941e+00
9.262751e-01   4.765017e+00   2.755876e+00   9.039062e+00
9.338242e-01   4.789775e+00   2.755004e+00   9.038189e+00
9.413710e-01   4.814531e+00   2.754138e+00   9.037323e+00
9.489154e-01   4.839285e+00   2.753279e+00   9.036464e+00
9.564575e-01   4.864036e+00   2.752426e+00   9.035612e+00
9.639972e-01   4.888786e+00   2.751580e+00   9.034766e+00
9.715346e-01   4.913533e+00   2.750741e+00   9.033926e+00
9.790697e-01   4.938277e+00   2.749908e+00   9.033093e+00
9.866026e-01   4.963020e+00   2.749081e+00   9.032266e+00
9.941332e-01   4.987760e+00   2.748260e+00   9.031446e+00
1.001662e+00   5.012498e+00   2.747446e+00   9.030632e+00
1.009188e+00   5.037234e+00   2.746638e+00   9.029823e+00
1.016712e+00   5.061968e+00   2.745836e+00   9.029021e+00
1.024233e+00   5.086699e+00   2.745040e+00   9.028225e+00
1.031753e+00   5.111429e+00   2.744250e+00   9.027435e+00
1.039270e+00   5.136156e+00   2.743466e+00   9.026651e+00
1.046786e+00   5.160881e+00   2.742688e+00   9.025873e+00
1.054299e+00   5.185604e+00   2.741915e+00   9.025101e+00
1.061810e+00   5.210326e+00   2.741149e+00   9.024334e+00
1.069319e+00   5.235045e+00   2.740388e+00   9.023573e+00
1.076826e+00   5.259762e+00   2.739632e+00   9.022817e+00
1.084330e+00   5.284477e+00   2.738882e+00   9.022068e+00
1.091833e+00   5.309190e+00   2.738138e+00   9.021323e+00
1.099334e+00   5.333901e+00   2.737399e+00   9.020584e+00
1.106833e+00   5.358610e+00   2.736666e+00   9.019851e+00
1.114329e+00   5.383317e+00   2.735938e+00   9.019123e+00
1.121824e+00   5.408022e+00   2.735215e+00   9.018400e+00
1.129317e+00   5.432725e+00   2.734497e+00   9.017683e+00
1.136808e+00   5.457426e+00   2.733785e+00   9.016970e+00
1.144297e+00   5.482126e+00   2.733078e+00   9.016263e+00
1.151783e+00   5.506823e+00   2.732376e+00   9.015561e+00
1.159268e+00   5.531519e+00   2.731678e+00   9.014864e+00
1.166752e+00   5.556213e+00   2.730986e+00   9.014172e+00
1.174233e+00   5.580904e+00   2.730299e+00   9.013485e+00
1.181712e+00   5.605594e+00   2.729617e+00   9.012802e+00
1.189190e+00   5.630283e+00   2.728940e+00   9.012125e+00
1.196665e+00   5.654969e+00   2.728267e+00   9.011452e+00
1.204139e+00   5.679654e+00   2.727599e+00   9.010784e+00
1.211611e+00   5.704336e+00   2.726936e+00   9.010121e+00
1.219081e+00   5.729017e+00   2.726278e+00   9.009463e+00
1.226549e+00   5.753697e+00   2.725624e+00   9.008809e+00
1.234016e+00   5.778374e+00   2.724974e+00   9.008160e+00
1.241481e+00   5.803050e+00   2.724330e+00   9.007515e+00
1.248944e+00   5.827724e+00   2.723689e+00   9.006875e+00
1.256405e+00   5.852396e+00   2.723053e+00   9.006239e+00
1.263865e+00   5.877067e+00   2.722422e+00   9.005607e+00
1.271322e+00   5.901736e+00   2.721795e+00   9.004980e+00
1.278779e+00   5.926403e+00   2.721172e+00   9.004357e+00
1.286233e+00   5.951068e+00   2.720554e+00   9.003739e+00
1.293686e+00   5.975732e+00   2.719939e+00   9.003125e+00
1.301137e+00   6.000394e+00   2.719329e+00   9.002514e+00
1.308586e+00   6.025055e+00   2.718723e+00   9.001909e+00
1.316034e+00   6.049714e+00   2.718121e+00   9.001307e+00
1.323480e+00   6.074371e+00   2.717524e+00   9.000709e+00
1.330924e+00   6.099027e+00   2.716930e+00   9.000115e+00
1.338367e+00   6.123681e+00   2.716340e+00   8.999525e+00
1.345809e+00   6.148334e+00   2.715754e+00   8.998940e+00
1.353248e+00   6.172985e+00   2.715172e+00   8.998358e+00
1.360686e+00   6.197634e+00   2.714594e+00   8.997780e+00
1.368123e+00   6.222282e+00   2.714020e+00   8.997206e+00
1.375558e+00   6.246928e+00   2.713450e+00   8.996635e+00
1.382991e+00   6.271573e+00   2.712883e+00   8.996069e+00
1.390423e+00   6.296216e+00   2.712320e+00   8.995506e+00
1.397853e+00   6.320858e+00   2.711761e+00   8.994947e+00
1.405282e+00   6.345498e+00   2.711206e+00   8.994391e+00
1.412709e+00   6.370137e+00   2.710654e+00   8.993839e+00
1.420134e+00   6.394774e+00   2.710106e+00   8.993291e+00
1.427559e+00   6.419410e+00   2.709561e+00   8.992746e+00
1.434981e+00   6.444044e+00   2.709020e+00   8.992205e+00
1.442403e+00   6.468677e+00   2.708482e+00   8.991668e+00
1.449822e+00   6.493309e+00   2.707948e+00   8.991133e+00
1.457241e+00   6.517939e+00   2.707417e+00   8.990603e+00
1.464658e+00   6.542567e+00   2.706890e+00   8.990075e+00
1.472073e+00   6.567194e+00   2.706366e+00   8.989551e+00
1.479487e+00   6.591820e+00   2.705845e+00   8.989031e+00
1.486900e+00   6.616444e+00   2.705328e+00   8.988513e+00
1.494311e+00   6.641067e+00   2.704814e+00   8.987999e+00
1.501720e+00   6.665689e+00   2.704303e+00   8.987488e+00
1.509129e+00   6.690309e+00   2.703796e+00   8.986981e+00
1.516536e+00   6.714928e+00   2.703291e+00   8.986476e+00
1.523941e+00   6.739545e+00   2.702790e+00   8.985975e+00
1.531346e+00   6.764161e+00   2.702292e+00   8.985477e+00
1.538748e+00   6.788776e+00   2.701797e+00   8.984982e+00
1.546150e+00   6.813389e+00   2.701305e+00   8.984490e+00
1.553550e+00   6.838001e+00   2.700816e+00   8.984001e+00
1.560949e+00   6.862612e+00   2.700330e+00   8.983516e+00
1.568346e+00   6.887222e+00   2.699848e+00   8.983033e+00
1.575743e+00   6.911830e+00   2.699368e+00   8.982553e+00
1.583137e+00   6.936437e+00   2.698891e+00   8.982076e+00
1.590531e+00   6.961042e+00   2.698417e+00   8.981602e+00
1.597923e+00   6.985647e+00   2.697946e+00   8.981131e+00
1.605314e+00   7.010250e+00   2.697477e+00   8.980663e+00
1.612704e+00   7.034851e+00   2.697012e+00   8.980197e+00
1.620092e+00   7.059452e+00   2.696550e+00   8.979735e+00
1.627480e+00   7.084051e+00   2.696090e+00   8.979275e+00
1.634866e+00   7.108649e+00   2.695633e+00   8.978818e+00
1.642250e+00   7.133246e+00   2.695178e+00   8.978364e+00
1.649634e+00   7.157842e+00   2.694727e+00   8.977912e+00
1.657016e+00   7.182436e+00   2.694278e+00   8.977463e+00
1.664397e+00   7.207029e+00   2.693832e+00   8.977017e+00
1.671777e+00   7.231621e+00   2.693388e+00   8.976574e+00
1.679155e+00   7.256212e+00   2.692947e+00   8.976133e+00
1.686532e+00   7.280801e+00   2.692509e+00   8.975695e+00
1.693909e+00   7.305390e+00   2.692073e+00   8.975259e+00
1.701284e+00   7.329977e+00   2.691640e+00   8.974826e+00
1.708657e+00   7.354563e+00   2.691210e+00   8.974395e+00
1.716030e+00   7.379148e+00   2.690782e+00   8.973967e+00
1.723401e+00   7.403731e+00   2.690356e+00   8.973541e+00
1.730772e+00   7.428314e+00   2.689933e+00   8.973118e+00
1.738141e+00   7.452895e+00   2.689512e+00   8.972698e+00
1.745509e+00   7.477476e+00   2.689094e+00   8.972279e+00
1.752875e+00   7.502055e+00   2.688678e+00   8.971864e+00
1.760241e+00   7.526633e+00   2.688265e+00   8.971450e+00
1.767606e+00   7.551210e+00   2.687854e+00   8.971039e+00
1.774969e+00   7.575785e+00   2.687445e+00   8.970630e+00
1.782331e+00   7.600360e+00   2.687039e+00   8.970224e+00
1.789693e+00   7.624934e+00   2.686635e+00   8.969820e+00
1.797053e+00   7.649506e+00   2.686233e+00   8.969418e+00
1.804412e+00   7.674078e+00   2.685833e+00   8.969019e+00
1.811770e+00   7.698648e+00   2.685436e+00   8.968621e+00
1.819126e+00   7.723217e+00   2.685041e+00   8.968226e+00
1.826482e+00   7.747785e+00   2.684648e+00   8.967834e+00
1.833837e+00   7.772352e+00   2.684258e+00   8.967443e+00
1.841190e+00   7.796919e+00   2.683869e+00   8.967055e+00
1.848543e+00   7.821484e+00   2.683483e+00   8.966668e+00
1.855894e+00   7.846048e+00   2.683099e+00   8.966284e+00
1.863245e+00   7.870611e+00   2.682717e+00   8.965902e+00
1.870594e+00   7.895172e+00   2.682337e+00   8.965523e+00
1.877943e+00   7.919733e+00   2.681960e+00   8.965145e+00
1.885290e+00   7.944293e+00   2.681584e+00   8.964769e+00
1.892636e+00   7.968852e+00   2.681210e+00   8.964396e+00
1.899981e+00   7.993410e+00   2.680839e+00   8.964024e+00
1.907326e+00   8.017967e+00   2.680469e+00   8.963655e+00
1.914669e+00   8.042523e+00   2.680102e+00   8.963287e+00
1.922011e+00   8.067077e+00   2.679736e+00   8.962922e+00
1.929352e+00   8.091631e+00   2.679373e+00   8.962558e+00
1.936693e+00   8.116184e+00   2.679011e+00   8.962197e+00
1.944032e+00   8.140736e+00   2.678652e+00   8.961837e+00
1.951370e+00   8.165287e+00   2.678294e+00   8.961479e+00
1.958708e+00   8.189837e+00   2.677938e+00   8.961124e+00
1.966044e+00   8.214386e+00   2.677584e+00   8.960770e+00
1.973379e+00   8.238934e+00   2.677232e+00   8.960418e+00
1.980714e+00   8.263481e+00   2.676882e+00   8.960068e+00
1.988047e+00   8.288027e+00   2.676534e+00   8.959719e+00
1.995380e+00   8.312572e+00   2.676188e+00   8.959373e+00
2.002711e+00   8.337117e+00   2.675843e+00   8.959028e+00
2.010042e+00   8.361660e+00   2.675500e+00   8.958686e+00
2.017371e+00   8.386202e+00   2.675160e+00   8.958345e+00
2.024700e+00   8.410744e+00   2.674820e+00   8.958006e+00
2.032028e+00   8.435284e+00   2.674483e+00   8.957668e+00
2.039355e+00   8.459824e+00   2.674147e+00   8.957333e+00
2.046681e+00   8.484363e+00   2.673814e+00   8.956999e+00
2.054006e+00   8.508901e+00   2.673481e+00   8.956667e+00
2.061330e+00   8.533437e+00   2.673151e+00   8.956336e+00
2.068653e+00   8.557973e+00   2.672822e+00   8.956008e+00
2.075976e+00   8.582509e+00   2.672495e+00   8.955681e+00
2.083297e+00   8.607043e+00   2.672170e+00   8.955355e+00
2.090618e+00   8.631576e+00   2.671847e+00   8.955032e+00
2.097937e+00   8.656109e+00   2.671525e+00   8.954710e+00
2.105256e+00   8.680640e+00   2.671204e+00   8.954390e+00
2.112574e+00   8.705171e+00   2.670886e+00   8.954071e+00
2.119891e+00   8.729701e+00   2.670568e+00   8.953754e+00
2.127207e+00   8.754230e+00   2.670253e+00   8.953438e+00
2.134523e+00   8.778758e+00   2.669939e+00   8.953124e+00
2.141837e+00   8.803286e+00   2.669627e+00   8.952812e+00
2.149151e+00   8.827812e+00   2.669316e+00   8.952501e+00
2.156464e+00   8.852338e+00   2.669007e+00   8.952192e+00
2.163775e+00   8.876863e+00   2.668699e+00   8.951885e+00
2.171087e+00   8.901387e+00   2.668393e+00   8.951579e+00
2.178397e+00   8.925910e+00   2.668089e+00   8.951274e+00
2.185706e+00   8.950432e+00   2.667786e+00   8.950971e+00
2.193015e+00   8.974954e+00   2.667484e+00   8.950669e+00
2.200323e+00   8.999474e+00   2.667184e+00   8.950369e+00
2.207629e+00   9.023994e+00   2.666886e+00   8.950071e+00
2.214936e+00   9.048513e+00   2.666589e+00   8.949774e+00
2.222241e+00   9.073032e+00   2.666293e+00   8.949478e+00
2.229545e+00   9.097549e+00   2.665999e+00   8.949184e+00
2.236849e+00   9.122066e+00   2.665706e+00   8.948891e+00
2.244152e+00   9.146582e+00   2.665415e+00   8.948600e+00
2.251454e+00   9.171097e+00   2.665125e+00   8.948310e+00
2.258755e+00   9.195611e+00   2.664836e+00   8.948022e+00
2.266056e+00   9.220125e+00   2.664549e+00   8.947735e+00
2.273356e+00   9.244637e+00   2.664264e+00   8.947449e+00
2.280655e+00   9.269149e+00   2.663979e+00   8.947165e+00
2.287953e+00   9.293660e+00   2.663696e+00   8.946882e+00
2.295250e+00   9.318171e+00   2.663415e+00   8.946600e+00
2.302547e+00   9.342681e+00   2.663135e+00   8.946320e+00
2.309843e+00   9.367189e+00   2.662856e+00   8.946041e+00
2.317138e+00   9.391698e+00   2.662578e+00   8.945764e+00
2.324432e+00   9.416205e+00   2.662302e+00   8.945487e+00
2.331726e+00   9.440712e+00   2.662027e+00   8.945212e+00
2.339019e+00   9.465218e+00   2.661754e+00   8.944939e+00
2.346311e+00   9.489723e+00   2.661481e+00   8.944667e+00
2.353602e+00   9.514227e+00   2.661210e+00   8.944396e+00
2.360893e+00   9.538731e+00   2.660940e+00   8.944126e+00
2.368183e+00   9.563234e+00   2.660672e+00   8.943857e+00
2.375472e+00   9.587736e+00   2.660405e+00   8.943590e+00
2.382760e+00   9.612238e+00   2.660139e+00   8.943324e+00
2.390048e+00   9.636738e+00   2.659874e+00   8.943059e+00
2.397335e+00   9.661238e+00   2.659611e+00   8.942796e+00
2.404621e+00   9.685738e+00   2.659348e+00   8.942534e+00
2.411907e+00   9.710236e+00   2.659087e+00   8.942272e+00
2.419191e+00   9.734734e+00   2.658827e+00   8.942013e+00
2.426476e+00   9.759232e+00   2.658569e+00   8.941754e+00
2.433759e+00   9.783728e+00   2.658311e+00   8.941497e+00
2.441042e+00   9.808224e+00   2.658055e+00   8.941240e+00
2.448324e+00   9.832719e+00   2.657800e+00   8.940985e+00
2.455605e+00   9.857214e+00   2.657546e+00   8.940731e+00
2.462886e+00   9.881707e+00   2.657293e+00   8.940478e+00
2.470165e+00   9.906200e+00   2.657041e+00   8.940227e+00
2.477445e+00   9.930693e+00   2.656791e+00   8.939976e+00
2.484723e+00   9.955185e+00   2.656542e+00   8.939727e+00
2.492001e+00   9.979676e+00   2.656293e+00   8.939479e+00
2.499278e+00   1.000417e+01   2.656046e+00   8.939232e+00
2.506555e+00   1.002866e+01   2.655800e+00   8.938986e+00
2.513831e+00   1.005314e+01   2.655555e+00   8.938741e+00
2.521106e+00   1.007763e+01   2.655312e+00   8.938497e+00
2.528380e+00   1.010212e+01   2.655069e+00   8.938254e+00
2.535654e+00   1.012661e+01   2.654827e+00   8.938013e+00
2.542927e+00   1.015109e+01   2.654587e+00   8.937772e+00
2.550200e+00   1.017558e+01   2.654347e+00   8.937533e+00
2.557472e+00   1.020006e+01   2.654109e+00   8.937294e+00
2.564743e+00   1.022455e+01   2.653872e+00   8.937057e+00
2.572013e+00   1.024903e+01   2.653635e+00   8.936821e+00
2.579283e+00   1.027352e+01   2.653400e+00   8.936585e+00
2.586553e+00   1.029800e+01   2.653166e+00   8.936351e+00
2.593821e+00   1.032248e+01   2.652933e+00   8.936118e+00
2.601089e+00   1.034696e+01   2.652700e+00   8.935886e+00
2.608357e+00   1.037144e+01   2.652469e+00   8.935655e+00
2.615623e+00   1.039592e+01   2.652239e+00   8.935424e+00
2.622889e+00   1.042040e+01   2.652010e+00   8.935195e+00
2.630155e+00   1.044488e+01   2.651782e+00   8.934967e+00
2.637420e+00   1.046936e+01   2.651555e+00   8.934740e+00
2.644684e+00   1.049384e+01   2.651328e+00   8.934514e+00
2.651947e+00   1.051831e+01   2.651103e+00   8.934289e+00
2.659210e+00   1.054279e+01   2.650879e+00   8.934064e+00
2.666473e+00   1.056727e+01   2.650656e+00   8.933841e+00
2.673735e+00   1.059174e+01   2.650433e+00   8.933619e+00
2.680996e+00   1.061621e+01   2.650212e+00   8.933397e+00
2.688256e+00   1.064069e+01   2.649992e+00   8.933177e+00
2.695516e+00   1.066516e+01   2.649772e+00   8.932957e+00
2.702776e+00   1.068963e+01   2.649554e+00   8.932739e+00
2.710034e+00   1.071411e+01   2.649336e+00   8.932521e+00
2.717293e+00   1.073858e+01   2.649119e+00   8.932305e+00
2.724550e+00   1.076305e+01   2.648903e+00   8.932089e+00
2.731807e+00   1.078752e+01   2.648689e+00   8.931874e+00
2.739063e+00   1.081199e+01   2.648475e+00   8.931660e+00
2.746319e+00   1.083646e+01   2.648262e+00   8.931447e+00
2.753574e+00   1.086093e+01   2.648049e+00   8.931235e+00
2.760829e+00   1.088539e+01   2.647838e+00   8.931023e+00
2.768083e+00   1.090986e+01   2.647628e+00   8.930813e+00
2.775337e+00   1.093433e+01   2.647418e+00   8.930603e+00
2.782590e+00   1.095880e+01   2.647209e+00   8.930395e+00
2.789842e+00   1.098326e+01   2.647002e+00   8.930187e+00
2.797094e+00   1.100773e+01   2.646795e+00   8.929980e+00
2.804345e+00   1.103219e+01   2.646589e+00   8.929774e+00
2.811596e+00   1.105665e+01   2.646383e+00   8.929569e+00
2.818846e+00   1.108112e+01   2.646179e+00   8.929364e+00
2.826095e+00   1.110558e+01   2.645976e+00   8.929161e+00
2.833344e+00   1.113004e+01   2.645773e+00   8.928958e+00
2.840593e+00   1.115451e+01   2.645571e+00   8.928756e+00
2.847840e+00   1.117897e+01   2.645370e+00   8.928555e+00
2.855088e+00   1.120343e+01   2.645170e+00   8.928355e+00
2.862334e+00   1.122789e+01   2.644970e+00   8.928156e+00
2.869581e+00   1.125235e+01   2.644772e+00   8.927957e+00
2.876826e+00   1.127681e+01   2.644574e+00   8.927759e+00
2.884072e+00   1.130126e+01   2.644377e+00   8.927562e+00
2.891316e+00   1.132572e+01   2.644181e+00   8.927366e+00
2.898560e+00   1.135018e+01   2.643985e+00   8.927171e+00
2.905804e+00   1.137464e+01   2.643791e+00   8.926976e+00
2.913047e+00   1.139909e+01   2.643597e+00   8.926782e+00
2.920289e+00   1.142355e+01   2.643404e+00   8.926589e+00
2.927531e+00   1.144800e+01   2.643211e+00   8.926397e+00
2.934773e+00   1.147246e+01   2.643020e+00   8.926205e+00
2.942013e+00   1.149691e+01   2.642829e+00   8.926014e+00
2.949254e+00   1.152137e+01   2.642639e+00   8.925824e+00
2.956494e+00   1.154582e+01   2.642450e+00   8.925635e+00
2.963733e+00   1.157027e+01   2.642261e+00   8.925447e+00
2.970972e+00   1.159473e+01   2.642074e+00   8.925259e+00
2.978210e+00   1.161918e+01   2.641887e+00   8.925072e+00
2.985448e+00   1.164363e+01   2.641700e+00   8.924886e+00
2.992685e+00   1.166808e+01   2.641515e+00   8.924700e+00
2.999922e+00   1.169253e+01   2.641330e+00   8.924515e+00
3.007158e+00   1.171698e+01   2.641146e+00   8.924331e+00
3.014394e+00   1.174143e+01   2.640962e+00   8.924148e+00
3.021629e+00   1.176588e+01   2.640780e+00   8.923965e+00
3.028864e+00   1.179033e+01   2.640598e+00   8.923783e+00
3.036098e+00   1.181477e+01   2.640416e+00   8.923602e+00
3.043332e+00   1.183922e+01   2.640236e+00   8.923421e+00
3.050565e+00   1.186367e+01   2.640056e+00   8.923241e+00
3.057798e+00   1.188811e+01   2.639877e+00   8.923062e+00
3.065030e+00   1.191256e+01   2.639698e+00   8.922884e+00
3.072262e+00   1.193701e+01   2.639521e+00   8.922706e+00
3.079493e+00   1.196145e+01   2.639344e+00   8.922529e+00
3.086724e+00   1.198589e+01   2.639167e+00   8.922352e+00
3.093955e+00   1.201034e+01   2.638991e+00   8.922177e+00
3.101185e+00   1.203478e+01   2.638816e+00   8.922002e+00
3.108414e+00   1.205922e+01   2.638642e+00   8.921827e+00
3.115643e+00   1.208367e+01   2.638468e+00   8.921653e+00
3.122871e+00   1.210811e+01   2.638295e+00   8.921480e+00
3.130099e+00   1.213255e+01   2.638123e+00   8.921308e+00
3.137327e+00   1.215699e+01   2.637951e+00   8.921136e+00
3.144554e+00   1.218143e+01   2.637780e+00   8.920965e+00
3.151780e+00   1.220587e+01   2.637609e+00   8.920795e+00
3.159006e+00   1.223031e+01   2.637439e+00   8.920625e+00
3.166232e+00   1.225475e+01   2.637270e+00   8.920455e+00
3.173457e+00   1.227919e+01   2.637102e+00   8.920287e+00
3.180682e+00   1.230363e+01   2.636934e+00   8.920119e+00
3.187906e+00   1.232807e+01   2.636766e+00   8.919952e+00
3.195130e+00   1.235250e+01   2.636600e+00   8.919785e+00
3.202353e+00   1.237694e+01   2.636434e+00   8.919619e+00
3.209576e+00   1.240138e+01   2.636268e+00   8.919453e+00
3.216799e+00   1.242581e+01   2.636103e+00   8.919289e+00
3.224021e+00   1.245025e+01   2.635939e+00   8.919124e+00
3.231242e+00   1.247468e+01   2.635775e+00   8.918961e+00
3.238463e+00   1.249912e+01   2.635612e+00   8.918798e+00
3.245684e+00   1.252355e+01   2.635450e+00   8.918635e+00
3.252904e+00   1.254799e+01   2.635288e+00   8.918473e+00
3.260124e+00   1.257242e+01   2.635127e+00   8.918312e+00
3.267343e+00   1.259685e+01   2.634966e+00   8.918152e+00
3.274562e+00   1.262128e+01   2.634806e+00   8.917992e+00
3.281780e+00   1.264572e+01   2.634647e+00   8.917832e+00
3.288998e+00   1.267015e+01   2.634488e+00   8.917673e+00
3.296216e+00   1.269458e+01   2.634330e+00   8.917515e+00
3.303433e+00   1.271901e+01   2.634172e+00   8.917357e+00
3.310650e+00   1.274344e+01   2.634015e+00   8.917200e+00
3.317866e+00   1.276787e+01   2.633858e+00   8.917043e+00
3.325082e+00   1.279230e+01   2.633702e+00   8.916887e+00
3.332297e+00   1.281673e+01   2.633547e+00   8.916732e+00
3.339512e+00   1.284116e+01   2.633392e+00   8.916577e+00
3.346727e+00   1.286559e+01   2.633237e+00   8.916423e+00
3.353941e+00   1.289001e+01   2.633083e+00   8.916269e+00
3.361155e+00   1.291444e+01   2.632930e+00   8.916116e+00
3.368368e+00   1.293887e+01   2.632778e+00   8.915963e+00
3.375581e+00   1.296329e+01   2.632625e+00   8.915811e+00
3.382793e+00   1.298772e+01   2.632474e+00   8.915659e+00
3.390005e+00   1.301215e+01   2.632323e+00   8.915508e+00
3.397217e+00   1.303657e+01   2.632172e+00   8.915357e+00
3.404428e+00   1.306100e+01   2.632022e+00   8.915207e+00
3.411639e+00   1.308542e+01   2.631873e+00   8.915058e+00
3.418849e+00   1.310984e+01   2.631724e+00   8.914909e+00
3.426059e+00   1.313427e+01   2.631575e+00   8.914761e+00
3.433269e+00   1.315869e+01   2.631427e+00   8.914613e+00
3.440478e+00   1.318311e+01   2.631280e+00   8.914465e+00
3.447687e+00   1.320754e+01   2.631133e+00   8.914318e+00
3.454895e+00   1.323196e+01   2.630987e+00   8.914172e+00
3.462103e+00   1.325638e+01   2.630841e+00   8.914026e+00
3.469311e+00   1.328080e+01   2.630695e+00   8.913881e+00
3.476518e+00   1.330522e+01   2.630551e+00   8.913736e+00
3.483725e+00   1.332964e+01   2.630406e+00   8.913592e+00
3.490931e+00   1.335406e+01   2.630262e+00   8.913448e+00
3.498137e+00   1.337848e+01   2.630119e+00   8.913304e+00
3.505343e+00   1.340290e+01   2.629976e+00   8.913162e+00
3.512548e+00   1.342732e+01   2.629834e+00   8.913019e+00
3.519753e+00   1.345174e+01   2.629692e+00   8.912877e+00
3.526957e+00   1.347616e+01   2.629551e+00   8.912736e+00
3.534161e+00   1.350057e+01   2.629410e+00   8.912595e+00
3.541365e+00   1.352499e+01   2.629269e+00   8.912455e+00
3.548568e+00   1.354941e+01   2.629130e+00   8.912315e+00
3.555771e+00   1.357383e+01   2.628990e+00   8.912175e+00
3.562974e+00   1.359824e+01   2.628851e+00   8.912036e+00
3.570176e+00   1.362266e+01   2.628713e+00   8.911898e+00
3.577378e+00   1.364707e+01   2.628575e+00   8.911760e+00
3.584579e+00   1.367149e+01   2.628437e+00   8.911622e+00
3.591780e+00   1.369590e+01   2.628300e+00   8.911485e+00
3.598981e+00   1.372032e+01   2.628163e+00   8.911349e+00
3.606181e+00   1.374473e+01   2.628027e+00   8.911212e+00
3.613381e+00   1.376914e+01   2.627891e+00   8.911077e+00
3.620580e+00   1.379356e+01   2.627756e+00   8.910941e+00
3.627780e+00   1.381797e+01   2.627621e+00   8.910807e+00
3.634978e+00   1.384238e+01   2.627487e+00   8.910672e+00
3.642177e+00   1.386679e+01   2.627353e+00   8.910538e+00
3.649375e+00   1.389121e+01   2.627220e+00   8.910405e+00
3.656573e+00   1.391562e+01   2.627087e+00   8.910272e+00
3.663770e+00   1.394003e+01   2.626954e+00   8.910139e+00
3.670967e+00   1.396444e+01   2.626822e+00   8.910007e+00
3.678163e+00   1.398885e+01   2.626690e+00   8.909876e+00
3.685360e+00   1.401326e+01   2.626559e+00   8.909744e+00
3.692555e+00   1.403767e+01   2.626428e+00   8.909614e+00
3.699751e+00   1.406208e+01   2.626298e+00   8.909483e+00
3.706946e+00   1.408649e+01   2.626168e+00   8.909353e+00
3.714141e+00   1.411090e+01   2.626038e+00   8.909224e+00
3.721335e+00   1.413530e+01   2.625909e+00   8.909095e+00
3.728529e+00   1.415971e+01   2.625781e+00   8.908966e+00
3.735723e+00   1.418412e+01   2.625652e+00   8.908838e+00
3.742917e+00   1.420853e+01   2.625525e+00   8.908710e+00
3.750110e+00   1.423293e+01   2.625397e+00   8.908582e+00
3.757302e+00   1.425734e+01   2.625270e+00   8.908455e+00
3.764495e+00   1.428175e+01   2.625144e+00   8.908329e+00
3.771687e+00   1.430615e+01   2.625017e+00   8.908203e+00
3.778878e+00   1.433056e+01   2.624892e+00   8.908077e+00
3.786070e+00   1.435496e+01   2.624766e+00   8.907952e+00
3.793261e+00   1.437937e+01   2.624641e+00   8.907827e+00
3.800451e+00   1.440377e+01   2.624517e+00   8.907702e+00
3.807642e+00   1.442817e+01   2.624393e+00   8.907578e+00
3.814832e+00   1.445258e+01   2.624269e+00   8.907454e+00
3.822021e+00   1.447698e+01   2.624146e+00   8.907331e+00
3.829210e+00   1.450138e+01   2.624023e+00   8.907208e+00
3.836399e+00   1.452579e+01   2.623900e+00   8.907085e+00
3.843588e+00   1.455019e+01   2.623778e+00   8.906963e+00
3.850776e+00   1.457459e+01   2.623656e+00   8.906841e+00
3.857964e+00   1.459899e+01   2.623535e+00   8.906720e+00
3.865152e+00   1.462339e+01   2.623414e+00   8.906599e+00
3.872339e+00   1.464780e+01   2.623293e+00   8.906478e+00
3.879526e+00   1.467220e+01   2.623173e+00   8.906358e+00
3.886713e+00   1.469660e+01   2.623053e+00   8.906238e+00
3.893899e+00   1.472100e+01   2.622934e+00   8.906119e+00
3.901085e+00   1.474540e+01   2.622814e+00   8.906000e+00
3.908270e+00   1.476980e+01   2.622696e+00   8.905881e+00
3.915456e+00   1.479420e+01   2.622577e+00   8.905763e+00
3.922641e+00   1.481859e+01   2.622459e+00   8.905645e+00
3.929825e+00   1.484299e+01   2.622342e+00   8.905527e+00
3.937010e+00   1.486739e+01   2.622225e+00   8.905410e+00
3.944194e+00   1.489179e+01   2.622108e+00   8.905293e+00
3.951377e+00   1.491619e+01   2.621991e+00   8.905176e+00
3.958561e+00   1.494058e+01   2.621875e+00   8.905060e+00
3.965744e+00   1.496498e+01   2.621759e+00   8.904945e+00
3.972927e+00   1.498938e+01   2.621644e+00   8.904829e+00
3.980109e+00   1.501377e+01   2.621529e+00   8.904714e+00
3.987291e+00   1.503817e+01   2.621414e+00   8.904599e+00
3.994473e+00   1.506256e+01   2.621300e+00   8.904485e+00
4.001654e+00   1.508696e+01   2.621186e+00   8.904371e+00
4.008836e+00   1.511135e+01   2.621072e+00   8.904257e+00
4.016016e+00   1.513575e+01   2.620959e+00   8.904144e+00
4.023197e+00   1.516014e+01   2.620846e+00   8.904031e+00
4.030377e+00   1.518454e+01   2.620733e+00   8.903919e+00
4.037557e+00   1.520893e+01   2.620621e+00   8.903806e+00
4.044737e+00   1.523332e+01   2.620509e+00   8.903694e+00
4.051916e+00   1.525772e+01   2.620398e+00   8.903583e+00
4.059095e+00   1.528211e+01   2.620286e+00   8.903472e+00
4.066274e+00   1.530650e+01   2.620175e+00   8.903361e+00
4.073452e+00   1.533089e+01   2.620065e+00   8.903250e+00
4.080630e+00   1.535529e+01   2.619955e+00   8.903140e+00
4.087808e+00   1.537968e+01   2.619845e+00   8.903030e+00
4.094986e+00   1.540407e+01   2.619735e+00   8.902921e+00
4.102163e+00   1.542846e+01   2.619626e+00   8.902811e+00
4.109340e+00   1.545285e+01   2.619517e+00   8.902702e+00
4.116516e+00   1.547724e+01   2.619409e+00   8.902594e+00
4.123693e+00   1.550163e+01   2.619300e+00   8.902486e+00
4.130869e+00   1.552602e+01   2.619192e+00   8.902378e+00
4.138044e+00   1.555041e+01   2.619085e+00   8.902270e+00
4.145220e+00   1.557480e+01   2.618978e+00   8.902163e+00
4.152395e+00   1.559919e+01   2.618871e+00   8.902056e+00
4.159570e+00   1.562358e+01   2.618764e+00   8.901949e+00
4.166744e+00   1.564797e+01   2.618658e+00   8.901843e+00
4.173919e+00   1.567235e+01   2.618552e+00   8.901737e+00
4.181093e+00   1.569674e+01   2.618446e+00   8.901631e+00
