Method       t0       tn       N         h
Verlet  0.0e+00  2.0e+00     366 5.479e-03

rx  -  ry  -  vx  -  vy
9.641328e-01   2.465761e-01  -4.414756e-03   1.662854e-02
9.635288e-01   2.465189e-01  -2.161562e-01  -3.753485e-02
9.617639e-01   2.461648e-01  -4.284040e-01  -9.184923e-02
9.588340e-01   2.455124e-01  -6.416762e-01  -1.464474e-01
9.547319e-01   2.445599e-01  -8.565043e-01  -2.014658e-01
9.494476e-01   2.433045e-01  -1.073441e+00  -2.570468e-01
9.429681e-01   2.417429e-01  -1.293070e+00  -3.133402e-01
9.352770e-01   2.398707e-01  -1.516012e+00  -3.705063e-01
9.263543e-01   2.376826e-01  -1.742937e+00  -4.287183e-01
9.161763e-01   2.351724e-01  -1.974578e+00  -4.881654e-01
9.047151e-01   2.323328e-01  -2.211746e+00  -5.490572e-01
8.919380e-01   2.291553e-01  -2.455343e+00  -6.116278e-01
8.778072e-01   2.256300e-01  -2.706392e+00  -6.761423e-01
8.622789e-01   2.217455e-01  -2.966062e+00  -7.429038e-01
8.453024e-01   2.174886e-01  -3.235703e+00  -8.122629e-01
8.268192e-01   2.128440e-01  -3.516894e+00  -8.846301e-01
8.067611e-01   2.077940e-01  -3.811506e+00  -9.604918e-01
7.850492e-01   2.023181e-01  -4.121782e+00  -1.040432e+00
7.615909e-01   1.963920e-01  -4.450454e+00  -1.125162e+00
7.362771e-01   1.899875e-01  -4.800895e+00  -1.215561e+00
7.089784e-01   1.830708e-01  -5.177348e+00  -1.312735e+00
6.795391e-01   1.756014e-01  -5.585253e+00  -1.418105e+00
6.477701e-01   1.675300e-01  -6.031744e+00  -1.533534e+00
6.134378e-01   1.587956e-01  -6.526433e+00  -1.661534e+00
5.762476e-01   1.493214e-01  -7.082682e+00  -1.805604e+00
5.358193e-01   1.390081e-01  -7.719814e+00  -1.970806e+00
4.916469e-01   1.277235e-01  -8.467186e+00  -2.164842e+00
4.430283e-01   1.152838e-01  -9.372380e+00  -2.400215e+00
3.889358e-01   1.014198e-01  -1.051969e+01  -2.699117e+00
3.277440e-01   8.570445e-02  -1.207933e+01  -3.106483e+00
2.565597e-01   6.737611e-02  -1.447792e+01  -3.735369e+00
1.690819e-01   4.476890e-02  -1.938237e+01  -5.030738e+00
4.415009e-02   1.224473e-02  -7.245116e+01  -1.970606e+01
-6.249034e-01  -1.711880e-01  -1.218538e+02  -3.340840e+01
-1.291234e+00  -3.538747e-01  -1.215471e+02  -3.332438e+01
-1.956926e+00  -5.363866e-01  -1.214636e+02  -3.330148e+01
-2.622341e+00  -7.188224e-01  -1.214241e+02  -3.329067e+01
-3.287602e+00  -9.012159e-01  -1.214010e+02  -3.328434e+01
-3.952764e+00  -1.083582e+00  -1.213859e+02  -3.328018e+01
-4.617858e+00  -1.265930e+00  -1.213751e+02  -3.327723e+01
-5.282902e+00  -1.448264e+00  -1.213671e+02  -3.327503e+01
-5.947908e+00  -1.630588e+00  -1.213609e+02  -3.327333e+01
-6.612884e+00  -1.812903e+00  -1.213559e+02  -3.327197e+01
-7.277835e+00  -1.995212e+00  -1.213518e+02  -3.327085e+01
-7.942767e+00  -2.177516e+00  -1.213485e+02  -3.326993e+01
-8.607682e+00  -2.359814e+00  -1.213456e+02  -3.326915e+01
-9.272582e+00  -2.542109e+00  -1.213432e+02  -3.326848e+01
-9.937470e+00  -2.724400e+00  -1.213411e+02  -3.326790e+01
-1.060235e+01  -2.906689e+00  -1.213392e+02  -3.326740e+01
-1.126722e+01  -3.088975e+00  -1.213376e+02  -3.326695e+01
-1.193207e+01  -3.271258e+00  -1.213362e+02  -3.326656e+01
-1.259693e+01  -3.453540e+00  -1.213349e+02  -3.326620e+01
-1.326177e+01  -3.635819e+00  -1.213337e+02  -3.326588e+01
-1.392661e+01  -3.818097e+00  -1.213326e+02  -3.326559e+01
-1.459144e+01  -4.000374e+00  -1.213317e+02  -3.326533e+01
-1.525627e+01  -4.182649e+00  -1.213308e+02  -3.326509e+01
-1.592110e+01  -4.364923e+00  -1.213300e+02  -3.326487e+01
-1.658592e+01  -4.547195e+00  -1.213293e+02  -3.326467e+01
-1.725073e+01  -4.729467e+00  -1.213286e+02  -3.326449e+01
-1.791555e+01  -4.911738e+00  -1.213280e+02  -3.326431e+01
-1.858036e+01  -5.094007e+00  -1.213274e+02  -3.326415e+01
-1.924516e+01  -5.276276e+00  -1.213269e+02  -3.326400e+01
-1.990996e+01  -5.458544e+00  -1.213263e+02  -3.326387e+01
-2.057476e+01  -5.640812e+00  -1.213259e+02  -3.326374e+01
-2.123956e+01  -5.823079e+00  -1.213254e+02  -3.326361e+01
-2.190436e+01  -6.005345e+00  -1.213250e+02  -3.326350e+01
-2.256915e+01  -6.187610e+00  -1.213246e+02  -3.326339e+01
-2.323394e+01  -6.369875e+00  -1.213242e+02  -3.326329e+01
-2.389873e+01  -6.552139e+00  -1.213239e+02  -3.326319e+01
-2.456352e+01  -6.734403e+00  -1.213236e+02  -3.326310e+01
-2.522831e+01  -6.916666e+00  -1.213233e+02  -3.326302e+01
-2.589309e+01  -7.098929e+00  -1.213230e+02  -3.326294e+01
-2.655787e+01  -7.281192e+00  -1.213227e+02  -3.326286e+01
-2.722265e+01  -7.463454e+00  -1.213224e+02  -3.326279e+01
-2.788743e+01  -7.645715e+00  -1.213222e+02  -3.326272e+01
-2.855221e+01  -7.827977e+00  -1.213219e+02  -3.326265e+01
-2.921699e+01  -8.010238e+00  -1.213217e+02  -3.326258e+01
-2.988176e+01  -8.192498e+00  -1.213215e+02  -3.326252e+01
-3.054654e+01  -8.374758e+00  -1.213212e+02  -3.326247e+01
-3.121131e+01  -8.557018e+00  -1.213210e+02  -3.326241e+01
-3.187608e+01  -8.739278e+00  -1.213208e+02  -3.326236e+01
-3.254086e+01  -8.921537e+00  -1.213207e+02  -3.326230e+01
-3.320563e+01  -9.103796e+00  -1.213205e+02  -3.326226e+01
-3.387040e+01  -9.286055e+00  -1.213203e+02  -3.326221e+01
-3.453516e+01  -9.468314e+00  -1.213201e+02  -3.326216e+01
-3.519993e+01  -9.650572e+00  -1.213200e+02  -3.326212e+01
-3.586470e+01  -9.832830e+00  -1.213198e+02  -3.326208e+01
-3.652946e+01  -1.001509e+01  -1.213197e+02  -3.326204e+01
-3.719423e+01  -1.019735e+01  -1.213195e+02  -3.326200e+01
-3.785899e+01  -1.037960e+01  -1.213194e+02  -3.326196e+01
-3.852376e+01  -1.056186e+01  -1.213193e+02  -3.326192e+01
-3.918852e+01  -1.074412e+01  -1.213191e+02  -3.326189e+01
-3.985328e+01  -1.092637e+01  -1.213190e+02  -3.326185e+01
-4.051804e+01  -1.110863e+01  -1.213189e+02  -3.326182e+01
-4.118280e+01  -1.129089e+01  -1.213188e+02  -3.326179e+01
-4.184756e+01  -1.147314e+01  -1.213187e+02  -3.326176e+01
-4.251232e+01  -1.165540e+01  -1.213185e+02  -3.326173e+01
-4.317708e+01  -1.183766e+01  -1.213184e+02  -3.326170e+01
-4.384184e+01  -1.201991e+01  -1.213183e+02  -3.326167e+01
-4.450660e+01  -1.220217e+01  -1.213182e+02  -3.326164e+01
-4.517135e+01  -1.238442e+01  -1.213181e+02  -3.326162e+01
-4.583611e+01  -1.256668e+01  -1.213181e+02  -3.326159e+01
-4.650087e+01  -1.274893e+01  -1.213180e+02  -3.326157e+01
-4.716562e+01  -1.293119e+01  -1.213179e+02  -3.326154e+01
-4.783038e+01  -1.311344e+01  -1.213178e+02  -3.326152e+01
-4.849513e+01  -1.329570e+01  -1.213177e+02  -3.326150e+01
-4.915989e+01  -1.347795e+01  -1.213176e+02  -3.326147e+01
-4.982464e+01  -1.366021e+01  -1.213175e+02  -3.326145e+01
-5.048939e+01  -1.384246e+01  -1.213175e+02  -3.326143e+01
-5.115415e+01  -1.402472e+01  -1.213174e+02  -3.326141e+01
-5.181890e+01  -1.420697e+01  -1.213173e+02  -3.326139e+01
-5.248365e+01  -1.438922e+01  -1.213172e+02  -3.326137e+01
-5.314840e+01  -1.457148e+01  -1.213172e+02  -3.326135e+01
-5.381316e+01  -1.475373e+01  -1.213171e+02  -3.326133e+01
-5.447791e+01  -1.493599e+01  -1.213170e+02  -3.326131e+01
-5.514266e+01  -1.511824e+01  -1.213170e+02  -3.326130e+01
-5.580741e+01  -1.530049e+01  -1.213169e+02  -3.326128e+01
-5.647216e+01  -1.548275e+01  -1.213169e+02  -3.326126e+01
-5.713691e+01  -1.566500e+01  -1.213168e+02  -3.326125e+01
-5.780166e+01  -1.584725e+01  -1.213167e+02  -3.326123e+01
-5.846641e+01  -1.602951e+01  -1.213167e+02  -3.326121e+01
-5.913115e+01  -1.621176e+01  -1.213166e+02  -3.326120e+01
-5.979590e+01  -1.639401e+01  -1.213166e+02  -3.326118e+01
-6.046065e+01  -1.657627e+01  -1.213165e+02  -3.326117e+01
-6.112540e+01  -1.675852e+01  -1.213165e+02  -3.326115e+01
-6.179015e+01  -1.694077e+01  -1.213164e+02  -3.326114e+01
-6.245489e+01  -1.712302e+01  -1.213164e+02  -3.326113e+01
-6.311964e+01  -1.730528e+01  -1.213163e+02  -3.326111e+01
-6.378439e+01  -1.748753e+01  -1.213163e+02  -3.326110e+01
-6.444913e+01  -1.766978e+01  -1.213162e+02  -3.326109e+01
-6.511388e+01  -1.785204e+01  -1.213162e+02  -3.326107e+01
-6.577863e+01  -1.803429e+01  -1.213161e+02  -3.326106e+01
-6.644337e+01  -1.821654e+01  -1.213161e+02  -3.326105e+01
-6.710812e+01  -1.839879e+01  -1.213160e+02  -3.326104e+01
-6.777286e+01  -1.858104e+01  -1.213160e+02  -3.326103e+01
-6.843761e+01  -1.876330e+01  -1.213159e+02  -3.326101e+01
-6.910235e+01  -1.894555e+01  -1.213159e+02  -3.326100e+01
-6.976710e+01  -1.912780e+01  -1.213159e+02  -3.326099e+01
-7.043184e+01  -1.931005e+01  -1.213158e+02  -3.326098e+01
-7.109659e+01  -1.949230e+01  -1.213158e+02  -3.326097e+01
-7.176133e+01  -1.967456e+01  -1.213158e+02  -3.326096e+01
-7.242607e+01  -1.985681e+01  -1.213157e+02  -3.326095e+01
-7.309082e+01  -2.003906e+01  -1.213157e+02  -3.326094e+01
-7.375556e+01  -2.022131e+01  -1.213156e+02  -3.326093e+01
-7.442030e+01  -2.040356e+01  -1.213156e+02  -3.326092e+01
-7.508505e+01  -2.058582e+01  -1.213156e+02  -3.326091e+01
-7.574979e+01  -2.076807e+01  -1.213155e+02  -3.326090e+01
-7.641453e+01  -2.095032e+01  -1.213155e+02  -3.326089e+01
-7.707927e+01  -2.113257e+01  -1.213155e+02  -3.326088e+01
-7.774402e+01  -2.131482e+01  -1.213154e+02  -3.326087e+01
-7.840876e+01  -2.149707e+01  -1.213154e+02  -3.326087e+01
-7.907350e+01  -2.167932e+01  -1.213154e+02  -3.326086e+01
-7.973824e+01  -2.186158e+01  -1.213153e+02  -3.326085e+01
-8.040298e+01  -2.204383e+01  -1.213153e+02  -3.326084e+01
-8.106773e+01  -2.222608e+01  -1.213153e+02  -3.326083e+01
-8.173247e+01  -2.240833e+01  -1.213153e+02  -3.326082e+01
-8.239721e+01  -2.259058e+01  -1.213152e+02  -3.326082e+01
-8.306195e+01  -2.277283e+01  -1.213152e+02  -3.326081e+01
-8.372669e+01  -2.295508e+01  -1.213152e+02  -3.326080e+01
-8.439143e+01  -2.313733e+01  -1.213151e+02  -3.326079e+01
-8.505617e+01  -2.331958e+01  -1.213151e+02  -3.326079e+01
-8.572091e+01  -2.350183e+01  -1.213151e+02  -3.326078e+01
-8.638565e+01  -2.368409e+01  -1.213151e+02  -3.326077e+01
-8.705039e+01  -2.386634e+01  -1.213150e+02  -3.326076e+01
-8.771513e+01  -2.404859e+01  -1.213150e+02  -3.326076e+01
-8.837987e+01  -2.423084e+01  -1.213150e+02  -3.326075e+01
-8.904461e+01  -2.441309e+01  -1.213150e+02  -3.326074e+01
-8.970935e+01  -2.459534e+01  -1.213149e+02  -3.326074e+01
-9.037409e+01  -2.477759e+01  -1.213149e+02  -3.326073e+01
-9.103883e+01  -2.495984e+01  -1.213149e+02  -3.326072e+01
-9.170357e+01  -2.514209e+01  -1.213149e+02  -3.326072e+01
-9.236831e+01  -2.532434e+01  -1.213148e+02  -3.326071e+01
-9.303304e+01  -2.550659e+01  -1.213148e+02  -3.326071e+01
-9.369778e+01  -2.568884e+01  -1.213148e+02  -3.326070e+01
-9.436252e+01  -2.587109e+01  -1.213148e+02  -3.326069e+01
-9.502726e+01  -2.605334e+01  -1.213148e+02  -3.326069e+01
-9.569200e+01  -2.623559e+01  -1.213147e+02  -3.326068e+01
-9.635674e+01  -2.641784e+01  -1.213147e+02  -3.326068e+01
-9.702147e+01  -2.660009e+01  -1.213147e+02  -3.326067e+01
-9.768621e+01  -2.678234e+01  -1.213147e+02  -3.326066e+01
-9.835095e+01  -2.696459e+01  -1.213147e+02  -3.326066e+01
-9.901569e+01  -2.714684e+01  -1.213146e+02  -3.326065e+01
-9.968043e+01  -2.732909e+01  -1.213146e+02  -3.326065e+01
-1.003452e+02  -2.751134e+01  -1.213146e+02  -3.326064e+01
-1.010099e+02  -2.769359e+01  -1.213146e+02  -3.326064e+01
-1.016746e+02  -2.787584e+01  -1.213146e+02  -3.326063e+01
-1.023394e+02  -2.805809e+01  -1.213145e+02  -3.326063e+01
-1.030041e+02  -2.824034e+01  -1.213145e+02  -3.326062e+01
-1.036688e+02  -2.842259e+01  -1.213145e+02  -3.326062e+01
-1.043336e+02  -2.860484e+01  -1.213145e+02  -3.326061e+01
-1.049983e+02  -2.878709e+01  -1.213145e+02  -3.326061e+01
-1.056631e+02  -2.896934e+01  -1.213144e+02  -3.326060e+01
-1.063278e+02  -2.915159e+01  -1.213144e+02  -3.326060e+01
-1.069925e+02  -2.933384e+01  -1.213144e+02  -3.326059e+01
-1.076573e+02  -2.951609e+01  -1.213144e+02  -3.326059e+01
-1.083220e+02  -2.969834e+01  -1.213144e+02  -3.326058e+01
-1.089867e+02  -2.988059e+01  -1.213144e+02  -3.326058e+01
-1.096515e+02  -3.006284e+01  -1.213143e+02  -3.326057e+01
-1.103162e+02  -3.024509e+01  -1.213143e+02  -3.326057e+01
-1.109810e+02  -3.042734e+01  -1.213143e+02  -3.326057e+01
-1.116457e+02  -3.060959e+01  -1.213143e+02  -3.326056e+01
-1.123104e+02  -3.079184e+01  -1.213143e+02  -3.326056e+01
-1.129752e+02  -3.097409e+01  -1.213143e+02  -3.326055e+01
-1.136399e+02  -3.115634e+01  -1.213143e+02  -3.326055e+01
-1.143046e+02  -3.133859e+01  -1.213142e+02  -3.326055e+01
-1.149694e+02  -3.152084e+01  -1.213142e+02  -3.326054e+01
-1.156341e+02  -3.170309e+01  -1.213142e+02  -3.326054e+01
-1.162988e+02  -3.188534e+01  -1.213142e+02  -3.326053e+01
-1.169636e+02  -3.206759e+01  -1.213142e+02  -3.326053e+01
-1.176283e+02  -3.224984e+01  -1.213142e+02  -3.326053e+01
-1.182930e+02  -3.243209e+01  -1.213142e+02  -3.326052e+01
-1.189578e+02  -3.261434e+01  -1.213141e+02  -3.326052e+01
-1.196225e+02  -3.279659e+01  -1.213141e+02  -3.326051e+01
-1.202872e+02  -3.297884e+01  -1.213141e+02  -3.326051e+01
-1.209520e+02  -3.316108e+01  -1.213141e+02  -3.326051e+01
-1.216167e+02  -3.334333e+01  -1.213141e+02  -3.326050e+01
-1.222815e+02  -3.352558e+01  -1.213141e+02  -3.326050e+01
-1.229462e+02  -3.370783e+01  -1.213141e+02  -3.326050e+01
-1.236109e+02  -3.389008e+01  -1.213140e+02  -3.326049e+01
-1.242757e+02  -3.407233e+01  -1.213140e+02  -3.326049e+01
-1.249404e+02  -3.425458e+01  -1.213140e+02  -3.326049e+01
-1.256051e+02  -3.443683e+01  -1.213140e+02  -3.326048e+01
-1.262699e+02  -3.461908e+01  -1.213140e+02  -3.326048e+01
-1.269346e+02  -3.480133e+01  -1.213140e+02  -3.326048e+01
-1.275993e+02  -3.498358e+01  -1.213140e+02  -3.326047e+01
-1.282641e+02  -3.516583e+01  -1.213140e+02  -3.326047e+01
-1.289288e+02  -3.534808e+01  -1.213139e+02  -3.326047e+01
-1.295935e+02  -3.553032e+01  -1.213139e+02  -3.326046e+01
-1.302583e+02  -3.571257e+01  -1.213139e+02  -3.326046e+01
-1.309230e+02  -3.589482e+01  -1.213139e+02  -3.326046e+01
-1.315877e+02  -3.607707e+01  -1.213139e+02  -3.326045e+01
-1.322525e+02  -3.625932e+01  -1.213139e+02  -3.326045e+01
-1.329172e+02  -3.644157e+01  -1.213139e+02  -3.326045e+01
-1.335819e+02  -3.662382e+01  -1.213139e+02  -3.326044e+01
-1.342467e+02  -3.680607e+01  -1.213139e+02  -3.326044e+01
-1.349114e+02  -3.698832e+01  -1.213138e+02  -3.326044e+01
-1.355761e+02  -3.717057e+01  -1.213138e+02  -3.326044e+01
-1.362409e+02  -3.735282e+01  -1.213138e+02  -3.326043e+01
-1.369056e+02  -3.753506e+01  -1.213138e+02  -3.326043e+01
-1.375703e+02  -3.771731e+01  -1.213138e+02  -3.326043e+01
-1.382351e+02  -3.789956e+01  -1.213138e+02  -3.326042e+01
-1.388998e+02  -3.808181e+01  -1.213138e+02  -3.326042e+01
-1.395645e+02  -3.826406e+01  -1.213138e+02  -3.326042e+01
-1.402293e+02  -3.844631e+01  -1.213138e+02  -3.326042e+01
-1.408940e+02  -3.862856e+01  -1.213138e+02  -3.326041e+01
-1.415587e+02  -3.881081e+01  -1.213137e+02  -3.326041e+01
-1.422235e+02  -3.899306e+01  -1.213137e+02  -3.326041e+01
-1.428882e+02  -3.917530e+01  -1.213137e+02  -3.326041e+01
-1.435529e+02  -3.935755e+01  -1.213137e+02  -3.326040e+01
-1.442177e+02  -3.953980e+01  -1.213137e+02  -3.326040e+01
-1.448824e+02  -3.972205e+01  -1.213137e+02  -3.326040e+01
-1.455471e+02  -3.990430e+01  -1.213137e+02  -3.326039e+01
-1.462119e+02  -4.008655e+01  -1.213137e+02  -3.326039e+01
-1.468766e+02  -4.026880e+01  -1.213137e+02  -3.326039e+01
-1.475413e+02  -4.045105e+01  -1.213137e+02  -3.326039e+01
-1.482061e+02  -4.063329e+01  -1.213137e+02  -3.326039e+01
-1.488708e+02  -4.081554e+01  -1.213136e+02  -3.326038e+01
-1.495355e+02  -4.099779e+01  -1.213136e+02  -3.326038e+01
-1.502003e+02  -4.118004e+01  -1.213136e+02  -3.326038e+01
-1.508650e+02  -4.136229e+01  -1.213136e+02  -3.326038e+01
-1.515297e+02  -4.154454e+01  -1.213136e+02  -3.326037e+01
-1.521944e+02  -4.172679e+01  -1.213136e+02  -3.326037e+01
-1.528592e+02  -4.190903e+01  -1.213136e+02  -3.326037e+01
-1.535239e+02  -4.209128e+01  -1.213136e+02  -3.326037e+01
-1.541886e+02  -4.227353e+01  -1.213136e+02  -3.326036e+01
-1.548534e+02  -4.245578e+01  -1.213136e+02  -3.326036e+01
-1.555181e+02  -4.263803e+01  -1.213136e+02  -3.326036e+01
-1.561828e+02  -4.282028e+01  -1.213136e+02  -3.326036e+01
-1.568476e+02  -4.300253e+01  -1.213135e+02  -3.326036e+01
-1.575123e+02  -4.318477e+01  -1.213135e+02  -3.326035e+01
-1.581770e+02  -4.336702e+01  -1.213135e+02  -3.326035e+01
-1.588418e+02  -4.354927e+01  -1.213135e+02  -3.326035e+01
-1.595065e+02  -4.373152e+01  -1.213135e+02  -3.326035e+01
-1.601712e+02  -4.391377e+01  -1.213135e+02  -3.326034e+01
-1.608360e+02  -4.409602e+01  -1.213135e+02  -3.326034e+01
-1.615007e+02  -4.427826e+01  -1.213135e+02  -3.326034e+01
-1.621654e+02  -4.446051e+01  -1.213135e+02  -3.326034e+01
-1.628302e+02  -4.464276e+01  -1.213135e+02  -3.326034e+01
-1.634949e+02  -4.482501e+01  -1.213135e+02  -3.326033e+01
-1.641596e+02  -4.500726e+01  -1.213135e+02  -3.326033e+01
-1.648243e+02  -4.518951e+01  -1.213135e+02  -3.326033e+01
-1.654891e+02  -4.537176e+01  -1.213134e+02  -3.326033e+01
-1.661538e+02  -4.555400e+01  -1.213134e+02  -3.326033e+01
-1.668185e+02  -4.573625e+01  -1.213134e+02  -3.326032e+01
-1.674833e+02  -4.591850e+01  -1.213134e+02  -3.326032e+01
-1.681480e+02  -4.610075e+01  -1.213134e+02  -3.326032e+01
-1.688127e+02  -4.628300e+01  -1.213134e+02  -3.326032e+01
-1.694775e+02  -4.646525e+01  -1.213134e+02  -3.326032e+01
-1.701422e+02  -4.664749e+01  -1.213134e+02  -3.326032e+01
-1.708069e+02  -4.682974e+01  -1.213134e+02  -3.326031e+01
-1.714717e+02  -4.701199e+01  -1.213134e+02  -3.326031e+01
-1.721364e+02  -4.719424e+01  -1.213134e+02  -3.326031e+01
-1.728011e+02  -4.737649e+01  -1.213134e+02  -3.326031e+01
-1.734659e+02  -4.755874e+01  -1.213134e+02  -3.326031e+01
-1.741306e+02  -4.774098e+01  -1.213134e+02  -3.326030e+01
-1.747953e+02  -4.792323e+01  -1.213134e+02  -3.326030e+01
-1.754600e+02  -4.810548e+01  -1.213133e+02  -3.326030e+01
-1.761248e+02  -4.828773e+01  -1.213133e+02  -3.326030e+01
-1.767895e+02  -4.846998e+01  -1.213133e+02  -3.326030e+01
-1.774542e+02  -4.865222e+01  -1.213133e+02  -3.326030e+01
-1.781190e+02  -4.883447e+01  -1.213133e+02  -3.326029e+01
-1.787837e+02  -4.901672e+01  -1.213133e+02  -3.326029e+01
-1.794484e+02  -4.919897e+01  -1.213133e+02  -3.326029e+01
-1.801132e+02  -4.938122e+01  -1.213133e+02  -3.326029e+01
-1.807779e+02  -4.956347e+01  -1.213133e+02  -3.326029e+01
-1.814426e+02  -4.974571e+01  -1.213133e+02  -3.326029e+01
-1.821073e+02  -4.992796e+01  -1.213133e+02  -3.326028e+01
-1.827721e+02  -5.011021e+01  -1.213133e+02  -3.326028e+01
-1.834368e+02  -5.029246e+01  -1.213133e+02  -3.326028e+01
-1.841015e+02  -5.047471e+01  -1.213133e+02  -3.326028e+01
-1.847663e+02  -5.065695e+01  -1.213133e+02  -3.326028e+01
-1.854310e+02  -5.083920e+01  -1.213133e+02  -3.326028e+01
-1.860957e+02  -5.102145e+01  -1.213133e+02  -3.326028e+01
-1.867605e+02  -5.120370e+01  -1.213132e+02  -3.326027e+01
-1.874252e+02  -5.138595e+01  -1.213132e+02  -3.326027e+01
-1.880899e+02  -5.156819e+01  -1.213132e+02  -3.326027e+01
-1.887546e+02  -5.175044e+01  -1.213132e+02  -3.326027e+01
-1.894194e+02  -5.193269e+01  -1.213132e+02  -3.326027e+01
-1.900841e+02  -5.211494e+01  -1.213132e+02  -3.326027e+01
-1.907488e+02  -5.229719e+01  -1.213132e+02  -3.326026e+01
-1.914136e+02  -5.247943e+01  -1.213132e+02  -3.326026e+01
-1.920783e+02  -5.266168e+01  -1.213132e+02  -3.326026e+01
-1.927430e+02  -5.284393e+01  -1.213132e+02  -3.326026e+01
-1.934078e+02  -5.302618e+01  -1.213132e+02  -3.326026e+01
-1.940725e+02  -5.320843e+01  -1.213132e+02  -3.326026e+01
-1.947372e+02  -5.339067e+01  -1.213132e+02  -3.326026e+01
-1.954019e+02  -5.357292e+01  -1.213132e+02  -3.326025e+01
-1.960667e+02  -5.375517e+01  -1.213132e+02  -3.326025e+01
-1.967314e+02  -5.393742e+01  -1.213132e+02  -3.326025e+01
-1.973961e+02  -5.411967e+01  -1.213132e+02  -3.326025e+01
-1.980609e+02  -5.430191e+01  -1.213132e+02  -3.326025e+01
-1.987256e+02  -5.448416e+01  -1.213132e+02  -3.326025e+01
-1.993903e+02  -5.466641e+01  -1.213131e+02  -3.326025e+01
-2.000551e+02  -5.484866e+01  -1.213131e+02  -3.326025e+01
-2.007198e+02  -5.503091e+01  -1.213131e+02  -3.326024e+01
-2.013845e+02  -5.521315e+01  -1.213131e+02  -3.326024e+01
-2.020492e+02  -5.539540e+01  -1.213131e+02  -3.326024e+01
-2.027140e+02  -5.557765e+01  -1.213131e+02  -3.326024e+01
-2.033787e+02  -5.575990e+01  -1.213131e+02  -3.326024e+01
-2.040434e+02  -5.594215e+01  -1.213131e+02  -3.326024e+01
-2.047082e+02  -5.612439e+01  -1.213131e+02  -3.326024e+01
-2.053729e+02  -5.630664e+01  -1.213131e+02  -3.326023e+01
-2.060376e+02  -5.648889e+01  -1.213131e+02  -3.326023e+01
-2.067024e+02  -5.667114e+01  -1.213131e+02  -3.326023e+01
-2.073671e+02  -5.685339e+01  -1.213131e+02  -3.326023e+01
-2.080318e+02  -5.703563e+01  -1.213131e+02  -3.326023e+01
-2.086965e+02  -5.721788e+01  -1.213131e+02  -3.326023e+01
-2.093613e+02  -5.740013e+01  -1.213131e+02  -3.326023e+01
-2.100260e+02  -5.758238e+01  -1.213131e+02  -3.326023e+01
-2.106907e+02  -5.776462e+01  -1.213131e+02  -3.326022e+01
-2.113555e+02  -5.794687e+01  -1.213131e+02  -3.326022e+01
-2.120202e+02  -5.812912e+01  -1.213131e+02  -3.326022e+01
-2.126849e+02  -5.831137e+01  -1.213131e+02  -3.326022e+01
-2.133496e+02  -5.849362e+01  -1.213131e+02  -3.326022e+01
-2.140144e+02  -5.867586e+01  -1.213130e+02  -3.326022e+01
-2.146791e+02  -5.885811e+01  -1.213130e+02  -3.326022e+01
-2.153438e+02  -5.904036e+01  -1.213130e+02  -3.326022e+01
-2.160086e+02  -5.922261e+01  -1.213130e+02  -3.326022e+01
-2.166733e+02  -5.940485e+01  -1.213130e+02  -3.326021e+01
-2.173380e+02  -5.958710e+01  -1.213130e+02  -3.326021e+01
-2.180027e+02  -5.976935e+01  -1.213130e+02  -3.326021e+01
-2.186675e+02  -5.995160e+01  -1.213130e+02  -3.326021e+01
-2.193322e+02  -6.013385e+01  -1.213130e+02  -3.326021e+01
-2.199969e+02  -6.031609e+01  -1.213130e+02  -3.326021e+01
-2.206617e+02  -6.049834e+01  -1.213130e+02  -3.326021e+01
-2.213264e+02  -6.068059e+01  -1.213130e+02  -3.326021e+01
