           -384            -78
           -448            -80
           -468           -114
           -516           -136
           -532           -130
           -540           -148
           -552           -164
           -576           -164
           -588           -176
           -592           -168
           -596           -188
           -624           -208
           -644           -218
           -648           -234
           -652           -244
           -660           -252
           -664           -250
           -684           -270
           -684           -280
           -688           -288
           -688           -300
           -688           -288
           -688           -296
           -696           -308
           -700           -310
           -700           -318
           -696           -322
           -704           -330
           -712           -334
           -712           -338
           -712           -338
           -712           -338
           -712           -338
           -712           -338
           -712           -338
           -712           -338
           -712           -338
           -712           -338
           -712           -338
           -712           -338
           -712           -338
           -712           -338
           -712           -338
           -712           -338
           -712           -338
           -712           -338
           -712           -338
           -712           -338
           -712           -338
           -712           -338
           -712           -338
           -712           -338
           -712           -338
           -712           -338
           -712           -338
           -712           -338
           -712           -338
           -712           -338
           -712           -338
           -712           -338
           -712           -338
           -712           -338
           -712           -338
           -712           -338
           -712           -338
           -712           -338
           -712           -338
           -712           -338
           -712           -338
           -712           -338
           -712           -338
           -712           -338
           -712           -338
           -712           -338
           -712           -338
           -712           -338
           -712           -338
           -712           -338
           -712           -338
           -712           -338
           -712           -338
           -712           -338
           -712           -338
           -712           -338
           -712           -338
           -712           -338
           -712           -338
           -712           -338
           -712           -338
           -712           -338
           -712           -338
           -712           -338
           -712           -338
           -712           -338
           -712           -338
           -712           -338
           -712           -338
           -712           -338
           -712           -338
           -712           -338
           -712           -338
           -712           -338
           -712           -338
           -712           -338
           -712           -338
           -712           -338
           -712           -338
           -712           -338
           -712           -338
           -712           -338
           -712           -338
           -712           -338
           -712           -338
           -712           -338
           -712           -338
           -712           -338
           -712           -338
           -712           -338
           -712           -338
           -712           -338
           -712           -338
           -712           -338
           -712           -338
           -712           -338
           -712           -338
           -712           -338
           -712           -338
           -712           -338
           -712           -338
           -712           -338
           -712           -338
           -712           -338
           -712           -338
           -712           -338
           -712           -338
           -712           -338
           -712           -338
           -712           -338
           -712           -338
           -712           -338
           -712           -338
           -712           -338
           -712           -338
           -712           -338
           -712           -338
           -712           -338
           -712           -338
           -712           -338
           -712           -338
           -712           -338
           -712           -338
           -712           -338
           -712           -338
           -712           -338
           -712           -338
           -712           -338
           -712           -338
           -712           -338
           -712           -338
           -712           -338
           -712           -338
           -712           -338
           -712           -338
           -712           -338
           -712           -338
           -712           -338
           -712           -338
           -712           -338
           -712           -338
           -712           -338
           -712           -338
           -712           -338
           -712           -338
           -712           -338
           -712           -338
           -712           -338
           -712           -338
           -712           -338
           -712           -338
           -712           -338
           -712           -338
           -712           -338
           -712           -338
           -712           -338
           -712           -338
           -712           -338
           -712           -338
           -712           -338
           -712           -338
           -712           -338
           -712           -338
           -712           -338
           -712           -338
           -712           -338
           -712           -338
           -712           -338
           -712           -338
           -712           -338
           -712           -338
           -712           -338
           -712           -338
           -712           -338
           -712           -338
           -712           -338
           -712           -338
           -712           -338
           -712           -338
           -712           -338
           -712           -338
           -712           -338
           -712           -338
           -712           -338
           -712           -338
           -712           -338
           -712           -338
           -712           -338
           -712           -338
           -712           -338
           -712           -338
           -712           -338
           -712           -338
           -712           -338
           -712           -338
           -712           -338
           -712           -338
           -712           -338
           -712           -338
           -712           -338
           -712           -338
           -712           -338
           -712           -338
           -712           -338
           -712           -338
           -712           -338
           -712           -338
           -712           -338
           -712           -338
           -712           -338
           -712           -338
           -712           -338
           -712           -338
           -712           -338
           -712           -338
           -712           -338
           -712           -338
           -712           -338
           -712           -338
           -712           -338
           -712           -338
           -712           -338
           -712           -338
           -712           -338
           -712           -338
           -712           -338
           -712           -338
           -712           -338
           -712           -338
           -712           -338
           -712           -338
           -712           -338
           -712           -338
           -712           -338
           -712           -338
           -712           -338
           -712           -338
           -712           -338
           -712           -338
           -712           -338
           -712           -338
           -712           -338
           -712           -338
           -712           -338
           -712           -338
           -712           -338
           -712           -338
           -712           -338
           -712           -338
           -712           -338
           -712           -338
           -712           -338
           -712           -338
           -712           -338
           -712           -338
           -712           -338
           -712           -338
           -712           -338
           -712           -338
           -712           -338
           -712           -338
           -712           -338
           -712           -338
           -712           -338
           -712           -338
           -712           -338
           -712           -338
           -712           -338
           -712           -338
           -712           -338
           -712           -338
           -712           -338
           -712           -338
           -712           -338
           -712           -338
           -712           -338
           -712           -338
           -712           -338
           -712           -338
           -712           -338
           -712           -338
           -712           -338
           -712           -338
           -712           -338
           -712           -338
           -712           -338
           -712           -338
           -712           -338
           -712           -338
           -712           -338
           -712           -338
           -712           -338
           -712           -338
           -712           -338
           -712           -338
           -712           -338
           -712           -338
           -712           -338
           -712           -338
           -712           -338
           -712           -338
           -712           -338
           -712           -338
           -712           -338
           -712           -338
           -712           -338
           -712           -338
           -712           -338
           -712           -338
           -712           -338
           -712           -338
           -712           -338
           -712           -338
           -712           -338
           -712           -338
           -712           -338
           -712           -338
           -712           -338
           -712           -338
           -712           -338
           -712           -338
           -712           -338
           -712           -338
           -712           -338
           -712           -338
           -712           -338
           -712           -338
           -712           -338
           -712           -338
           -712           -338
           -712           -338
           -712           -338
           -712           -338
           -712           -338
           -712           -338
           -712           -338
           -712           -338
           -712           -338
           -712           -338
           -712           -338
           -712           -338
           -712           -338
           -712           -338
           -712           -338
           -712           -338
           -712           -338
           -712           -338
           -712           -338
           -712           -338
           -712           -338
           -712           -338
           -712           -338
           -712           -338
           -712           -338
           -712           -338
           -712           -338
           -712           -338
           -712           -338
           -712           -338
           -712           -338
           -712           -338
           -712           -338
           -712           -338
           -712           -338
           -712           -338
           -712           -338
           -712           -338
           -712           -338
           -712           -338
           -712           -338
           -712           -338
           -712           -338
           -712           -338
           -712           -338
           -712           -338
           -712           -338
           -712           -338
           -712           -338
           -712           -338
           -712           -338
           -712           -338
           -712           -338
           -712           -338
           -712           -338
           -712           -338
           -712           -338
           -712           -338
           -712           -338
           -712           -338
           -712           -338
           -712           -338
           -712           -338
           -712           -338
           -712           -338
           -712           -338
           -712           -338
           -712           -338
           -712           -338
           -712           -338
           -712           -338
           -712           -338
           -712           -338
           -712           -338
           -712           -338
           -712           -338
           -712           -338
           -712           -338
           -712           -338
           -712           -338
           -712           -338
           -712           -338
           -712           -338
           -712           -338
           -712           -338
           -712           -338
           -712           -338
           -712           -338
           -712           -338
           -712           -338
           -712           -338
           -712           -338
           -712           -338
           -712           -338
           -712           -338
           -712           -338
           -712           -338
           -712           -338
           -712           -338
           -712           -338
           -712           -338
           -712           -338
           -712           -338
           -712           -338
           -712           -338
           -712           -338
           -712           -338
           -712           -338
           -712           -338
           -712           -338
           -712           -338
           -712           -338
           -712           -338
           -712           -338
           -712           -338
           -712           -338
           -712           -338
           -712           -338
           -712           -338
           -712           -338
           -712           -338
           -712           -338
           -712           -338
           -712           -338
           -712           -338
           -712           -338
           -712           -338
           -712           -338
           -712           -338
           -712           -338
           -712           -338
           -712           -338
           -712           -338
           -712           -338
           -712           -338
           -712           -338
           -712           -338
           -712           -338
           -712           -338
           -712           -338
           -712           -338
           -712           -338
           -712           -338
           -712           -338
           -712           -338
           -712           -338
           -712           -338
           -712           -338
           -712           -338
           -712           -338
           -712           -338
           -712           -338
           -712           -338
           -712           -338
           -712           -338
           -712           -338
           -712           -338
           -712           -338
           -712           -338
           -712           -338
           -712           -338
           -712           -338
           -712           -338
           -712           -338
           -712           -338
           -712           -338
           -712           -338
           -712           -338
           -712           -338
           -712           -338
           -712           -338
           -712           -338
           -712           -338
           -712           -338
           -712           -338
           -712           -338
           -712           -338
           -712           -338
           -712           -338
           -712           -338
           -712           -338
           -712           -338
           -712           -338
           -712           -338
           -712           -338
           -712           -338
           -712           -338
           -712           -338
           -712           -338
           -712           -338
           -712           -338
           -712           -338
           -712           -338
           -712           -338
           -712           -338
           -712           -338
           -712           -338
           -712           -338
           -712           -338
           -712           -338
           -712           -338
           -712           -338
           -712           -338
           -712           -338
           -712           -338
           -712           -338
           -712           -338
           -712           -338
           -712           -338
           -712           -338
           -712           -338
           -712           -338
           -712           -338
           -712           -338
           -712           -338
           -712           -338
           -712           -338
           -712           -338
           -712           -338
           -712           -338
           -712           -338
           -712           -338
           -712           -338
           -712           -338
           -712           -338
           -712           -338
           -712           -338
           -712           -338
           -712           -338
           -712           -338
           -712           -338
           -712           -338
           -712           -338
           -712           -338
           -712           -338
           -712           -338
           -712           -338
           -712           -338
           -712           -338
           -712           -338
           -712           -338
           -712           -338
           -712           -338
           -712           -338
           -712           -338
           -712           -338
           -712           -338
           -712           -338
           -712           -338
           -712           -338
           -712           -338
           -712           -338
           -712           -338
           -712           -338
           -712           -338
           -712           -338
           -712           -338
           -712           -338
           -712           -338
           -712           -338
           -712           -338
           -712           -338
           -712           -338
           -712           -338
           -712           -338
           -712           -338
           -712           -338
           -712           -338
           -712           -338
           -712           -338
           -712           -338
           -712           -338
           -712           -338
           -712           -338
           -712           -338
           -712           -338
           -712           -338
           -712           -338
           -712           -338
           -712           -338
           -712           -338
           -712           -338
           -712           -338
           -712           -338
           -712           -338
           -712           -338
           -712           -338
           -712           -338
           -712           -338
           -712           -338
           -712           -338
           -712           -338
           -712           -338
           -712           -338
           -712           -338
           -712           -338
           -712           -338
           -712           -338
           -712           -338
           -712           -338
           -712           -338
           -712           -338
           -712           -338
           -712           -338
           -712           -338
           -712           -338
           -712           -338
           -712           -338
           -712           -338
           -712           -338
           -712           -338
           -712           -338
           -712           -338
           -712           -338
           -712           -338
           -712           -338
           -712           -338
           -712           -338
           -712           -338
           -712           -338
           -712           -338
           -712           -338
           -712           -338
           -712           -338
           -712           -338
           -712           -338
           -712           -338
           -712           -338
           -712           -338
           -712           -338
           -712           -338
           -712           -338
           -712           -338
           -712           -338
           -712           -338
           -712           -338
           -712           -338
           -712           -338
           -712           -338
           -712           -338
           -712           -338
           -712           -338
           -712           -338
           -712           -338
           -712           -338
           -712           -338
           -712           -338
           -712           -338
           -712           -338
           -712           -338
           -712           -338
           -712           -338
           -712           -338
           -712           -338
           -712           -338
           -712           -338
           -712           -338
           -712           -338
           -712           -338
           -712           -338
           -712           -338
           -712           -338
           -712           -338
           -712           -338
           -712           -338
           -712           -338
           -712           -338
           -712           -338
           -712           -338
           -712           -338
           -712           -338
           -712           -338
           -712           -338
           -712           -338
           -712           -338
           -712           -338
           -712           -338
           -712           -338
           -712           -338
           -712           -338
           -712           -338
           -712           -338
           -712           -338
           -712           -338
           -712           -338
           -712           -338
           -712           -338
           -712           -338
           -712           -338
           -712           -338
           -712           -338
           -712           -338
           -712           -338
           -712           -338
           -712           -338
           -712           -338
           -712           -338
           -712           -338
           -712           -338
           -712           -338
           -712           -338
           -712           -338
           -712           -338
           -712           -338
           -712           -338
           -712           -338
           -712           -338
           -712           -338
           -712           -338
           -712           -338
           -712           -338
           -712           -338
           -712           -338
           -712           -338
           -712           -338
           -712           -338
           -712           -338
           -712           -338
           -712           -338
           -712           -338
           -712           -338
           -712           -338
           -712           -338
           -712           -338
           -712           -338
           -712           -338
           -712           -338
           -712           -338
           -712           -338
           -712           -338
           -712           -338
           -712           -338
           -712           -338
           -712           -338
           -712           -338
           -712           -338
           -712           -338
           -712           -338
           -712           -338
           -712           -338
           -712           -338
           -712           -338
           -712           -338
           -712           -338
           -712           -338
           -712           -338
           -712           -338
           -712           -338
           -712           -338
           -712           -338
           -712           -338
           -712           -338
           -712           -338
           -712           -338
           -712           -338
           -712           -338
           -712           -338
           -712           -338
           -712           -338
           -712           -338
           -712           -338
           -712           -338
           -712           -338
           -712           -338
           -712           -338
           -712           -338
           -712           -338
           -712           -338
           -712           -338
           -712           -338
           -712           -338
           -712           -338
           -712           -338
           -712           -338
           -712           -338
           -712           -338
           -712           -338
           -712           -338
           -712           -338
           -712           -338
           -712           -338
           -712           -338
           -712           -338
           -712           -338
           -712           -338
           -712           -338
           -712           -338
           -712           -338
           -712           -338
           -712           -338
           -712           -338
           -712           -338
           -712           -338
           -712           -338
           -712           -338
           -712           -338
           -712           -338
           -712           -338
           -712           -338
           -712           -338
           -712           -338
           -712           -338
           -712           -338
           -712           -338
           -712           -338
           -712           -338
           -712           -338
           -712           -338
           -712           -338
           -712           -338
           -712           -338
           -712           -338
           -712           -338
           -712           -338
           -712           -338
           -712           -338
           -712           -338
           -712           -338
           -712           -338
           -712           -338
           -712           -338
           -712           -338
           -712           -338
           -712           -338
           -712           -338
           -712           -338
           -712           -338
           -712           -338
           -712           -338
           -712           -338
           -712           -338
           -712           -338
           -712           -338
           -712           -338
           -712           -338
           -712           -338
           -712           -338
           -712           -338
           -712           -338
           -712           -338
           -712           -338
           -712           -338
           -712           -338
           -712           -338
           -712           -338
           -712           -338
           -712           -338
           -712           -338
           -712           -338
           -712           -338
           -712           -338
           -712           -338
           -712           -338
           -712           -338
           -712           -338
           -712           -338
           -712           -338
           -712           -338
           -712           -338
           -712           -338
           -712           -338
           -712           -338
           -712           -338
           -712           -338
           -712           -338
           -712           -338
           -712           -338
           -712           -338
           -712           -338
           -712           -338
           -712           -338
           -712           -338
           -712           -338
           -712           -338
           -712           -338
           -712           -338
           -712           -338
           -712           -338
           -712           -338
           -712           -338
           -712           -338
           -712           -338
           -712           -338
           -712           -338
           -712           -338
           -712           -338
           -712           -338
           -712           -338
           -712           -338
           -712           -338
           -712           -338
           -712           -338
           -712           -338
           -712           -338
           -712           -338
           -712           -338
           -712           -338
           -712           -338
           -712           -338
           -712           -338
           -712           -338
           -712           -338
           -712           -338
           -712           -338
           -712           -338
           -712           -338
           -712           -338
           -712           -338
           -712           -338
           -712           -338
           -712           -338
           -712           -338
           -712           -338
           -712           -338
           -712           -338
           -712           -338
           -712           -338
           -712           -338
           -712           -338
           -712           -338
           -712           -338
           -712           -338
           -712           -338
           -712           -338
           -712           -338
           -712           -338
           -712           -338
           -712           -338
           -712           -338
           -712           -338
           -712           -338
           -712           -338
           -712           -338
           -712           -338
           -712           -338
           -712           -338
           -712           -338
           -712           -338
           -712           -338
           -712           -338
           -712           -338
           -712           -338
           -712           -338
