Method       t0       tn       N         h
 Euler        0        1      10     0.111

x  -  y  -  z  -  vx  -  vy  -  vz
9.641328e-01   2.465761e-01   7.355033e-05  -1.611386e+00   6.069418e+00  -4.167998e-04
7.850899e-01   9.209559e-01   2.723924e-05  -5.902498e+00   4.971970e+00  -7.441537e-04
1.292568e-01   1.473397e+00  -5.544451e-05  -7.845580e+00   2.692623e+00  -8.115703e-04
-7.424743e-01   1.772577e+00  -1.456190e-04  -8.020813e+00   6.951385e-01  -7.364042e-04
-1.633676e+00   1.849815e+00  -2.274417e-04  -7.561956e+00  -4.003323e-01  -6.464102e-04
-2.473893e+00   1.805334e+00  -2.992650e-04  -7.085217e+00  -9.401454e-01  -5.800381e-04
-3.261139e+00   1.700873e+00  -3.637137e-04  -6.707438e+00  -1.215831e+00  -5.343386e-04
-4.006410e+00   1.565781e+00  -4.230847e-04  -6.419940e+00  -1.365778e+00  -5.022739e-04
-4.719737e+00   1.414027e+00  -4.788929e-04  -6.199134e+00  -1.452073e+00  -4.789564e-04
-5.408530e+00   1.252686e+00  -5.321103e-04  -6.026039e+00  -1.503932e+00  -4.613931e-04
