Method       t0       tn       N         h
 Euler        0        1    1000     0.001

x  -  y  -  z  -  vx  -  vy  -  vz
9.641328e-01   2.465761e-01   7.355033e-05  -1.611386e+00   6.069418e+00  -4.167998e-04
9.625198e-01   2.526516e-01   7.313311e-05  -1.650045e+00   6.059531e+00  -4.197489e-04
9.608681e-01   2.587172e-01   7.271294e-05  -1.688643e+00   6.049399e+00  -4.226816e-04
9.591777e-01   2.647726e-01   7.228984e-05  -1.727180e+00   6.039023e+00  -4.255979e-04
9.574488e-01   2.708177e-01   7.186381e-05  -1.765653e+00   6.028403e+00  -4.284974e-04
9.556814e-01   2.768521e-01   7.143489e-05  -1.804061e+00   6.017539e+00  -4.313803e-04
9.538755e-01   2.828757e-01   7.100308e-05  -1.842403e+00   6.006432e+00  -4.342462e-04
9.520313e-01   2.888882e-01   7.056839e-05  -1.880676e+00   5.995082e+00  -4.370952e-04
9.501487e-01   2.948892e-01   7.013086e-05  -1.918881e+00   5.983489e+00  -4.399270e-04
9.482279e-01   3.008787e-01   6.969049e-05  -1.957014e+00   5.971654e+00  -4.427417e-04
9.462690e-01   3.068563e-01   6.924731e-05  -1.995074e+00   5.959577e+00  -4.455389e-04
9.442719e-01   3.128219e-01   6.880132e-05  -2.033061e+00   5.947259e+00  -4.483188e-04
9.422368e-01   3.187751e-01   6.835256e-05  -2.070971e+00   5.934700e+00  -4.510810e-04
9.401638e-01   3.247157e-01   6.790102e-05  -2.108805e+00   5.921900e+00  -4.538256e-04
9.380528e-01   3.306436e-01   6.744674e-05  -2.146560e+00   5.908860e+00  -4.565523e-04
9.359041e-01   3.365583e-01   6.698974e-05  -2.184235e+00   5.895580e+00  -4.592612e-04
9.337177e-01   3.424598e-01   6.653001e-05  -2.221828e+00   5.882062e+00  -4.619520e-04
9.314937e-01   3.483478e-01   6.606760e-05  -2.259338e+00   5.868304e+00  -4.646247e-04
9.292321e-01   3.542220e-01   6.560251e-05  -2.296763e+00   5.854308e+00  -4.672791e-04
9.269330e-01   3.600821e-01   6.513476e-05  -2.334101e+00   5.840075e+00  -4.699152e-04
9.245966e-01   3.659280e-01   6.466438e-05  -2.371352e+00   5.825604e+00  -4.725327e-04
9.222228e-01   3.717595e-01   6.419137e-05  -2.408514e+00   5.810897e+00  -4.751318e-04
9.198119e-01   3.775762e-01   6.371576e-05  -2.445585e+00   5.795953e+00  -4.777121e-04
9.173639e-01   3.833779e-01   6.323757e-05  -2.482564e+00   5.780773e+00  -4.802736e-04
9.148788e-01   3.891645e-01   6.275682e-05  -2.519448e+00   5.765359e+00  -4.828162e-04
9.123569e-01   3.949356e-01   6.227352e-05  -2.556238e+00   5.749710e+00  -4.853398e-04
9.097981e-01   4.006911e-01   6.178769e-05  -2.592931e+00   5.733826e+00  -4.878443e-04
9.072025e-01   4.064307e-01   6.129936e-05  -2.629525e+00   5.717709e+00  -4.903296e-04
9.045704e-01   4.121541e-01   6.080854e-05  -2.666020e+00   5.701360e+00  -4.927955e-04
9.019017e-01   4.178612e-01   6.031525e-05  -2.702413e+00   5.684777e+00  -4.952420e-04
8.991966e-01   4.235516e-01   5.981952e-05  -2.738704e+00   5.667964e+00  -4.976690e-04
8.964551e-01   4.292253e-01   5.932135e-05  -2.774890e+00   5.650919e+00  -5.000763e-04
8.936775e-01   4.348818e-01   5.882077e-05  -2.810971e+00   5.633643e+00  -5.024639e-04
8.908637e-01   4.405211e-01   5.831780e-05  -2.846945e+00   5.616138e+00  -5.048316e-04
8.880139e-01   4.461429e-01   5.781247e-05  -2.882810e+00   5.598403e+00  -5.071794e-04
8.851282e-01   4.517469e-01   5.730478e-05  -2.918565e+00   5.580439e+00  -5.095072e-04
8.822067e-01   4.573329e-01   5.679476e-05  -2.954208e+00   5.562248e+00  -5.118148e-04
8.792495e-01   4.629007e-01   5.628244e-05  -2.989738e+00   5.543829e+00  -5.141021e-04
8.762568e-01   4.684501e-01   5.576782e-05  -3.025154e+00   5.525184e+00  -5.163692e-04
8.732286e-01   4.739808e-01   5.525093e-05  -3.060453e+00   5.506313e+00  -5.186157e-04
8.701651e-01   4.794927e-01   5.473180e-05  -3.095636e+00   5.487216e+00  -5.208418e-04
8.670664e-01   4.849854e-01   5.421044e-05  -3.130699e+00   5.467895e+00  -5.230472e-04
8.639325e-01   4.904587e-01   5.368686e-05  -3.165642e+00   5.448350e+00  -5.252319e-04
8.607637e-01   4.959125e-01   5.316111e-05  -3.200463e+00   5.428581e+00  -5.273958e-04
8.575601e-01   5.013465e-01   5.263318e-05  -3.235161e+00   5.408591e+00  -5.295388e-04
8.543217e-01   5.067606e-01   5.210311e-05  -3.269735e+00   5.388378e+00  -5.316607e-04
8.510486e-01   5.121543e-01   5.157092e-05  -3.304182e+00   5.367945e+00  -5.337616e-04
8.477412e-01   5.175276e-01   5.103663e-05  -3.338502e+00   5.347292e+00  -5.358413e-04
8.443993e-01   5.228803e-01   5.050025e-05  -3.372693e+00   5.326419e+00  -5.378997e-04
8.410232e-01   5.282120e-01   4.996181e-05  -3.406754e+00   5.305327e+00  -5.399367e-04
8.376131e-01   5.335227e-01   4.942133e-05  -3.440683e+00   5.284018e+00  -5.419523e-04
8.341690e-01   5.388120e-01   4.887884e-05  -3.474479e+00   5.262492e+00  -5.439463e-04
8.306910e-01   5.440797e-01   4.833435e-05  -3.508140e+00   5.240749e+00  -5.459187e-04
8.271793e-01   5.493257e-01   4.778788e-05  -3.541665e+00   5.218791e+00  -5.478694e-04
8.236341e-01   5.545498e-01   4.723946e-05  -3.575053e+00   5.196618e+00  -5.497983e-04
8.200555e-01   5.597516e-01   4.668911e-05  -3.608302e+00   5.174232e+00  -5.517053e-04
8.164436e-01   5.649310e-01   4.613686e-05  -3.641411e+00   5.151632e+00  -5.535904e-04
8.127985e-01   5.700878e-01   4.558271e-05  -3.674378e+00   5.128821e+00  -5.554533e-04
8.091205e-01   5.752217e-01   4.502670e-05  -3.707203e+00   5.105798e+00  -5.572942e-04
8.054096e-01   5.803326e-01   4.446885e-05  -3.739883e+00   5.082565e+00  -5.591128e-04
8.016659e-01   5.854203e-01   4.390918e-05  -3.772418e+00   5.059122e+00  -5.609091e-04
7.978897e-01   5.904845e-01   4.334771e-05  -3.804805e+00   5.035471e+00  -5.626831e-04
7.940811e-01   5.955250e-01   4.278446e-05  -3.837045e+00   5.011612e+00  -5.644346e-04
7.902402e-01   6.005416e-01   4.221946e-05  -3.869134e+00   4.987546e+00  -5.661635e-04
7.863672e-01   6.055342e-01   4.165273e-05  -3.901073e+00   4.963275e+00  -5.678699e-04
7.824623e-01   6.105024e-01   4.108429e-05  -3.932859e+00   4.938798e+00  -5.695535e-04
7.785255e-01   6.154461e-01   4.051417e-05  -3.964491e+00   4.914118e+00  -5.712144e-04
7.745570e-01   6.203652e-01   3.994238e-05  -3.995968e+00   4.889234e+00  -5.728525e-04
7.705570e-01   6.252593e-01   3.936896e-05  -4.027289e+00   4.864149e+00  -5.744676e-04
7.665257e-01   6.301283e-01   3.879392e-05  -4.058451e+00   4.838862e+00  -5.760598e-04
7.624632e-01   6.349720e-01   3.821728e-05  -4.089455e+00   4.813375e+00  -5.776289e-04
7.583697e-01   6.397902e-01   3.763907e-05  -4.120299e+00   4.787689e+00  -5.791749e-04
7.542452e-01   6.445827e-01   3.705932e-05  -4.150981e+00   4.761804e+00  -5.806976e-04
7.500901e-01   6.493493e-01   3.647804e-05  -4.181499e+00   4.735723e+00  -5.821972e-04
7.459044e-01   6.540897e-01   3.589526e-05  -4.211854e+00   4.709445e+00  -5.836734e-04
7.416883e-01   6.588039e-01   3.531100e-05  -4.242043e+00   4.682972e+00  -5.851261e-04
7.374420e-01   6.634916e-01   3.472529e-05  -4.272065e+00   4.656305e+00  -5.865555e-04
7.331657e-01   6.681525e-01   3.413815e-05  -4.301919e+00   4.629445e+00  -5.879612e-04
7.288595e-01   6.727866e-01   3.354960e-05  -4.331603e+00   4.602393e+00  -5.893434e-04
7.245235e-01   6.773936e-01   3.295966e-05  -4.361117e+00   4.575149e+00  -5.907020e-04
7.201581e-01   6.819733e-01   3.236837e-05  -4.390459e+00   4.547716e+00  -5.920368e-04
7.157632e-01   6.865256e-01   3.177574e-05  -4.419628e+00   4.520094e+00  -5.933478e-04
7.113392e-01   6.910502e-01   3.118180e-05  -4.448622e+00   4.492284e+00  -5.946350e-04
7.068861e-01   6.955470e-01   3.058657e-05  -4.477441e+00   4.464287e+00  -5.958983e-04
7.024042e-01   7.000158e-01   2.999007e-05  -4.506083e+00   4.436105e+00  -5.971376e-04
6.978936e-01   7.044563e-01   2.939234e-05  -4.534546e+00   4.407738e+00  -5.983529e-04
6.933545e-01   7.088684e-01   2.879339e-05  -4.562831e+00   4.379188e+00  -5.995441e-04
6.887871e-01   7.132520e-01   2.819324e-05  -4.590934e+00   4.350455e+00  -6.007112e-04
6.841916e-01   7.176068e-01   2.759193e-05  -4.618856e+00   4.321542e+00  -6.018541e-04
6.795681e-01   7.219327e-01   2.698947e-05  -4.646595e+00   4.292448e+00  -6.029727e-04
6.749168e-01   7.262294e-01   2.638590e-05  -4.674150e+00   4.263175e+00  -6.040671e-04
6.702380e-01   7.304969e-01   2.578123e-05  -4.701520e+00   4.233725e+00  -6.051371e-04
6.655318e-01   7.347348e-01   2.517548e-05  -4.728702e+00   4.204098e+00  -6.061827e-04
6.607983e-01   7.389432e-01   2.456869e-05  -4.755698e+00   4.174296e+00  -6.072038e-04
6.560379e-01   7.431216e-01   2.396088e-05  -4.782504e+00   4.144320e+00  -6.082005e-04
6.512506e-01   7.472701e-01   2.335207e-05  -4.809120e+00   4.114170e+00  -6.091726e-04
6.464366e-01   7.513884e-01   2.274229e-05  -4.835545e+00   4.083849e+00  -6.101202e-04
6.415963e-01   7.554763e-01   2.213156e-05  -4.861778e+00   4.053357e+00  -6.110431e-04
6.367296e-01   7.595337e-01   2.151990e-05  -4.887818e+00   4.022696e+00  -6.119413e-04
6.318369e-01   7.635605e-01   2.090735e-05  -4.913662e+00   3.991867e+00  -6.128148e-04
6.269183e-01   7.675563e-01   2.029392e-05  -4.939311e+00   3.960870e+00  -6.136635e-04
6.219741e-01   7.715212e-01   1.967964e-05  -4.964764e+00   3.929708e+00  -6.144874e-04
6.170043e-01   7.754548e-01   1.906454e-05  -4.990018e+00   3.898382e+00  -6.152865e-04
6.120093e-01   7.793571e-01   1.844864e-05  -5.015073e+00   3.866892e+00  -6.160606e-04
6.069892e-01   7.832278e-01   1.783196e-05  -5.039928e+00   3.835241e+00  -6.168099e-04
6.019443e-01   7.870669e-01   1.721454e-05  -5.064582e+00   3.803429e+00  -6.175342e-04
5.968746e-01   7.908742e-01   1.659638e-05  -5.089034e+00   3.771457e+00  -6.182334e-04
5.917805e-01   7.946494e-01   1.597753e-05  -5.113282e+00   3.739327e+00  -6.189077e-04
5.866621e-01   7.983925e-01   1.535800e-05  -5.137326e+00   3.707041e+00  -6.195568e-04
5.815196e-01   8.021032e-01   1.473783e-05  -5.161165e+00   3.674599e+00  -6.201809e-04
5.763533e-01   8.057815e-01   1.411702e-05  -5.184797e+00   3.642003e+00  -6.207798e-04
5.711633e-01   8.094271e-01   1.349562e-05  -5.208221e+00   3.609254e+00  -6.213536e-04
5.659499e-01   8.130400e-01   1.287365e-05  -5.231437e+00   3.576353e+00  -6.219021e-04
5.607132e-01   8.166199e-01   1.225112e-05  -5.254443e+00   3.543303e+00  -6.224254e-04
5.554535e-01   8.201668e-01   1.162807e-05  -5.277239e+00   3.510103e+00  -6.229235e-04
5.501710e-01   8.236804e-01   1.100453e-05  -5.299823e+00   3.476756e+00  -6.233963e-04
5.448658e-01   8.271606e-01   1.038051e-05  -5.322195e+00   3.443262e+00  -6.238438e-04
5.395383e-01   8.306074e-01   9.756039e-06  -5.344353e+00   3.409624e+00  -6.242659e-04
5.341886e-01   8.340204e-01   9.131148e-06  -5.366296e+00   3.375843e+00  -6.246627e-04
5.288169e-01   8.373996e-01   8.505860e-06  -5.388024e+00   3.341919e+00  -6.250341e-04
5.234235e-01   8.407449e-01   7.880200e-06  -5.409536e+00   3.307855e+00  -6.253801e-04
5.180086e-01   8.440560e-01   7.254194e-06  -5.430830e+00   3.273651e+00  -6.257007e-04
5.125723e-01   8.473330e-01   6.627867e-06  -5.451906e+00   3.239310e+00  -6.259958e-04
5.071149e-01   8.505755e-01   6.001245e-06  -5.472763e+00   3.204832e+00  -6.262655e-04
5.016367e-01   8.537836e-01   5.374352e-06  -5.493399e+00   3.170219e+00  -6.265098e-04
4.961378e-01   8.569570e-01   4.747216e-06  -5.513814e+00   3.135472e+00  -6.267285e-04
4.906185e-01   8.600956e-01   4.119860e-06  -5.534007e+00   3.100593e+00  -6.269217e-04
4.850789e-01   8.631993e-01   3.492310e-06  -5.553978e+00   3.065583e+00  -6.270894e-04
4.795194e-01   8.662679e-01   2.864593e-06  -5.573724e+00   3.030444e+00  -6.272316e-04
4.739401e-01   8.693014e-01   2.236734e-06  -5.593246e+00   2.995177e+00  -6.273482e-04
4.683412e-01   8.722996e-01   1.608758e-06  -5.612543e+00   2.959784e+00  -6.274392e-04
4.627231e-01   8.752623e-01   9.806905e-07  -5.631613e+00   2.924265e+00  -6.275047e-04
4.570858e-01   8.781895e-01   3.525576e-07  -5.650456e+00   2.888623e+00  -6.275447e-04
4.514297e-01   8.810810e-01  -2.756152e-07  -5.669070e+00   2.852859e+00  -6.275590e-04
4.457550e-01   8.839367e-01  -9.038024e-07  -5.687456e+00   2.816974e+00  -6.275478e-04
4.400618e-01   8.867565e-01  -1.531978e-06  -5.705612e+00   2.780970e+00  -6.275110e-04
4.343505e-01   8.895403e-01  -2.160118e-06  -5.723538e+00   2.744849e+00  -6.274486e-04
4.286212e-01   8.922879e-01  -2.788194e-06  -5.741232e+00   2.708611e+00  -6.273606e-04
4.228742e-01   8.949992e-01  -3.416183e-06  -5.758694e+00   2.672259e+00  -6.272470e-04
4.171098e-01   8.976741e-01  -4.044058e-06  -5.775924e+00   2.635794e+00  -6.271078e-04
4.113281e-01   9.003126e-01  -4.671793e-06  -5.792920e+00   2.599217e+00  -6.269430e-04
4.055294e-01   9.029144e-01  -5.299364e-06  -5.809681e+00   2.562530e+00  -6.267527e-04
3.997139e-01   9.054795e-01  -5.926744e-06  -5.826207e+00   2.525734e+00  -6.265367e-04
3.938818e-01   9.080077e-01  -6.553908e-06  -5.842497e+00   2.488832e+00  -6.262952e-04
3.880335e-01   9.104991e-01  -7.180830e-06  -5.858551e+00   2.451824e+00  -6.260280e-04
3.821691e-01   9.129533e-01  -7.807485e-06  -5.874367e+00   2.414712e+00  -6.257354e-04
3.762888e-01   9.153705e-01  -8.433846e-06  -5.889945e+00   2.377497e+00  -6.254171e-04
3.703930e-01   9.177504e-01  -9.059889e-06  -5.905285e+00   2.340182e+00  -6.250733e-04
3.644818e-01   9.200929e-01  -9.685588e-06  -5.920385e+00   2.302767e+00  -6.247039e-04
3.585555e-01   9.223979e-01  -1.031092e-05  -5.935245e+00   2.265255e+00  -6.243091e-04
3.526143e-01   9.246655e-01  -1.093585e-05  -5.949864e+00   2.227647e+00  -6.238887e-04
3.466585e-01   9.268953e-01  -1.156036e-05  -5.964242e+00   2.189944e+00  -6.234427e-04
3.406883e-01   9.290875e-01  -1.218443e-05  -5.978378e+00   2.152147e+00  -6.229714e-04
3.347039e-01   9.312418e-01  -1.280803e-05  -5.992271e+00   2.114260e+00  -6.224745e-04
3.287056e-01   9.333582e-01  -1.343112e-05  -6.005920e+00   2.076283e+00  -6.219521e-04
3.226937e-01   9.354365e-01  -1.405370e-05  -6.019326e+00   2.038217e+00  -6.214044e-04
3.166683e-01   9.374768e-01  -1.467573e-05  -6.032487e+00   2.000065e+00  -6.208312e-04
3.106298e-01   9.394788e-01  -1.529718e-05  -6.045403e+00   1.961828e+00  -6.202326e-04
3.045784e-01   9.414426e-01  -1.591803e-05  -6.058074e+00   1.923507e+00  -6.196086e-04
2.985142e-01   9.433681e-01  -1.653826e-05  -6.070498e+00   1.885104e+00  -6.189593e-04
2.924376e-01   9.452551e-01  -1.715784e-05  -6.082675e+00   1.846622e+00  -6.182847e-04
2.863489e-01   9.471035e-01  -1.777674e-05  -6.094605e+00   1.808061e+00  -6.175847e-04
2.802482e-01   9.489134e-01  -1.839495e-05  -6.106287e+00   1.769422e+00  -6.168595e-04
2.741358e-01   9.506846e-01  -1.901242e-05  -6.117720e+00   1.730709e+00  -6.161090e-04
2.680119e-01   9.524170e-01  -1.962915e-05  -6.128905e+00   1.691922e+00  -6.153334e-04
2.618769e-01   9.541107e-01  -2.024510e-05  -6.139840e+00   1.653062e+00  -6.145325e-04
2.557309e-01   9.557654e-01  -2.086025e-05  -6.150525e+00   1.614133e+00  -6.137064e-04
2.495742e-01   9.573811e-01  -2.147457e-05  -6.160960e+00   1.575134e+00  -6.128553e-04
2.434071e-01   9.589578e-01  -2.208803e-05  -6.171144e+00   1.536068e+00  -6.119790e-04
2.372298e-01   9.604954e-01  -2.270063e-05  -6.181076e+00   1.496937e+00  -6.110777e-04
2.310425e-01   9.619939e-01  -2.331232e-05  -6.190757e+00   1.457743e+00  -6.101513e-04
2.248456e-01   9.634531e-01  -2.392308e-05  -6.200185e+00   1.418486e+00  -6.092000e-04
2.186392e-01   9.648730e-01  -2.453289e-05  -6.209361e+00   1.379168e+00  -6.082237e-04
2.124236e-01   9.662535e-01  -2.514172e-05  -6.218283e+00   1.339792e+00  -6.072226e-04
2.061991e-01   9.675947e-01  -2.574955e-05  -6.226952e+00   1.300358e+00  -6.061965e-04
1.999659e-01   9.688963e-01  -2.635635e-05  -6.235368e+00   1.260869e+00  -6.051456e-04
1.937243e-01   9.701585e-01  -2.696211e-05  -6.243529e+00   1.221327e+00  -6.040700e-04
1.874745e-01   9.713810e-01  -2.756678e-05  -6.251435e+00   1.181732e+00  -6.029696e-04
1.812168e-01   9.725639e-01  -2.817035e-05  -6.259087e+00   1.142087e+00  -6.018445e-04
1.749515e-01   9.737071e-01  -2.877280e-05  -6.266483e+00   1.102393e+00  -6.006947e-04
1.686787e-01   9.748106e-01  -2.937410e-05  -6.273623e+00   1.062652e+00  -5.995204e-04
1.623988e-01   9.758744e-01  -2.997422e-05  -6.280508e+00   1.022865e+00  -5.983215e-04
1.561120e-01   9.768982e-01  -3.057314e-05  -6.287136e+00   9.830353e-01  -5.970981e-04
1.498186e-01   9.778823e-01  -3.117083e-05  -6.293508e+00   9.431632e-01  -5.958503e-04
1.435188e-01   9.788264e-01  -3.176728e-05  -6.299623e+00   9.032509e-01  -5.945780e-04
1.372129e-01   9.797305e-01  -3.236245e-05  -6.305480e+00   8.633000e-01  -5.932815e-04
1.309011e-01   9.805947e-01  -3.295633e-05  -6.311081e+00   8.233123e-01  -5.919606e-04
1.245837e-01   9.814188e-01  -3.354888e-05  -6.316423e+00   7.832894e-01  -5.906155e-04
1.182609e-01   9.822029e-01  -3.414009e-05  -6.321508e+00   7.432330e-01  -5.892462e-04
1.119331e-01   9.829469e-01  -3.472992e-05  -6.326335e+00   7.031449e-01  -5.878528e-04
1.056004e-01   9.836507e-01  -3.531837e-05  -6.330903e+00   6.630267e-01  -5.864353e-04
9.926317e-02   9.843144e-01  -3.590539e-05  -6.335213e+00   6.228803e-01  -5.849938e-04
9.292161e-02   9.849379e-01  -3.649097e-05  -6.339265e+00   5.827072e-01  -5.835284e-04
8.657600e-02   9.855212e-01  -3.707508e-05  -6.343057e+00   5.425092e-01  -5.820391e-04
8.022660e-02   9.860643e-01  -3.765770e-05  -6.346590e+00   5.022881e-01  -5.805260e-04
7.387365e-02   9.865671e-01  -3.823881e-05  -6.349865e+00   4.620455e-01  -5.789892e-04
6.751743e-02   9.870296e-01  -3.881838e-05  -6.352879e+00   4.217832e-01  -5.774286e-04
6.115820e-02   9.874518e-01  -3.939638e-05  -6.355635e+00   3.815029e-01  -5.758444e-04
5.479620e-02   9.878337e-01  -3.997280e-05  -6.358131e+00   3.412063e-01  -5.742367e-04
4.843170e-02   9.881752e-01  -4.054762e-05  -6.360367e+00   3.008952e-01  -5.726055e-04
4.206497e-02   9.884764e-01  -4.112079e-05  -6.362343e+00   2.605712e-01  -5.709509e-04
3.569626e-02   9.887372e-01  -4.169232e-05  -6.364059e+00   2.202361e-01  -5.692730e-04
2.932583e-02   9.889577e-01  -4.226216e-05  -6.365516e+00   1.798917e-01  -5.675718e-04
2.295394e-02   9.891378e-01  -4.283030e-05  -6.366713e+00   1.395395e-01  -5.658474e-04
1.658086e-02   9.892774e-01  -4.339671e-05  -6.367649e+00   9.918151e-02  -5.640998e-04
1.020683e-02   9.893767e-01  -4.396138e-05  -6.368326e+00   5.881929e-02  -5.623293e-04
3.832132e-03   9.894356e-01  -4.452427e-05  -6.368742e+00   1.845461e-02  -5.605357e-04
-2.542985e-03   9.894541e-01  -4.508537e-05  -6.368898e+00  -2.191081e-02  -5.587193e-04
-8.918259e-03   9.894321e-01  -4.564465e-05  -6.368795e+00  -6.227522e-02  -5.568800e-04
-1.529343e-02   9.893698e-01  -4.620208e-05  -6.368431e+00  -1.026369e-01  -5.550181e-04
-2.166823e-02   9.892671e-01  -4.675766e-05  -6.367807e+00  -1.429941e-01  -5.531335e-04
-2.804242e-02   9.891239e-01  -4.731134e-05  -6.366923e+00  -1.833452e-01  -5.512263e-04
-3.441571e-02   9.889404e-01  -4.786312e-05  -6.365779e+00  -2.236883e-01  -5.492966e-04
-4.078786e-02   9.887165e-01  -4.841297e-05  -6.364376e+00  -2.640218e-01  -5.473445e-04
-4.715861e-02   9.884522e-01  -4.896086e-05  -6.362712e+00  -3.043438e-01  -5.453701e-04
-5.352769e-02   9.881475e-01  -4.950678e-05  -6.360789e+00  -3.446528e-01  -5.433735e-04
-5.989485e-02   9.878026e-01  -5.005069e-05  -6.358606e+00  -3.849470e-01  -5.413547e-04
-6.625982e-02   9.874172e-01  -5.059259e-05  -6.356164e+00  -4.252245e-01  -5.393139e-04
-7.262235e-02   9.869916e-01  -5.113244e-05  -6.353463e+00  -4.654838e-01  -5.372512e-04
-7.898217e-02   9.865256e-01  -5.167023e-05  -6.350502e+00  -5.057231e-01  -5.351665e-04
-8.533903e-02   9.860194e-01  -5.220594e-05  -6.347282e+00  -5.459406e-01  -5.330601e-04
-9.169266e-02   9.854729e-01  -5.273953e-05  -6.343803e+00  -5.861346e-01  -5.309320e-04
-9.804282e-02   9.848862e-01  -5.327099e-05  -6.340066e+00  -6.263035e-01  -5.287822e-04
-1.043892e-01   9.842592e-01  -5.380030e-05  -6.336070e+00  -6.664454e-01  -5.266110e-04
-1.107316e-01   9.835921e-01  -5.432744e-05  -6.331815e+00  -7.065587e-01  -5.244184e-04
-1.170698e-01   9.828849e-01  -5.485239e-05  -6.327303e+00  -7.466417e-01  -5.222045e-04
-1.234034e-01   9.821375e-01  -5.537511e-05  -6.322533e+00  -7.866926e-01  -5.199693e-04
-1.297323e-01   9.813500e-01  -5.589560e-05  -6.317505e+00  -8.267096e-01  -5.177131e-04
-1.360561e-01   9.805225e-01  -5.641383e-05  -6.312219e+00  -8.666912e-01  -5.154358e-04
-1.423747e-01   9.796549e-01  -5.692979e-05  -6.306676e+00  -9.066356e-01  -5.131376e-04
-1.486876e-01   9.787474e-01  -5.744344e-05  -6.300877e+00  -9.465410e-01  -5.108186e-04
-1.549948e-01   9.777999e-01  -5.795477e-05  -6.294821e+00  -9.864058e-01  -5.084789e-04
-1.612960e-01   9.768125e-01  -5.846376e-05  -6.288508e+00  -1.026228e+00  -5.061186e-04
-1.675908e-01   9.757852e-01  -5.897038e-05  -6.281940e+00  -1.066007e+00  -5.037378e-04
-1.738790e-01   9.747182e-01  -5.947462e-05  -6.275116e+00  -1.105739e+00  -5.013367e-04
-1.801604e-01   9.736113e-01  -5.997646e-05  -6.268036e+00  -1.145425e+00  -4.989152e-04
-1.864347e-01   9.724647e-01  -6.047588e-05  -6.260702e+00  -1.185061e+00  -4.964735e-04
-1.927017e-01   9.712785e-01  -6.097285e-05  -6.253113e+00  -1.224646e+00  -4.940118e-04
-1.989610e-01   9.700526e-01  -6.146735e-05  -6.245270e+00  -1.264178e+00  -4.915301e-04
-2.052126e-01   9.687872e-01  -6.195937e-05  -6.237173e+00  -1.303657e+00  -4.890285e-04
-2.114560e-01   9.674822e-01  -6.244889e-05  -6.228822e+00  -1.343079e+00  -4.865072e-04
-2.176910e-01   9.661378e-01  -6.293589e-05  -6.220218e+00  -1.382444e+00  -4.839663e-04
-2.239175e-01   9.647540e-01  -6.342034e-05  -6.211362e+00  -1.421750e+00  -4.814059e-04
-2.301351e-01   9.633308e-01  -6.390223e-05  -6.202253e+00  -1.460995e+00  -4.788260e-04
-2.363435e-01   9.618683e-01  -6.438153e-05  -6.192893e+00  -1.500177e+00  -4.762269e-04
-2.425426e-01   9.603666e-01  -6.485823e-05  -6.183281e+00  -1.539294e+00  -4.736086e-04
-2.487321e-01   9.588258e-01  -6.533232e-05  -6.173419e+00  -1.578346e+00  -4.709713e-04
-2.549117e-01   9.572459e-01  -6.580376e-05  -6.163306e+00  -1.617330e+00  -4.683150e-04
-2.610812e-01   9.556269e-01  -6.627254e-05  -6.152943e+00  -1.656245e+00  -4.656398e-04
-2.672403e-01   9.539690e-01  -6.673865e-05  -6.142330e+00  -1.695089e+00  -4.629460e-04
-2.733887e-01   9.522722e-01  -6.720206e-05  -6.131469e+00  -1.733860e+00  -4.602336e-04
-2.795263e-01   9.505367e-01  -6.766275e-05  -6.120360e+00  -1.772557e+00  -4.575028e-04
-2.856528e-01   9.487623e-01  -6.812071e-05  -6.109002e+00  -1.811179e+00  -4.547536e-04
-2.917679e-01   9.469493e-01  -6.857592e-05  -6.097397e+00  -1.849722e+00  -4.519862e-04
-2.978714e-01   9.450978e-01  -6.902836e-05  -6.085546e+00  -1.888187e+00  -4.492007e-04
-3.039631e-01   9.432077e-01  -6.947801e-05  -6.073449e+00  -1.926570e+00  -4.463972e-04
-3.100426e-01   9.412792e-01  -6.992486e-05  -6.061105e+00  -1.964871e+00  -4.435759e-04
-3.161098e-01   9.393123e-01  -7.036888e-05  -6.048517e+00  -2.003088e+00  -4.407368e-04
-3.221644e-01   9.373073e-01  -7.081005e-05  -6.035685e+00  -2.041220e+00  -4.378802e-04
-3.282061e-01   9.352640e-01  -7.124837e-05  -6.022609e+00  -2.079264e+00  -4.350061e-04
-3.342347e-01   9.331826e-01  -7.168381e-05  -6.009289e+00  -2.117219e+00  -4.321147e-04
-3.402500e-01   9.310633e-01  -7.211636e-05  -5.995727e+00  -2.155084e+00  -4.292061e-04
-3.462518e-01   9.289061e-01  -7.254600e-05  -5.981924e+00  -2.192856e+00  -4.262804e-04
-3.522397e-01   9.267110e-01  -7.297270e-05  -5.967879e+00  -2.230535e+00  -4.233377e-04
-3.582135e-01   9.244782e-01  -7.339647e-05  -5.953594e+00  -2.268118e+00  -4.203783e-04
-3.641731e-01   9.222079e-01  -7.381726e-05  -5.939068e+00  -2.305605e+00  -4.174021e-04
-3.701181e-01   9.198999e-01  -7.423508e-05  -5.924304e+00  -2.342993e+00  -4.144094e-04
-3.760483e-01   9.175546e-01  -7.464991e-05  -5.909301e+00  -2.380281e+00  -4.114003e-04
-3.819635e-01   9.151719e-01  -7.506172e-05  -5.894061e+00  -2.417468e+00  -4.083749e-04
-3.878635e-01   9.127521e-01  -7.547050e-05  -5.878584e+00  -2.454551e+00  -4.053334e-04
-3.937480e-01   9.102950e-01  -7.587624e-05  -5.862870e+00  -2.491529e+00  -4.022758e-04
-3.996167e-01   9.078010e-01  -7.627892e-05  -5.846921e+00  -2.528402e+00  -3.992024e-04
-4.054695e-01   9.052701e-01  -7.667852e-05  -5.830737e+00  -2.565166e+00  -3.961132e-04
-4.113060e-01   9.027024e-01  -7.707503e-05  -5.814319e+00  -2.601821e+00  -3.930085e-04
-4.171262e-01   9.000979e-01  -7.746844e-05  -5.797669e+00  -2.638365e+00  -3.898882e-04
-4.229297e-01   8.974569e-01  -7.785871e-05  -5.780785e+00  -2.674797e+00  -3.867527e-04
-4.287162e-01   8.947795e-01  -7.824585e-05  -5.763670e+00  -2.711114e+00  -3.836020e-04
-4.344857e-01   8.920656e-01  -7.862984e-05  -5.746325e+00  -2.747316e+00  -3.804362e-04
-4.402377e-01   8.893156e-01  -7.901066e-05  -5.728749e+00  -2.783402e+00  -3.772555e-04
-4.459722e-01   8.865294e-01  -7.938829e-05  -5.710945e+00  -2.819368e+00  -3.740601e-04
-4.516889e-01   8.837072e-01  -7.976272e-05  -5.692912e+00  -2.855215e+00  -3.708500e-04
-4.573875e-01   8.808491e-01  -8.013395e-05  -5.674652e+00  -2.890940e+00  -3.676255e-04
-4.630678e-01   8.779553e-01  -8.050194e-05  -5.656165e+00  -2.926542e+00  -3.643866e-04
-4.687297e-01   8.750258e-01  -8.086669e-05  -5.637453e+00  -2.962020e+00  -3.611336e-04
-4.743728e-01   8.720608e-01  -8.122819e-05  -5.618516e+00  -2.997372e+00  -3.578665e-04
-4.799969e-01   8.690604e-01  -8.158641e-05  -5.599355e+00  -3.032596e+00  -3.545855e-04
-4.856019e-01   8.660248e-01  -8.194135e-05  -5.579971e+00  -3.067691e+00  -3.512908e-04
-4.911874e-01   8.629541e-01  -8.229299e-05  -5.560365e+00  -3.102657e+00  -3.479825e-04
-4.967533e-01   8.598483e-01  -8.264132e-05  -5.540538e+00  -3.137490e+00  -3.446607e-04
-5.022994e-01   8.567077e-01  -8.298633e-05  -5.520491e+00  -3.172190e+00  -3.413256e-04
-5.078254e-01   8.535323e-01  -8.332800e-05  -5.500225e+00  -3.206756e+00  -3.379774e-04
-5.133312e-01   8.503223e-01  -8.366631e-05  -5.479740e+00  -3.241186e+00  -3.346161e-04
-5.188164e-01   8.470779e-01  -8.400126e-05  -5.459038e+00  -3.275478e+00  -3.312420e-04
-5.242809e-01   8.437991e-01  -8.433284e-05  -5.438120e+00  -3.309631e+00  -3.278551e-04
-5.297245e-01   8.404862e-01  -8.466102e-05  -5.416987e+00  -3.343644e+00  -3.244557e-04
-5.351469e-01   8.371392e-01  -8.498580e-05  -5.395639e+00  -3.377515e+00  -3.210439e-04
-5.405479e-01   8.337583e-01  -8.530717e-05  -5.374078e+00  -3.411244e+00  -3.176198e-04
-5.459274e-01   8.303436e-01  -8.562510e-05  -5.352305e+00  -3.444828e+00  -3.141836e-04
-5.512850e-01   8.268954e-01  -8.593960e-05  -5.330320e+00  -3.478266e+00  -3.107355e-04
-5.566207e-01   8.234136e-01  -8.625065e-05  -5.308125e+00  -3.511557e+00  -3.072756e-04
-5.619341e-01   8.198986e-01  -8.655823e-05  -5.285721e+00  -3.544699e+00  -3.038040e-04
-5.672251e-01   8.163503e-01  -8.686234e-05  -5.263109e+00  -3.577692e+00  -3.003209e-04
-5.724935e-01   8.127690e-01  -8.716296e-05  -5.240290e+00  -3.610533e+00  -2.968264e-04
-5.777391e-01   8.091549e-01  -8.746009e-05  -5.217265e+00  -3.643222e+00  -2.933208e-04
-5.829615e-01   8.055080e-01  -8.775370e-05  -5.194035e+00  -3.675757e+00  -2.898042e-04
-5.881608e-01   8.018286e-01  -8.804379e-05  -5.170601e+00  -3.708137e+00  -2.862766e-04
-5.933366e-01   7.981167e-01  -8.833036e-05  -5.146964e+00  -3.740360e+00  -2.827384e-04
-5.984887e-01   7.943726e-01  -8.861338e-05  -5.123126e+00  -3.772426e+00  -2.791896e-04
-6.036169e-01   7.905964e-01  -8.889285e-05  -5.099087e+00  -3.804333e+00  -2.756303e-04
-6.087211e-01   7.867883e-01  -8.916875e-05  -5.074849e+00  -3.836079e+00  -2.720608e-04
-6.138010e-01   7.829484e-01  -8.944109e-05  -5.050412e+00  -3.867664e+00  -2.684812e-04
-6.188565e-01   7.790768e-01  -8.970984e-05  -5.025779e+00  -3.899086e+00  -2.648917e-04
-6.238873e-01   7.751738e-01  -8.997499e-05  -5.000949e+00  -3.930344e+00  -2.612924e-04
-6.288933e-01   7.712396e-01  -9.023655e-05  -4.975925e+00  -3.961436e+00  -2.576835e-04
-6.338742e-01   7.672742e-01  -9.049449e-05  -4.950707e+00  -3.992362e+00  -2.540651e-04
-6.388298e-01   7.632778e-01  -9.074881e-05  -4.925296e+00  -4.023120e+00  -2.504374e-04
-6.437601e-01   7.592507e-01  -9.099950e-05  -4.899695e+00  -4.053709e+00  -2.468006e-04
-6.486647e-01   7.551929e-01  -9.124654e-05  -4.873903e+00  -4.084128e+00  -2.431548e-04
-6.535435e-01   7.511047e-01  -9.148994e-05  -4.847922e+00  -4.114375e+00  -2.395001e-04
-6.583962e-01   7.469862e-01  -9.172968e-05  -4.821754e+00  -4.144450e+00  -2.358368e-04
-6.632228e-01   7.428376e-01  -9.196576e-05  -4.795399e+00  -4.174351e+00  -2.321650e-04
-6.680230e-01   7.386591e-01  -9.219815e-05  -4.768859e+00  -4.204077e+00  -2.284848e-04
-6.727966e-01   7.344508e-01  -9.242687e-05  -4.742135e+00  -4.233627e+00  -2.247964e-04
-6.775435e-01   7.302129e-01  -9.265189e-05  -4.715228e+00  -4.262999e+00  -2.211000e-04
-6.822635e-01   7.259456e-01  -9.287321e-05  -4.688140e+00  -4.292193e+00  -2.173958e-04
-6.869563e-01   7.216491e-01  -9.309082e-05  -4.660871e+00  -4.321208e+00  -2.136838e-04
-6.916218e-01   7.173236e-01  -9.330472e-05  -4.633424e+00  -4.350042e+00  -2.099644e-04
-6.962599e-01   7.129692e-01  -9.351489e-05  -4.605798e+00  -4.378694e+00  -2.062375e-04
-7.008703e-01   7.085861e-01  -9.372134e-05  -4.577996e+00  -4.407163e+00  -2.025034e-04
-7.054529e-01   7.041746e-01  -9.392404e-05  -4.550019e+00  -4.435448e+00  -1.987623e-04
-7.100075e-01   6.997347e-01  -9.412301e-05  -4.521868e+00  -4.463548e+00  -1.950143e-04
-7.145339e-01   6.952667e-01  -9.431822e-05  -4.493545e+00  -4.491462e+00  -1.912595e-04
-7.190319e-01   6.907707e-01  -9.450967e-05  -4.465050e+00  -4.519188e+00  -1.874982e-04
-7.235014e-01   6.862470e-01  -9.469735e-05  -4.436385e+00  -4.546726e+00  -1.837305e-04
-7.279422e-01   6.816957e-01  -9.488127e-05  -4.407551e+00  -4.574075e+00  -1.799565e-04
-7.323542e-01   6.771171e-01  -9.506140e-05  -4.378550e+00  -4.601234e+00  -1.761765e-04
-7.367371e-01   6.725112e-01  -9.523776e-05  -4.349383e+00  -4.628201e+00  -1.723905e-04
-7.410909e-01   6.678784e-01  -9.541032e-05  -4.320052e+00  -4.654976e+00  -1.685988e-04
-7.454153e-01   6.632188e-01  -9.557909e-05  -4.290556e+00  -4.681557e+00  -1.648015e-04
-7.497101e-01   6.585325e-01  -9.574405e-05  -4.260899e+00  -4.707944e+00  -1.609988e-04
-7.539753e-01   6.538199e-01  -9.590521e-05  -4.231082e+00  -4.734135e+00  -1.571908e-04
-7.582106e-01   6.490810e-01  -9.606256e-05  -4.201105e+00  -4.760130e+00  -1.533778e-04
-7.624159e-01   6.443161e-01  -9.621609e-05  -4.170970e+00  -4.785928e+00  -1.495598e-04
-7.665910e-01   6.395254e-01  -9.636580e-05  -4.140678e+00  -4.811527e+00  -1.457370e-04
-7.707359e-01   6.347090e-01  -9.651169e-05  -4.110231e+00  -4.836927e+00  -1.419097e-04
-7.748502e-01   6.298673e-01  -9.665374e-05  -4.079631e+00  -4.862127e+00  -1.380778e-04
-7.789339e-01   6.250003e-01  -9.679195e-05  -4.048878e+00  -4.887126e+00  -1.342418e-04
-7.829869e-01   6.201082e-01  -9.692633e-05  -4.017974e+00  -4.911923e+00  -1.304016e-04
-7.870089e-01   6.151914e-01  -9.705686e-05  -3.986920e+00  -4.936516e+00  -1.265574e-04
-7.909998e-01   6.102499e-01  -9.718355e-05  -3.955718e+00  -4.960906e+00  -1.227095e-04
-7.949594e-01   6.052841e-01  -9.730638e-05  -3.924370e+00  -4.985092e+00  -1.188579e-04
-7.988877e-01   6.002940e-01  -9.742535e-05  -3.892875e+00  -5.009071e+00  -1.150029e-04
-8.027845e-01   5.952799e-01  -9.754047e-05  -3.861237e+00  -5.032844e+00  -1.111446e-04
-8.066496e-01   5.902420e-01  -9.765173e-05  -3.829457e+00  -5.056410e+00  -1.072832e-04
-8.104829e-01   5.851806e-01  -9.775912e-05  -3.797535e+00  -5.079768e+00  -1.034188e-04
-8.142842e-01   5.800957e-01  -9.786264e-05  -3.765474e+00  -5.102917e+00  -9.955164e-05
-8.180535e-01   5.749877e-01  -9.796229e-05  -3.733274e+00  -5.125856e+00  -9.568182e-05
-8.217905e-01   5.698567e-01  -9.805807e-05  -3.700938e+00  -5.148584e+00  -9.180952e-05
-8.254951e-01   5.647029e-01  -9.814997e-05  -3.668466e+00  -5.171101e+00  -8.793491e-05
-8.291673e-01   5.595267e-01  -9.823799e-05  -3.635860e+00  -5.193406e+00  -8.405815e-05
-8.328068e-01   5.543281e-01  -9.832214e-05  -3.603122e+00  -5.215498e+00  -8.017941e-05
-8.364135e-01   5.491073e-01  -9.840240e-05  -3.570253e+00  -5.237376e+00  -7.629886e-05
-8.399873e-01   5.438647e-01  -9.847877e-05  -3.537255e+00  -5.259040e+00  -7.241664e-05
-8.435281e-01   5.386004e-01  -9.855126e-05  -3.504128e+00  -5.280488e+00  -6.853293e-05
-8.470358e-01   5.333147e-01  -9.861986e-05  -3.470875e+00  -5.301720e+00  -6.464789e-05
-8.505101e-01   5.280076e-01  -9.868458e-05  -3.437497e+00  -5.322736e+00  -6.076169e-05
-8.539511e-01   5.226796e-01  -9.874540e-05  -3.403995e+00  -5.343535e+00  -5.687448e-05
-8.573585e-01   5.173307e-01  -9.880233e-05  -3.370371e+00  -5.364115e+00  -5.298642e-05
-8.607322e-01   5.119612e-01  -9.885537e-05  -3.336627e+00  -5.384476e+00  -4.909768e-05
-8.640722e-01   5.065713e-01  -9.890452e-05  -3.302763e+00  -5.404618e+00  -4.520843e-05
-8.673782e-01   5.011613e-01  -9.894977e-05  -3.268782e+00  -5.424540e+00  -4.131882e-05
-8.706503e-01   4.957313e-01  -9.899113e-05  -3.234684e+00  -5.444241e+00  -3.742901e-05
-8.738882e-01   4.902816e-01  -9.902860e-05  -3.200472e+00  -5.463721e+00  -3.353917e-05
-8.770919e-01   4.848124e-01  -9.906217e-05  -3.166147e+00  -5.482979e+00  -2.964946e-05
-8.802612e-01   4.793240e-01  -9.909185e-05  -3.131710e+00  -5.502014e+00  -2.576004e-05
-8.833960e-01   4.738165e-01  -9.911763e-05  -3.097163e+00  -5.520825e+00  -2.187106e-05
-8.864963e-01   4.682901e-01  -9.913953e-05  -3.062508e+00  -5.539413e+00  -1.798270e-05
-8.895619e-01   4.627451e-01  -9.915753e-05  -3.027745e+00  -5.557776e+00  -1.409510e-05
-8.925927e-01   4.571818e-01  -9.917164e-05  -2.992877e+00  -5.575914e+00  -1.020844e-05
-8.955885e-01   4.516003e-01  -9.918185e-05  -2.957905e+00  -5.593827e+00  -6.322864e-06
-8.985494e-01   4.460009e-01  -9.918818e-05  -2.922831e+00  -5.611513e+00  -2.438540e-06
-9.014752e-01   4.403838e-01  -9.919062e-05  -2.887655e+00  -5.628973e+00   1.444375e-06
-9.043657e-01   4.347492e-01  -9.918918e-05  -2.852380e+00  -5.646205e+00   5.325722e-06
-9.072209e-01   4.290973e-01  -9.918385e-05  -2.817008e+00  -5.663209e+00   9.205343e-06
-9.100408e-01   4.234284e-01  -9.917463e-05  -2.781538e+00  -5.679986e+00   1.308308e-05
-9.128251e-01   4.177427e-01  -9.916154e-05  -2.745974e+00  -5.696533e+00   1.695877e-05
-9.155738e-01   4.120405e-01  -9.914456e-05  -2.710317e+00  -5.712851e+00   2.083226e-05
-9.182868e-01   4.063219e-01  -9.912371e-05  -2.674568e+00  -5.728939e+00   2.470340e-05
-9.209641e-01   4.005873e-01  -9.909898e-05  -2.638729e+00  -5.744797e+00   2.857202e-05
-9.236055e-01   3.948367e-01  -9.907038e-05  -2.602802e+00  -5.760425e+00   3.243797e-05
-9.262109e-01   3.890705e-01  -9.903791e-05  -2.566787e+00  -5.775821e+00   3.630108e-05
-9.287802e-01   3.832889e-01  -9.900157e-05  -2.530687e+00  -5.790985e+00   4.016122e-05
-9.313134e-01   3.774921e-01  -9.896137e-05  -2.494502e+00  -5.805918e+00   4.401821e-05
-9.338104e-01   3.716804e-01  -9.891731e-05  -2.458236e+00  -5.820618e+00   4.787191e-05
-9.362711e-01   3.658540e-01  -9.886939e-05  -2.421888e+00  -5.835085e+00   5.172216e-05
-9.386954e-01   3.600130e-01  -9.881761e-05  -2.385461e+00  -5.849319e+00   5.556881e-05
-9.410833e-01   3.541579e-01  -9.876199e-05  -2.348957e+00  -5.863320e+00   5.941169e-05
-9.434346e-01   3.482887e-01  -9.870252e-05  -2.312376e+00  -5.877086e+00   6.325067e-05
-9.457493e-01   3.424057e-01  -9.863920e-05  -2.275720e+00  -5.890618e+00   6.708557e-05
-9.480273e-01   3.365092e-01  -9.857205e-05  -2.238992e+00  -5.903916e+00   7.091626e-05
-9.502685e-01   3.305994e-01  -9.850106e-05  -2.202192e+00  -5.916978e+00   7.474258e-05
-9.524729e-01   3.246765e-01  -9.842625e-05  -2.165322e+00  -5.929805e+00   7.856437e-05
-9.546404e-01   3.187407e-01  -9.834760e-05  -2.128383e+00  -5.942397e+00   8.238149e-05
-9.567709e-01   3.127924e-01  -9.826514e-05  -2.091378e+00  -5.954752e+00   8.619379e-05
-9.588644e-01   3.068317e-01  -9.817886e-05  -2.054308e+00  -5.966871e+00   9.000110e-05
-9.609208e-01   3.008588e-01  -9.808877e-05  -2.017174e+00  -5.978754e+00   9.380329e-05
-9.629400e-01   2.948741e-01  -9.799487e-05  -1.979977e+00  -5.990400e+00   9.760021e-05
-9.649219e-01   2.888777e-01  -9.789717e-05  -1.942721e+00  -6.001809e+00   1.013917e-04
-9.668666e-01   2.828699e-01  -9.779568e-05  -1.905405e+00  -6.012981e+00   1.051776e-04
-9.687739e-01   2.768509e-01  -9.769040e-05  -1.868032e+00  -6.023915e+00   1.089578e-04
-9.706438e-01   2.708209e-01  -9.758133e-05  -1.830603e+00  -6.034611e+00   1.127321e-04
-9.724762e-01   2.647803e-01  -9.746849e-05  -1.793119e+00  -6.045069e+00   1.165004e-04
-9.742711e-01   2.587292e-01  -9.735187e-05  -1.755583e+00  -6.055289e+00   1.202625e-04
-9.760285e-01   2.526678e-01  -9.723149e-05  -1.717996e+00  -6.065271e+00   1.240184e-04
-9.777482e-01   2.465965e-01  -9.710734e-05  -1.680359e+00  -6.075014e+00   1.277677e-04
-9.794302e-01   2.405154e-01  -9.697945e-05  -1.642674e+00  -6.084519e+00   1.315105e-04
-9.810746e-01   2.344248e-01  -9.684781e-05  -1.604943e+00  -6.093784e+00   1.352465e-04
-9.826811e-01   2.283249e-01  -9.671242e-05  -1.567167e+00  -6.102811e+00   1.389756e-04
-9.842498e-01   2.222160e-01  -9.657331e-05  -1.529347e+00  -6.111598e+00   1.426977e-04
-9.857807e-01   2.160982e-01  -9.643047e-05  -1.491486e+00  -6.120146e+00   1.464126e-04
-9.872737e-01   2.099720e-01  -9.628391e-05  -1.453584e+00  -6.128455e+00   1.501202e-04
-9.887287e-01   2.038374e-01  -9.613364e-05  -1.415644e+00  -6.136524e+00   1.538203e-04
-9.901458e-01   1.976947e-01  -9.597966e-05  -1.377667e+00  -6.144353e+00   1.575128e-04
-9.915248e-01   1.915442e-01  -9.582199e-05  -1.339654e+00  -6.151943e+00   1.611976e-04
-9.928658e-01   1.853861e-01  -9.566064e-05  -1.301607e+00  -6.159293e+00   1.648745e-04
-9.941687e-01   1.792206e-01  -9.549560e-05  -1.263528e+00  -6.166403e+00   1.685434e-04
-9.954335e-01   1.730481e-01  -9.532688e-05  -1.225418e+00  -6.173273e+00   1.722041e-04
-9.966602e-01   1.668686e-01  -9.515451e-05  -1.187278e+00  -6.179903e+00   1.758564e-04
-9.978487e-01   1.606825e-01  -9.497847e-05  -1.149111e+00  -6.186294e+00   1.795004e-04
-9.989989e-01   1.544900e-01  -9.479879e-05  -1.110918e+00  -6.192444e+00   1.831358e-04
-1.000111e+00   1.482914e-01  -9.461548e-05  -1.072700e+00  -6.198354e+00   1.867624e-04
-1.001185e+00   1.420868e-01  -9.442853e-05  -1.034458e+00  -6.204024e+00   1.903802e-04
-1.002220e+00   1.358766e-01  -9.423796e-05  -9.961957e-01  -6.209454e+00   1.939890e-04
-1.003217e+00   1.296609e-01  -9.404377e-05  -9.579130e-01  -6.214645e+00   1.975887e-04
-1.004176e+00   1.234401e-01  -9.384599e-05  -9.196118e-01  -6.219595e+00   2.011792e-04
-1.005097e+00   1.172143e-01  -9.364461e-05  -8.812937e-01  -6.224305e+00   2.047602e-04
-1.005979e+00   1.109837e-01  -9.343964e-05  -8.429602e-01  -6.228776e+00   2.083317e-04
-1.006823e+00   1.047487e-01  -9.323110e-05  -8.046128e-01  -6.233006e+00   2.118936e-04
-1.007628e+00   9.850946e-02  -9.301899e-05  -7.662532e-01  -6.236997e+00   2.154457e-04
-1.008395e+00   9.226622e-02  -9.280333e-05  -7.278827e-01  -6.240748e+00   2.189878e-04
-1.009124e+00   8.601923e-02  -9.258413e-05  -6.895030e-01  -6.244260e+00   2.225199e-04
-1.009814e+00   7.976872e-02  -9.236138e-05  -6.511156e-01  -6.247532e+00   2.260419e-04
-1.010466e+00   7.351493e-02  -9.213511e-05  -6.127220e-01  -6.250565e+00   2.295535e-04
-1.011079e+00   6.725811e-02  -9.190533e-05  -5.743237e-01  -6.253359e+00   2.330547e-04
-1.011654e+00   6.099849e-02  -9.167204e-05  -5.359222e-01  -6.255913e+00   2.365453e-04
-1.012190e+00   5.473631e-02  -9.143526e-05  -4.975191e-01  -6.258229e+00   2.400253e-04
-1.012689e+00   4.847182e-02  -9.119500e-05  -4.591159e-01  -6.260306e+00   2.434944e-04
-1.013148e+00   4.220525e-02  -9.095126e-05  -4.207141e-01  -6.262144e+00   2.469525e-04
-1.013569e+00   3.593684e-02  -9.070406e-05  -3.823152e-01  -6.263743e+00   2.503997e-04
-1.013952e+00   2.966682e-02  -9.045341e-05  -3.439207e-01  -6.265105e+00   2.538356e-04
-1.014296e+00   2.339545e-02  -9.019932e-05  -3.055321e-01  -6.266228e+00   2.572602e-04
-1.014602e+00   1.712295e-02  -8.994180e-05  -2.671510e-01  -6.267113e+00   2.606733e-04
-1.014869e+00   1.084956e-02  -8.968087e-05  -2.287787e-01  -6.267761e+00   2.640749e-04
-1.015098e+00   4.575526e-03  -8.941653e-05  -1.904169e-01  -6.268171e+00   2.674648e-04
-1.015289e+00  -1.698919e-03  -8.914879e-05  -1.520669e-01  -6.268344e+00   2.708430e-04
-1.015441e+00  -7.973537e-03  -8.887768e-05  -1.137304e-01  -6.268279e+00   2.742091e-04
-1.015555e+00  -1.424809e-02  -8.860320e-05  -7.540872e-02  -6.267979e+00   2.775633e-04
-1.015631e+00  -2.052234e-02  -8.832536e-05  -3.710340e-02  -6.267441e+00   2.809053e-04
-1.015668e+00  -2.679606e-02  -8.804417e-05   1.184075e-03  -6.266667e+00   2.842350e-04
-1.015667e+00  -3.306900e-02  -8.775965e-05   3.945224e-02  -6.265658e+00   2.875523e-04
-1.015627e+00  -3.934093e-02  -8.747181e-05   7.769962e-02  -6.264413e+00   2.908571e-04
-1.015549e+00  -4.561161e-02  -8.718066e-05   1.159248e-01  -6.262932e+00   2.941493e-04
-1.015433e+00  -5.188081e-02  -8.688622e-05   1.541262e-01  -6.261216e+00   2.974287e-04
-1.015279e+00  -5.814830e-02  -8.658849e-05   1.923024e-01  -6.259266e+00   3.006953e-04
-1.015086e+00  -6.441383e-02  -8.628749e-05   2.304520e-01  -6.257081e+00   3.039489e-04
-1.014856e+00  -7.067717e-02  -8.598324e-05   2.685735e-01  -6.254662e+00   3.071894e-04
-1.014587e+00  -7.693809e-02  -8.567574e-05   3.066655e-01  -6.252009e+00   3.104167e-04
-1.014280e+00  -8.319636e-02  -8.536502e-05   3.447265e-01  -6.249123e+00   3.136308e-04
-1.013935e+00  -8.945174e-02  -8.505107e-05   3.827551e-01  -6.246003e+00   3.168314e-04
-1.013552e+00  -9.570399e-02  -8.473392e-05   4.207499e-01  -6.242651e+00   3.200185e-04
-1.013131e+00  -1.019529e-01  -8.441359e-05   4.587093e-01  -6.239067e+00   3.231919e-04
-1.012671e+00  -1.081982e-01  -8.409007e-05   4.966321e-01  -6.235251e+00   3.263516e-04
-1.012174e+00  -1.144397e-01  -8.376339e-05   5.345166e-01  -6.231203e+00   3.294975e-04
-1.011639e+00  -1.206771e-01  -8.343356e-05   5.723617e-01  -6.226924e+00   3.326294e-04
-1.011066e+00  -1.269103e-01  -8.310060e-05   6.101657e-01  -6.222414e+00   3.357472e-04
-1.010456e+00  -1.331389e-01  -8.276452e-05   6.479274e-01  -6.217675e+00   3.388509e-04
-1.009807e+00  -1.393628e-01  -8.242533e-05   6.856453e-01  -6.212705e+00   3.419403e-04
-1.009121e+00  -1.455818e-01  -8.208305e-05   7.233179e-01  -6.207506e+00   3.450153e-04
-1.008397e+00  -1.517955e-01  -8.173769e-05   7.609440e-01  -6.202077e+00   3.480758e-04
-1.007635e+00  -1.580038e-01  -8.138926e-05   7.985221e-01  -6.196421e+00   3.511218e-04
-1.006836e+00  -1.642064e-01  -8.103779e-05   8.360508e-01  -6.190536e+00   3.541531e-04
-1.005999e+00  -1.704031e-01  -8.068328e-05   8.735288e-01  -6.184424e+00   3.571696e-04
-1.005124e+00  -1.765937e-01  -8.032575e-05   9.109546e-01  -6.178084e+00   3.601713e-04
-1.004212e+00  -1.827780e-01  -7.996522e-05   9.483270e-01  -6.171518e+00   3.631579e-04
-1.003263e+00  -1.889557e-01  -7.960170e-05   9.856444e-01  -6.164726e+00   3.661295e-04
-1.002276e+00  -1.951266e-01  -7.923520e-05   1.022906e+00  -6.157708e+00   3.690859e-04
-1.001253e+00  -2.012905e-01  -7.886575e-05   1.060109e+00  -6.150465e+00   3.720270e-04
-1.000191e+00  -2.074471e-01  -7.849335e-05   1.097254e+00  -6.142998e+00   3.749528e-04
-9.990930e-01  -2.135962e-01  -7.811802e-05   1.134338e+00  -6.135306e+00   3.778631e-04
-9.979576e-01  -2.197377e-01  -7.773978e-05   1.171361e+00  -6.127391e+00   3.807579e-04
-9.967850e-01  -2.258712e-01  -7.735864e-05   1.208321e+00  -6.119253e+00   3.836370e-04
-9.955755e-01  -2.319966e-01  -7.697462e-05   1.245216e+00  -6.110893e+00   3.865004e-04
-9.943290e-01  -2.381136e-01  -7.658773e-05   1.282046e+00  -6.102310e+00   3.893479e-04
-9.930457e-01  -2.442220e-01  -7.619799e-05   1.318808e+00  -6.093507e+00   3.921796e-04
-9.917256e-01  -2.503216e-01  -7.580542e-05   1.355503e+00  -6.084482e+00   3.949952e-04
-9.903687e-01  -2.564122e-01  -7.541003e-05   1.392128e+00  -6.075238e+00   3.977947e-04
-9.889752e-01  -2.624935e-01  -7.501184e-05   1.428682e+00  -6.065774e+00   4.005781e-04
-9.875451e-01  -2.685654e-01  -7.461086e-05   1.465163e+00  -6.056091e+00   4.033451e-04
-9.860785e-01  -2.746275e-01  -7.420711e-05   1.501571e+00  -6.046189e+00   4.060958e-04
-9.845754e-01  -2.806798e-01  -7.380061e-05   1.537905e+00  -6.036070e+00   4.088301e-04
-9.830359e-01  -2.867219e-01  -7.339137e-05   1.574162e+00  -6.025734e+00   4.115478e-04
-9.814602e-01  -2.927536e-01  -7.297941e-05   1.610342e+00  -6.015182e+00   4.142490e-04
-9.798482e-01  -2.987748e-01  -7.256475e-05   1.646444e+00  -6.004413e+00   4.169334e-04
-9.782002e-01  -3.047853e-01  -7.214739e-05   1.682465e+00  -5.993430e+00   4.196010e-04
-9.765160e-01  -3.107847e-01  -7.172737e-05   1.718405e+00  -5.982231e+00   4.222518e-04
-9.747959e-01  -3.167729e-01  -7.130470e-05   1.754263e+00  -5.970819e+00   4.248856e-04
-9.730399e-01  -3.227497e-01  -7.087939e-05   1.790037e+00  -5.959194e+00   4.275025e-04
-9.712480e-01  -3.287149e-01  -7.045146e-05   1.825726e+00  -5.947356e+00   4.301022e-04
-9.694205e-01  -3.346682e-01  -7.002093e-05   1.861329e+00  -5.935307e+00   4.326847e-04
-9.675573e-01  -3.406094e-01  -6.958781e-05   1.896845e+00  -5.923046e+00   4.352500e-04
-9.656585e-01  -3.465384e-01  -6.915212e-05   1.932272e+00  -5.910574e+00   4.377980e-04
-9.637243e-01  -3.524549e-01  -6.871389e-05   1.967609e+00  -5.897893e+00   4.403285e-04
-9.617548e-01  -3.583587e-01  -6.827312e-05   2.002855e+00  -5.885003e+00   4.428416e-04
-9.597499e-01  -3.642496e-01  -6.782983e-05   2.038009e+00  -5.871904e+00   4.453371e-04
-9.577098e-01  -3.701274e-01  -6.738405e-05   2.073070e+00  -5.858598e+00   4.478149e-04
-9.556347e-01  -3.759918e-01  -6.693579e-05   2.108035e+00  -5.845085e+00   4.502751e-04
-9.535246e-01  -3.818428e-01  -6.648506e-05   2.142905e+00  -5.831365e+00   4.527175e-04
-9.513795e-01  -3.876800e-01  -6.603189e-05   2.177678e+00  -5.817440e+00   4.551421e-04
-9.491997e-01  -3.935032e-01  -6.557629e-05   2.212352e+00  -5.803311e+00   4.575487e-04
-9.469851e-01  -3.993123e-01  -6.511828e-05   2.246928e+00  -5.788977e+00   4.599373e-04
-9.447359e-01  -4.051071e-01  -6.465789e-05   2.281402e+00  -5.774440e+00   4.623080e-04
-9.424522e-01  -4.108873e-01  -6.419512e-05   2.315775e+00  -5.759701e+00   4.646604e-04
-9.401341e-01  -4.166528e-01  -6.372999e-05   2.350045e+00  -5.744760e+00   4.669947e-04
-9.377817e-01  -4.224033e-01  -6.326253e-05   2.384211e+00  -5.729618e+00   4.693108e-04
-9.353951e-01  -4.281387e-01  -6.279275e-05   2.418272e+00  -5.714276e+00   4.716085e-04
-9.329744e-01  -4.338587e-01  -6.232067e-05   2.452226e+00  -5.698735e+00   4.738879e-04
-9.305198e-01  -4.395631e-01  -6.184631e-05   2.486073e+00  -5.682995e+00   4.761488e-04
-9.280312e-01  -4.452518e-01  -6.136968e-05   2.519812e+00  -5.667058e+00   4.783912e-04
-9.255089e-01  -4.509245e-01  -6.089081e-05   2.553440e+00  -5.650923e+00   4.806150e-04
-9.229529e-01  -4.565811e-01  -6.040971e-05   2.586958e+00  -5.634593e+00   4.828202e-04
-9.203633e-01  -4.622213e-01  -5.992641e-05   2.620364e+00  -5.618067e+00   4.850067e-04
-9.177403e-01  -4.678450e-01  -5.944092e-05   2.653657e+00  -5.601347e+00   4.871745e-04
-9.150840e-01  -4.734520e-01  -5.895326e-05   2.686836e+00  -5.584433e+00   4.893235e-04
-9.123945e-01  -4.790420e-01  -5.846344e-05   2.719900e+00  -5.567326e+00   4.914536e-04
-9.096719e-01  -4.846149e-01  -5.797150e-05   2.752848e+00  -5.550027e+00   4.935647e-04
-9.069163e-01  -4.901705e-01  -5.747744e-05   2.785678e+00  -5.532537e+00   4.956569e-04
-9.041278e-01  -4.957086e-01  -5.698129e-05   2.818390e+00  -5.514857e+00   4.977301e-04
-9.013066e-01  -5.012289e-01  -5.648306e-05   2.850983e+00  -5.496988e+00   4.997842e-04
-8.984528e-01  -5.067314e-01  -5.598277e-05   2.883455e+00  -5.478929e+00   5.018192e-04
-8.955664e-01  -5.122158e-01  -5.548045e-05   2.915805e+00  -5.460684e+00   5.038349e-04
-8.926477e-01  -5.176820e-01  -5.497611e-05   2.948033e+00  -5.442251e+00   5.058315e-04
-8.896967e-01  -5.231297e-01  -5.446977e-05   2.980137e+00  -5.423632e+00   5.078087e-04
-8.867136e-01  -5.285587e-01  -5.396146e-05   3.012117e+00  -5.404829e+00   5.097666e-04
-8.836985e-01  -5.339690e-01  -5.345118e-05   3.043971e+00  -5.385841e+00   5.117051e-04
-8.806514e-01  -5.393602e-01  -5.293896e-05   3.075698e+00  -5.366670e+00   5.136241e-04
-8.775727e-01  -5.447323e-01  -5.242482e-05   3.107298e+00  -5.347317e+00   5.155237e-04
-8.744622e-01  -5.500849e-01  -5.190878e-05   3.138769e+00  -5.327782e+00   5.174037e-04
-8.713203e-01  -5.554180e-01  -5.139086e-05   3.170111e+00  -5.308066e+00   5.192642e-04
-8.681471e-01  -5.607314e-01  -5.087108e-05   3.201322e+00  -5.288171e+00   5.211050e-04
-8.649425e-01  -5.660249e-01  -5.034945e-05   3.232401e+00  -5.268097e+00   5.229262e-04
-8.617069e-01  -5.712983e-01  -4.982600e-05   3.263347e+00  -5.247845e+00   5.247276e-04
-8.584403e-01  -5.765514e-01  -4.930075e-05   3.294161e+00  -5.227417e+00   5.265093e-04
-8.551428e-01  -5.817840e-01  -4.877371e-05   3.324839e+00  -5.206812e+00   5.282712e-04
-8.518147e-01  -5.869960e-01  -4.824491e-05   3.355382e+00  -5.186032e+00   5.300133e-04
-8.484559e-01  -5.921873e-01  -4.771437e-05   3.385789e+00  -5.165079e+00   5.317354e-04
-8.450667e-01  -5.973575e-01  -4.718210e-05   3.416059e+00  -5.143952e+00   5.334377e-04
-8.416473e-01  -6.025066e-01  -4.664813e-05   3.446190e+00  -5.122653e+00   5.351200e-04
-8.381976e-01  -6.076344e-01  -4.611247e-05   3.476182e+00  -5.101183e+00   5.367823e-04
-8.347180e-01  -6.127407e-01  -4.557516e-05   3.506034e+00  -5.079542e+00   5.384246e-04
-8.312084e-01  -6.178253e-01  -4.503619e-05   3.535745e+00  -5.057732e+00   5.400468e-04
-8.276691e-01  -6.228881e-01  -4.449560e-05   3.565314e+00  -5.035754e+00   5.416489e-04
-8.241002e-01  -6.279289e-01  -4.395341e-05   3.594740e+00  -5.013608e+00   5.432308e-04
-8.205019e-01  -6.329475e-01  -4.340964e-05   3.624023e+00  -4.991296e+00   5.447926e-04
-8.168743e-01  -6.379438e-01  -4.286430e-05   3.653161e+00  -4.968818e+00   5.463342e-04
-8.132174e-01  -6.429176e-01  -4.231742e-05   3.682154e+00  -4.946176e+00   5.478556e-04
-8.095316e-01  -6.478687e-01  -4.176902e-05   3.711000e+00  -4.923371e+00   5.493566e-04
-8.058169e-01  -6.527970e-01  -4.121911e-05   3.739699e+00  -4.900403e+00   5.508374e-04
-8.020734e-01  -6.577023e-01  -4.066772e-05   3.768251e+00  -4.877273e+00   5.522979e-04
-7.983014e-01  -6.625845e-01  -4.011487e-05   3.796653e+00  -4.853983e+00   5.537379e-04
-7.945010e-01  -6.674433e-01  -3.956058e-05   3.824905e+00  -4.830534e+00   5.551577e-04
-7.906722e-01  -6.722787e-01  -3.900486e-05   3.853008e+00  -4.806926e+00   5.565569e-04
-7.868154e-01  -6.770904e-01  -3.844775e-05   3.880958e+00  -4.783160e+00   5.579358e-04
-7.829305e-01  -6.818784e-01  -3.788926e-05   3.908757e+00  -4.759238e+00   5.592942e-04
-7.790178e-01  -6.866424e-01  -3.732940e-05   3.936403e+00  -4.735161e+00   5.606321e-04
-7.750775e-01  -6.913823e-01  -3.676821e-05   3.963894e+00  -4.710929e+00   5.619494e-04
-7.711096e-01  -6.960979e-01  -3.620570e-05   3.991232e+00  -4.686544e+00   5.632463e-04
-7.671144e-01  -7.007892e-01  -3.564189e-05   4.018414e+00  -4.662006e+00   5.645225e-04
-7.630920e-01  -7.054558e-01  -3.507680e-05   4.045439e+00  -4.637317e+00   5.657782e-04
-7.590425e-01  -7.100978e-01  -3.451045e-05   4.072308e+00  -4.612478e+00   5.670133e-04
-7.549661e-01  -7.147149e-01  -3.394287e-05   4.099019e+00  -4.587489e+00   5.682277e-04
-7.508630e-01  -7.193070e-01  -3.337408e-05   4.125572e+00  -4.562352e+00   5.694215e-04
-7.467333e-01  -7.238739e-01  -3.280409e-05   4.151966e+00  -4.537067e+00   5.705946e-04
-7.425772e-01  -7.284155e-01  -3.223292e-05   4.178199e+00  -4.511637e+00   5.717471e-04
-7.383948e-01  -7.329317e-01  -3.166060e-05   4.204272e+00  -4.486061e+00   5.728788e-04
-7.341863e-01  -7.374222e-01  -3.108715e-05   4.230184e+00  -4.460342e+00   5.739898e-04
-7.299519e-01  -7.418870e-01  -3.051258e-05   4.255933e+00  -4.434479e+00   5.750801e-04
-7.256917e-01  -7.463259e-01  -2.993693e-05   4.281519e+00  -4.408474e+00   5.761497e-04
-7.214059e-01  -7.507388e-01  -2.936020e-05   4.306942e+00  -4.382328e+00   5.771984e-04
-7.170946e-01  -7.551255e-01  -2.878242e-05   4.332201e+00  -4.356043e+00   5.782264e-04
-7.127581e-01  -7.594859e-01  -2.820362e-05   4.357294e+00  -4.329618e+00   5.792336e-04
-7.083964e-01  -7.638199e-01  -2.762381e-05   4.382222e+00  -4.303056e+00   5.802200e-04
-7.040098e-01  -7.681273e-01  -2.704301e-05   4.406984e+00  -4.276357e+00   5.811856e-04
-6.995984e-01  -7.724079e-01  -2.646124e-05   4.431578e+00  -4.249523e+00   5.821303e-04
-6.951624e-01  -7.766617e-01  -2.587853e-05   4.456005e+00  -4.222554e+00   5.830542e-04
-6.907019e-01  -7.808885e-01  -2.529489e-05   4.480264e+00  -4.195451e+00   5.839573e-04
-6.862172e-01  -7.850881e-01  -2.471035e-05   4.504353e+00  -4.168216e+00   5.848395e-04
-6.817083e-01  -7.892605e-01  -2.412492e-05   4.528273e+00  -4.140850e+00   5.857008e-04
-6.771755e-01  -7.934055e-01  -2.353863e-05   4.552022e+00  -4.113354e+00   5.865413e-04
-6.726190e-01  -7.975230e-01  -2.295150e-05   4.575601e+00  -4.085728e+00   5.873609e-04
-6.680388e-01  -8.016128e-01  -2.236356e-05   4.599008e+00  -4.057975e+00   5.881596e-04
-6.634352e-01  -8.056748e-01  -2.177481e-05   4.622243e+00  -4.030094e+00   5.889374e-04
-6.588083e-01  -8.097089e-01  -2.118528e-05   4.645305e+00  -4.002088e+00   5.896943e-04
-6.541583e-01  -8.137150e-01  -2.059500e-05   4.668193e+00  -3.973956e+00   5.904304e-04
-6.494855e-01  -8.176930e-01  -2.000397e-05   4.690908e+00  -3.945701e+00   5.911455e-04
-6.447899e-01  -8.216426e-01  -1.941224e-05   4.713448e+00  -3.917324e+00   5.918397e-04
-6.400717e-01  -8.255639e-01  -1.881981e-05   4.735813e+00  -3.888825e+00   5.925130e-04
-6.353311e-01  -8.294566e-01  -1.822670e-05   4.758002e+00  -3.860206e+00   5.931655e-04
-6.305684e-01  -8.333207e-01  -1.763294e-05   4.780014e+00  -3.831467e+00   5.937970e-04
-6.257836e-01  -8.371560e-01  -1.703855e-05   4.801850e+00  -3.802610e+00   5.944076e-04
-6.209769e-01  -8.409624e-01  -1.644355e-05   4.823508e+00  -3.773636e+00   5.949973e-04
-6.161486e-01  -8.447398e-01  -1.584795e-05   4.844989e+00  -3.744546e+00   5.955661e-04
-6.112988e-01  -8.484881e-01  -1.525179e-05   4.866290e+00  -3.715342e+00   5.961140e-04
-6.064276e-01  -8.522071e-01  -1.465508e-05   4.887413e+00  -3.686023e+00   5.966410e-04
-6.015353e-01  -8.558969e-01  -1.405784e-05   4.908356e+00  -3.656592e+00   5.971471e-04
-5.966220e-01  -8.595571e-01  -1.346010e-05   4.929119e+00  -3.627049e+00   5.976323e-04
-5.916880e-01  -8.631878e-01  -1.286187e-05   4.949701e+00  -3.597396e+00   5.980967e-04
-5.867333e-01  -8.667888e-01  -1.226317e-05   4.970103e+00  -3.567634e+00   5.985402e-04
-5.817582e-01  -8.703600e-01  -1.166403e-05   4.990322e+00  -3.537764e+00   5.989628e-04
-5.767629e-01  -8.739013e-01  -1.106447e-05   5.010359e+00  -3.507786e+00   5.993645e-04
-5.717475e-01  -8.774126e-01  -1.046451e-05   5.030214e+00  -3.477703e+00   5.997454e-04
-5.667123e-01  -8.808938e-01  -9.864160e-06   5.049886e+00  -3.447514e+00   6.001054e-04
-5.616573e-01  -8.843447e-01  -9.263453e-06   5.069373e+00  -3.417223e+00   6.004446e-04
-5.565829e-01  -8.877654e-01  -8.662408e-06   5.088677e+00  -3.386828e+00   6.007630e-04
-5.514891e-01  -8.911556e-01  -8.061043e-06   5.107797e+00  -3.356332e+00   6.010606e-04
-5.463762e-01  -8.945153e-01  -7.459381e-06   5.126731e+00  -3.325736e+00   6.013373e-04
-5.412444e-01  -8.978444e-01  -6.857442e-06   5.145480e+00  -3.295041e+00   6.015933e-04
-5.360937e-01  -9.011427e-01  -6.255246e-06   5.164043e+00  -3.264247e+00   6.018285e-04
-5.309245e-01  -9.044102e-01  -5.652815e-06   5.182420e+00  -3.233357e+00   6.020429e-04
-5.257369e-01  -9.076468e-01  -5.050170e-06   5.200610e+00  -3.202371e+00   6.022366e-04
-5.205311e-01  -9.108524e-01  -4.447330e-06   5.218613e+00  -3.171290e+00   6.024095e-04
-5.153073e-01  -9.140268e-01  -3.844318e-06   5.236428e+00  -3.140116e+00   6.025617e-04
-5.100656e-01  -9.171701e-01  -3.241153e-06   5.254055e+00  -3.108849e+00   6.026932e-04
-5.048063e-01  -9.202821e-01  -2.637856e-06   5.271494e+00  -3.077492e+00   6.028041e-04
-4.995295e-01  -9.233626e-01  -2.034449e-06   5.288745e+00  -3.046044e+00   6.028942e-04
-4.942355e-01  -9.264117e-01  -1.430951e-06   5.305806e+00  -3.014507e+00   6.029637e-04
-4.889243e-01  -9.294293e-01  -8.273841e-07   5.322677e+00  -2.982882e+00   6.030125e-04
-4.835963e-01  -9.324151e-01  -2.237679e-07   5.339359e+00  -2.951171e+00   6.030408e-04
-4.782516e-01  -9.353693e-01   3.798765e-07   5.355850e+00  -2.919374e+00   6.030484e-04
-4.728904e-01  -9.382915e-01   9.835285e-07   5.372151e+00  -2.887493e+00   6.030354e-04
-4.675129e-01  -9.411819e-01   1.587168e-06   5.388261e+00  -2.855528e+00   6.030019e-04
-4.621192e-01  -9.440403e-01   2.190773e-06   5.404180e+00  -2.823481e+00   6.029479e-04
-4.567096e-01  -9.468666e-01   2.794325e-06   5.419907e+00  -2.791354e+00   6.028733e-04
-4.512843e-01  -9.496608e-01   3.397801e-06   5.435441e+00  -2.759146e+00   6.027783e-04
-4.458434e-01  -9.524227e-01   4.001183e-06   5.450784e+00  -2.726860e+00   6.026628e-04
-4.403872e-01  -9.551523e-01   4.604449e-06   5.465934e+00  -2.694496e+00   6.025268e-04
-4.349158e-01  -9.578495e-01   5.207579e-06   5.480891e+00  -2.662056e+00   6.023704e-04
-4.294294e-01  -9.605142e-01   5.810552e-06   5.495655e+00  -2.629541e+00   6.021936e-04
-4.239283e-01  -9.631464e-01   6.413349e-06   5.510225e+00  -2.596951e+00   6.019965e-04
-4.184125e-01  -9.657459e-01   7.015948e-06   5.524601e+00  -2.564289e+00   6.017790e-04
-4.128824e-01  -9.683128e-01   7.618329e-06   5.538784e+00  -2.531554e+00   6.015412e-04
-4.073381e-01  -9.708469e-01   8.220473e-06   5.552772e+00  -2.498749e+00   6.012831e-04
-4.017797e-01  -9.733481e-01   8.822358e-06   5.566565e+00  -2.465875e+00   6.010047e-04
-3.962076e-01  -9.758164e-01   9.423964e-06   5.580163e+00  -2.432932e+00   6.007061e-04
-3.906218e-01  -9.782518e-01   1.002527e-05   5.593566e+00  -2.399922e+00   6.003873e-04
-3.850227e-01  -9.806541e-01   1.062626e-05   5.606774e+00  -2.366845e+00   6.000484e-04
-3.794103e-01  -9.830234e-01   1.122691e-05   5.619785e+00  -2.333704e+00   5.996893e-04
-3.737849e-01  -9.853594e-01   1.182720e-05   5.632601e+00  -2.300499e+00   5.993100e-04
-3.681466e-01  -9.876622e-01   1.242711e-05   5.645221e+00  -2.267231e+00   5.989107e-04
-3.624958e-01  -9.899317e-01   1.302662e-05   5.657645e+00  -2.233902e+00   5.984914e-04
-3.568325e-01  -9.921678e-01   1.362571e-05   5.669871e+00  -2.200512e+00   5.980520e-04
-3.511569e-01  -9.943705e-01   1.422436e-05   5.681901e+00  -2.167063e+00   5.975926e-04
-3.454693e-01  -9.965398e-01   1.482255e-05   5.693734e+00  -2.133556e+00   5.971133e-04
-3.397699e-01  -9.986755e-01   1.542026e-05   5.705370e+00  -2.099992e+00   5.966141e-04
-3.340588e-01  -1.000778e+00   1.601747e-05   5.716808e+00  -2.066372e+00   5.960950e-04
-3.283363e-01  -1.002846e+00   1.661416e-05   5.728048e+00  -2.032698e+00   5.955560e-04
-3.226025e-01  -1.004881e+00   1.721032e-05   5.739091e+00  -1.998970e+00   5.949972e-04
-3.168577e-01  -1.006882e+00   1.780591e-05   5.749936e+00  -1.965189e+00   5.944187e-04
-3.111020e-01  -1.008849e+00   1.840092e-05   5.760582e+00  -1.931358e+00   5.938204e-04
-3.053356e-01  -1.010782e+00   1.899534e-05   5.771030e+00  -1.897476e+00   5.932024e-04
-2.995588e-01  -1.012682e+00   1.958913e-05   5.781280e+00  -1.863545e+00   5.925648e-04
-2.937717e-01  -1.014547e+00   2.018229e-05   5.791331e+00  -1.829567e+00   5.919075e-04
-2.879746e-01  -1.016378e+00   2.077479e-05   5.801183e+00  -1.795542e+00   5.912306e-04
-2.821676e-01  -1.018176e+00   2.136661e-05   5.810837e+00  -1.761471e+00   5.905342e-04
-2.763510e-01  -1.019939e+00   2.195774e-05   5.820291e+00  -1.727356e+00   5.898183e-04
-2.705249e-01  -1.021668e+00   2.254815e-05   5.829546e+00  -1.693198e+00   5.890829e-04
-2.646895e-01  -1.023363e+00   2.313782e-05   5.838602e+00  -1.658998e+00   5.883281e-04
-2.588450e-01  -1.025024e+00   2.372674e-05   5.847458e+00  -1.624756e+00   5.875540e-04
-2.529917e-01  -1.026650e+00   2.431488e-05   5.856115e+00  -1.590475e+00   5.867604e-04
-2.471297e-01  -1.028242e+00   2.490223e-05   5.864573e+00  -1.556155e+00   5.859476e-04
-2.412593e-01  -1.029800e+00   2.548876e-05   5.872830e+00  -1.521798e+00   5.851155e-04
-2.353806e-01  -1.031323e+00   2.607446e-05   5.880888e+00  -1.487404e+00   5.842643e-04
-2.294938e-01  -1.032812e+00   2.665931e-05   5.888746e+00  -1.452975e+00   5.833938e-04
-2.235992e-01  -1.034266e+00   2.724329e-05   5.896403e+00  -1.418512e+00   5.825042e-04
-2.176969e-01  -1.035686e+00   2.782638e-05   5.903861e+00  -1.384016e+00   5.815956e-04
-2.117871e-01  -1.037072e+00   2.840856e-05   5.911119e+00  -1.349487e+00   5.806679e-04
-2.058701e-01  -1.038423e+00   2.898980e-05   5.918176e+00  -1.314928e+00   5.797212e-04
-1.999460e-01  -1.039739e+00   2.957011e-05   5.925034e+00  -1.280340e+00   5.787556e-04
-1.940150e-01  -1.041020e+00   3.014944e-05   5.931691e+00  -1.245723e+00   5.777711e-04
-1.880774e-01  -1.042267e+00   3.072779e-05   5.938147e+00  -1.211079e+00   5.767677e-04
-1.821333e-01  -1.043480e+00   3.130514e-05   5.944404e+00  -1.176408e+00   5.757456e-04
-1.761829e-01  -1.044657e+00   3.188146e-05   5.950460e+00  -1.141712e+00   5.747047e-04
-1.702265e-01  -1.045800e+00   3.245674e-05   5.956315e+00  -1.106992e+00   5.736451e-04
-1.642642e-01  -1.046908e+00   3.303096e-05   5.961970e+00  -1.072250e+00   5.725668e-04
-1.582963e-01  -1.047982e+00   3.360410e-05   5.967425e+00  -1.037486e+00   5.714700e-04
-1.523229e-01  -1.049020e+00   3.417614e-05   5.972679e+00  -1.002701e+00   5.703546e-04
-1.463442e-01  -1.050024e+00   3.474706e-05   5.977733e+00  -9.678963e-01   5.692207e-04
-1.403605e-01  -1.050993e+00   3.531685e-05   5.982586e+00  -9.330735e-01   5.680684e-04
-1.343719e-01  -1.051927e+00   3.588549e-05   5.987239e+00  -8.982335e-01   5.668976e-04
-1.283787e-01  -1.052826e+00   3.645296e-05   5.991692e+00  -8.633774e-01   5.657085e-04
-1.223810e-01  -1.053690e+00   3.701923e-05   5.995944e+00  -8.285062e-01   5.645012e-04
-1.163791e-01  -1.054519e+00   3.758430e-05   5.999995e+00  -7.936211e-01   5.632755e-04
-1.103731e-01  -1.055314e+00   3.814814e-05   6.003847e+00  -7.587233e-01   5.620317e-04
-1.043632e-01  -1.056073e+00   3.871073e-05   6.007498e+00  -7.238138e-01   5.607698e-04
-9.834971e-02  -1.056798e+00   3.927206e-05   6.010949e+00  -6.888937e-01   5.594898e-04
-9.233274e-02  -1.057487e+00   3.983211e-05   6.014200e+00  -6.539642e-01   5.581918e-04
-8.631252e-02  -1.058142e+00   4.039086e-05   6.017250e+00  -6.190263e-01   5.568758e-04
-8.028925e-02  -1.058762e+00   4.094830e-05   6.020101e+00  -5.840812e-01   5.555419e-04
-7.426312e-02  -1.059346e+00   4.150439e-05   6.022751e+00  -5.491300e-01   5.541901e-04
-6.823434e-02  -1.059896e+00   4.205914e-05   6.025202e+00  -5.141737e-01   5.528205e-04
-6.220311e-02  -1.060411e+00   4.261251e-05   6.027452e+00  -4.792136e-01   5.514332e-04
-5.616962e-02  -1.060890e+00   4.316450e-05   6.029503e+00  -4.442506e-01   5.500283e-04
-5.013408e-02  -1.061335e+00   4.371508e-05   6.031354e+00  -4.092859e-01   5.486057e-04
-4.409669e-02  -1.061745e+00   4.426423e-05   6.033006e+00  -3.743206e-01   5.471655e-04
-3.805765e-02  -1.062119e+00   4.481195e-05   6.034458e+00  -3.393558e-01   5.457078e-04
-3.201715e-02  -1.062459e+00   4.535820e-05   6.035711e+00  -3.043925e-01   5.442327e-04
-2.597539e-02  -1.062764e+00   4.590298e-05   6.036764e+00  -2.694320e-01   5.427401e-04
-1.993259e-02  -1.063034e+00   4.644626e-05   6.037619e+00  -2.344752e-01   5.412303e-04
-1.388893e-02  -1.063268e+00   4.698803e-05   6.038274e+00  -1.995232e-01   5.397031e-04
-7.844607e-03  -1.063468e+00   4.752828e-05   6.038731e+00  -1.645772e-01   5.381588e-04
-1.799831e-03  -1.063633e+00   4.806697e-05   6.038988e+00  -1.296383e-01   5.365973e-04
4.245202e-03  -1.063762e+00   4.860411e-05   6.039048e+00  -9.470744e-02   5.350188e-04
1.029030e-02  -1.063857e+00   4.913966e-05   6.038908e+00  -5.978581e-02   5.334232e-04
1.633525e-02  -1.063917e+00   4.967362e-05   6.038571e+00  -2.487446e-02   5.318106e-04
2.237986e-02  -1.063942e+00   5.020596e-05   6.038035e+00   1.002551e-02   5.301811e-04
2.842394e-02  -1.063932e+00   5.073667e-05   6.037301e+00   4.491304e-02   5.285348e-04
3.446729e-02  -1.063887e+00   5.126574e-05   6.036369e+00   7.978704e-02   5.268718e-04
4.050970e-02  -1.063807e+00   5.179314e-05   6.035240e+00   1.146464e-01   5.251920e-04
4.655098e-02  -1.063692e+00   5.231885e-05   6.033913e+00   1.494901e-01   5.234956e-04
5.259093e-02  -1.063543e+00   5.284287e-05   6.032389e+00   1.843171e-01   5.217826e-04
5.862936e-02  -1.063358e+00   5.336518e-05   6.030668e+00   2.191263e-01   5.200531e-04
6.466606e-02  -1.063139e+00   5.388575e-05   6.028749e+00   2.539165e-01   5.183071e-04
7.070085e-02  -1.062885e+00   5.440458e-05   6.026634e+00   2.886868e-01   5.165447e-04
7.673351e-02  -1.062596e+00   5.492164e-05   6.024323e+00   3.234361e-01   5.147661e-04
8.276387e-02  -1.062272e+00   5.543692e-05   6.021815e+00   3.581633e-01   5.129712e-04
8.879171e-02  -1.061913e+00   5.595041e-05   6.019111e+00   3.928674e-01   5.111600e-04
9.481685e-02  -1.061520e+00   5.646208e-05   6.016212e+00   4.275472e-01   5.093328e-04
1.008391e-01  -1.061092e+00   5.697192e-05   6.013116e+00   4.622018e-01   5.074896e-04
1.068582e-01  -1.060630e+00   5.747992e-05   6.009825e+00   4.968301e-01   5.056303e-04
1.128741e-01  -1.060132e+00   5.798605e-05   6.006339e+00   5.314310e-01   5.037551e-04
1.188864e-01  -1.059600e+00   5.849031e-05   6.002658e+00   5.660035e-01   5.018641e-04
1.248951e-01  -1.059034e+00   5.899268e-05   5.998783e+00   6.005466e-01   4.999573e-04
1.308999e-01  -1.058433e+00   5.949314e-05   5.994712e+00   6.350591e-01   4.980348e-04
1.369006e-01  -1.057797e+00   5.999167e-05   5.990448e+00   6.695401e-01   4.960967e-04
1.428970e-01  -1.057127e+00   6.048826e-05   5.985990e+00   7.039884e-01   4.941430e-04
1.488890e-01  -1.056422e+00   6.098290e-05   5.981338e+00   7.384032e-01   4.921738e-04
1.548763e-01  -1.055683e+00   6.147557e-05   5.976492e+00   7.727832e-01   4.901892e-04
1.608588e-01  -1.054909e+00   6.196625e-05   5.971454e+00   8.071275e-01   4.881892e-04
1.668362e-01  -1.054101e+00   6.245493e-05   5.966222e+00   8.414351e-01   4.861740e-04
1.728084e-01  -1.053259e+00   6.294159e-05   5.960798e+00   8.757049e-01   4.841435e-04
1.787752e-01  -1.052382e+00   6.342622e-05   5.955182e+00   9.099359e-01   4.820979e-04
1.847363e-01  -1.051472e+00   6.390880e-05   5.949374e+00   9.441271e-01   4.800372e-04
1.906917e-01  -1.050527e+00   6.438931e-05   5.943374e+00   9.782774e-01   4.779616e-04
1.966410e-01  -1.049547e+00   6.486775e-05   5.937182e+00   1.012386e+00   4.758710e-04
2.025841e-01  -1.048534e+00   6.534410e-05   5.930800e+00   1.046451e+00   4.737655e-04
2.085209e-01  -1.047486e+00   6.581834e-05   5.924227e+00   1.080473e+00   4.716453e-04
2.144510e-01  -1.046405e+00   6.629046e-05   5.917463e+00   1.114450e+00   4.695104e-04
2.203744e-01  -1.045289e+00   6.676044e-05   5.910509e+00   1.148380e+00   4.673609e-04
2.262908e-01  -1.044140e+00   6.722827e-05   5.903366e+00   1.182264e+00   4.651968e-04
2.322001e-01  -1.042956e+00   6.769393e-05   5.896033e+00   1.216100e+00   4.630182e-04
2.381020e-01  -1.041739e+00   6.815741e-05   5.888511e+00   1.249886e+00   4.608253e-04
2.439964e-01  -1.040488e+00   6.861870e-05   5.880800e+00   1.283623e+00   4.586180e-04
2.498831e-01  -1.039203e+00   6.907778e-05   5.872900e+00   1.317309e+00   4.563965e-04
2.557619e-01  -1.037884e+00   6.953463e-05   5.864813e+00   1.350943e+00   4.541608e-04
2.616326e-01  -1.036532e+00   6.998924e-05   5.856537e+00   1.384524e+00   4.519110e-04
2.674950e-01  -1.035146e+00   7.044161e-05   5.848075e+00   1.418051e+00   4.496472e-04
2.733489e-01  -1.033727e+00   7.089170e-05   5.839425e+00   1.451523e+00   4.473694e-04
2.791942e-01  -1.032274e+00   7.133952e-05   5.830589e+00   1.484938e+00   4.450778e-04
2.850306e-01  -1.030787e+00   7.178505e-05   5.821567e+00   1.518297e+00   4.427724e-04
2.908580e-01  -1.029267e+00   7.222826e-05   5.812358e+00   1.551599e+00   4.404532e-04
2.966762e-01  -1.027714e+00   7.266915e-05   5.802965e+00   1.584841e+00   4.381205e-04
3.024850e-01  -1.026128e+00   7.310771e-05   5.793386e+00   1.618023e+00   4.357742e-04
3.082841e-01  -1.024508e+00   7.354392e-05   5.783622e+00   1.651144e+00   4.334144e-04
3.140735e-01  -1.022855e+00   7.397777e-05   5.773674e+00   1.684204e+00   4.310412e-04
3.198530e-01  -1.021170e+00   7.440925e-05   5.763542e+00   1.717201e+00   4.286548e-04
3.256223e-01  -1.019451e+00   7.483833e-05   5.753227e+00   1.750134e+00   4.262550e-04
3.313813e-01  -1.017699e+00   7.526501e-05   5.742728e+00   1.783002e+00   4.238422e-04
3.371298e-01  -1.015914e+00   7.568928e-05   5.732047e+00   1.815804e+00   4.214162e-04
3.428676e-01  -1.014096e+00   7.611112e-05   5.721184e+00   1.848540e+00   4.189773e-04
3.485945e-01  -1.012246e+00   7.653051e-05   5.710139e+00   1.881208e+00   4.165254e-04
3.543103e-01  -1.010363e+00   7.694745e-05   5.698912e+00   1.913808e+00   4.140608e-04
3.600149e-01  -1.008447e+00   7.736193e-05   5.687505e+00   1.946338e+00   4.115833e-04
3.657081e-01  -1.006499e+00   7.777392e-05   5.675917e+00   1.978798e+00   4.090932e-04
3.713897e-01  -1.004518e+00   7.818343e-05   5.664149e+00   2.011186e+00   4.065905e-04
3.770596e-01  -1.002505e+00   7.859043e-05   5.652201e+00   2.043502e+00   4.040753e-04
3.827174e-01  -1.000459e+00   7.899490e-05   5.640074e+00   2.075744e+00   4.015477e-04
3.883631e-01  -9.983815e-01   7.939685e-05   5.627768e+00   2.107912e+00   3.990078e-04
3.939965e-01  -9.962714e-01   7.979626e-05   5.615284e+00   2.140005e+00   3.964556e-04
3.996174e-01  -9.941293e-01   8.019311e-05   5.602623e+00   2.172022e+00   3.938912e-04
4.052257e-01  -9.919551e-01   8.058740e-05   5.589784e+00   2.203962e+00   3.913147e-04
4.108211e-01  -9.897489e-01   8.097911e-05   5.576768e+00   2.235823e+00   3.887262e-04
4.164034e-01  -9.875109e-01   8.136822e-05   5.563575e+00   2.267606e+00   3.861258e-04
4.219725e-01  -9.852410e-01   8.175473e-05   5.550207e+00   2.299309e+00   3.835136e-04
4.275283e-01  -9.829394e-01   8.213863e-05   5.536664e+00   2.330932e+00   3.808896e-04
4.330705e-01  -9.806061e-01   8.251990e-05   5.522945e+00   2.362472e+00   3.782539e-04
4.385990e-01  -9.782413e-01   8.289853e-05   5.509052e+00   2.393930e+00   3.756067e-04
4.441136e-01  -9.758449e-01   8.327452e-05   5.494985e+00   2.425304e+00   3.729479e-04
4.496140e-01  -9.734172e-01   8.364784e-05   5.480745e+00   2.456594e+00   3.702778e-04
4.551003e-01  -9.709582e-01   8.401849e-05   5.466332e+00   2.487799e+00   3.675963e-04
4.605721e-01  -9.684679e-01   8.438645e-05   5.451746e+00   2.518918e+00   3.649036e-04
4.660293e-01  -9.659464e-01   8.475172e-05   5.436989e+00   2.549949e+00   3.621997e-04
4.714717e-01  -9.633939e-01   8.511428e-05   5.422060e+00   2.580892e+00   3.594847e-04
4.768992e-01  -9.608105e-01   8.547413e-05   5.406960e+00   2.611747e+00   3.567588e-04
4.823116e-01  -9.581961e-01   8.583124e-05   5.391690e+00   2.642511e+00   3.540219e-04
4.877087e-01  -9.555509e-01   8.618562e-05   5.376250e+00   2.673185e+00   3.512743e-04
4.930903e-01  -9.528751e-01   8.653724e-05   5.360641e+00   2.703768e+00   3.485159e-04
4.984563e-01  -9.501686e-01   8.688611e-05   5.344863e+00   2.734257e+00   3.457469e-04
5.038065e-01  -9.474316e-01   8.723220e-05   5.328917e+00   2.764654e+00   3.429674e-04
5.091408e-01  -9.446642e-01   8.757551e-05   5.312804e+00   2.794956e+00   3.401774e-04
5.144589e-01  -9.418664e-01   8.791603e-05   5.296523e+00   2.825164e+00   3.373770e-04
5.197607e-01  -9.390384e-01   8.825375e-05   5.280076e+00   2.855275e+00   3.345664e-04
5.250461e-01  -9.361803e-01   8.858865e-05   5.263463e+00   2.885289e+00   3.317455e-04
5.303148e-01  -9.332921e-01   8.892072e-05   5.246684e+00   2.915206e+00   3.289146e-04
5.355667e-01  -9.303740e-01   8.924997e-05   5.229741e+00   2.945024e+00   3.260736e-04
5.408017e-01  -9.274260e-01   8.957637e-05   5.212634e+00   2.974743e+00   3.232227e-04
5.460196e-01  -9.244483e-01   8.989992e-05   5.195362e+00   3.004362e+00   3.203619e-04
5.512201e-01  -9.214409e-01   9.022060e-05   5.177928e+00   3.033879e+00   3.174915e-04
5.564032e-01  -9.184040e-01   9.053841e-05   5.160331e+00   3.063294e+00   3.146113e-04
5.615687e-01  -9.153377e-01   9.085333e-05   5.142573e+00   3.092607e+00   3.117216e-04
5.667165e-01  -9.122420e-01   9.116537e-05   5.124653e+00   3.121816e+00   3.088224e-04
5.718462e-01  -9.091170e-01   9.147450e-05   5.106572e+00   3.150921e+00   3.059138e-04
5.769579e-01  -9.059630e-01   9.178072e-05   5.088331e+00   3.179920e+00   3.029960e-04
5.820513e-01  -9.027798e-01   9.208402e-05   5.069930e+00   3.208813e+00   3.000689e-04
5.871264e-01  -8.995678e-01   9.238439e-05   5.051371e+00   3.237599e+00   2.971327e-04
5.921828e-01  -8.963270e-01   9.268182e-05   5.032653e+00   3.266277e+00   2.941875e-04
5.972205e-01  -8.930574e-01   9.297630e-05   5.013778e+00   3.294847e+00   2.912333e-04
6.022393e-01  -8.897593e-01   9.326782e-05   4.994746e+00   3.323307e+00   2.882703e-04
6.072390e-01  -8.864327e-01   9.355638e-05   4.975557e+00   3.351657e+00   2.852986e-04
6.122195e-01  -8.830776e-01   9.384197e-05   4.956212e+00   3.379896e+00   2.823181e-04
6.171807e-01  -8.796944e-01   9.412457e-05   4.936712e+00   3.408023e+00   2.793292e-04
6.221224e-01  -8.762829e-01   9.440418e-05   4.917058e+00   3.436038e+00   2.763317e-04
6.270444e-01  -8.728435e-01   9.468078e-05   4.897249e+00   3.463939e+00   2.733259e-04
6.319465e-01  -8.693760e-01   9.495438e-05   4.877288e+00   3.491725e+00   2.703118e-04
6.368287e-01  -8.658808e-01   9.522497e-05   4.857173e+00   3.519397e+00   2.672895e-04
6.416907e-01  -8.623579e-01   9.549252e-05   4.836907e+00   3.546952e+00   2.642590e-04
6.465325e-01  -8.588074e-01   9.575705e-05   4.816490e+00   3.574391e+00   2.612206e-04
6.513538e-01  -8.552294e-01   9.601853e-05   4.795921e+00   3.601713e+00   2.581743e-04
6.561545e-01  -8.516241e-01   9.627696e-05   4.775203e+00   3.628916e+00   2.551201e-04
6.609345e-01  -8.479916e-01   9.653234e-05   4.754335e+00   3.656000e+00   2.520582e-04
6.656936e-01  -8.443319e-01   9.678465e-05   4.733319e+00   3.682965e+00   2.489887e-04
6.704316e-01  -8.406453e-01   9.703389e-05   4.712154e+00   3.709809e+00   2.459116e-04
6.751485e-01  -8.369317e-01   9.728004e-05   4.690842e+00   3.736531e+00   2.428270e-04
6.798440e-01  -8.331915e-01   9.752311e-05   4.669384e+00   3.763132e+00   2.397352e-04
6.845181e-01  -8.294246e-01   9.776309e-05   4.647780e+00   3.789609e+00   2.366360e-04
6.891705e-01  -8.256312e-01   9.799996e-05   4.626030e+00   3.815963e+00   2.335297e-04
6.938012e-01  -8.218114e-01   9.823373e-05   4.604135e+00   3.842193e+00   2.304163e-04
6.984099e-01  -8.179653e-01   9.846437e-05   4.582097e+00   3.868297e+00   2.272960e-04
7.029966e-01  -8.140932e-01   9.869190e-05   4.559915e+00   3.894276e+00   2.241687e-04
7.075611e-01  -8.101950e-01   9.891629e-05   4.537591e+00   3.920128e+00   2.210347e-04
7.121032e-01  -8.062709e-01   9.913754e-05   4.515125e+00   3.945853e+00   2.178940e-04
7.166229e-01  -8.023211e-01   9.935566e-05   4.492518e+00   3.971450e+00   2.147467e-04
7.211199e-01  -7.983457e-01   9.957062e-05   4.469771e+00   3.996917e+00   2.115928e-04
7.255941e-01  -7.943448e-01   9.978242e-05   4.446883e+00   4.022256e+00   2.084326e-04
7.300455e-01  -7.903185e-01   9.999106e-05   4.423857e+00   4.047464e+00   2.052661e-04
7.344738e-01  -7.862670e-01   1.001965e-04   4.400693e+00   4.072541e+00   2.020934e-04
7.388789e-01  -7.821904e-01   1.003988e-04   4.377391e+00   4.097486e+00   1.989145e-04
7.432606e-01  -7.780888e-01   1.005979e-04   4.353952e+00   4.122299e+00   1.957296e-04
7.476189e-01  -7.739624e-01   1.007939e-04   4.330377e+00   4.146979e+00   1.925388e-04
7.519536e-01  -7.698112e-01   1.009866e-04   4.306666e+00   4.171524e+00   1.893422e-04
7.562646e-01  -7.656355e-01   1.011761e-04   4.282821e+00   4.195936e+00   1.861398e-04
7.605517e-01  -7.614354e-01   1.013625e-04   4.258842e+00   4.220212e+00   1.829318e-04
7.648148e-01  -7.572110e-01   1.015456e-04   4.234730e+00   4.244352e+00   1.797183e-04
7.690538e-01  -7.529624e-01   1.017255e-04   4.210486e+00   4.268355e+00   1.764993e-04
7.732685e-01  -7.486897e-01   1.019021e-04   4.186109e+00   4.292221e+00   1.732750e-04
7.774588e-01  -7.443932e-01   1.020756e-04   4.161602e+00   4.315950e+00   1.700454e-04
7.816246e-01  -7.400730e-01   1.022458e-04   4.136965e+00   4.339539e+00   1.668107e-04
7.857657e-01  -7.357291e-01   1.024128e-04   4.112199e+00   4.362989e+00   1.635709e-04
7.898820e-01  -7.313617e-01   1.025765e-04   4.087303e+00   4.386299e+00   1.603262e-04
7.939734e-01  -7.269710e-01   1.027370e-04   4.062280e+00   4.409468e+00   1.570766e-04
7.980397e-01  -7.225571e-01   1.028942e-04   4.037130e+00   4.432496e+00   1.538223e-04
8.020809e-01  -7.181202e-01   1.030482e-04   4.011853e+00   4.455382e+00   1.505633e-04
8.060968e-01  -7.136604e-01   1.031989e-04   3.986451e+00   4.478125e+00   1.472997e-04
8.100872e-01  -7.091778e-01   1.033464e-04   3.960924e+00   4.500725e+00   1.440317e-04
8.140521e-01  -7.046725e-01   1.034906e-04   3.935273e+00   4.523180e+00   1.407593e-04
8.179913e-01  -7.001448e-01   1.036315e-04   3.909499e+00   4.545491e+00   1.374826e-04
8.219047e-01  -6.955948e-01   1.037691e-04   3.883603e+00   4.567657e+00   1.342018e-04
8.257922e-01  -6.910226e-01   1.039034e-04   3.857584e+00   4.589677e+00   1.309169e-04
8.296537e-01  -6.864283e-01   1.040345e-04   3.831445e+00   4.611550e+00   1.276280e-04
8.334890e-01  -6.818121e-01   1.041622e-04   3.805186e+00   4.633276e+00   1.243352e-04
8.372979e-01  -6.771742e-01   1.042867e-04   3.778808e+00   4.654854e+00   1.210387e-04
8.410805e-01  -6.725147e-01   1.044078e-04   3.752311e+00   4.676283e+00   1.177385e-04
8.448366e-01  -6.678337e-01   1.045257e-04   3.725697e+00   4.697564e+00   1.144347e-04
8.485660e-01  -6.631315e-01   1.046402e-04   3.698965e+00   4.718695e+00   1.111274e-04
8.522687e-01  -6.584080e-01   1.047515e-04   3.672118e+00   4.739675e+00   1.078167e-04
8.559445e-01  -6.536636e-01   1.048594e-04   3.645156e+00   4.760505e+00   1.045028e-04
8.595933e-01  -6.488984e-01   1.049640e-04   3.618079e+00   4.781183e+00   1.011857e-04
8.632150e-01  -6.441124e-01   1.050653e-04   3.590888e+00   4.801709e+00   9.786546e-05
8.668095e-01  -6.393059e-01   1.051633e-04   3.563585e+00   4.822082e+00   9.454228e-05
8.703766e-01  -6.344790e-01   1.052579e-04   3.536170e+00   4.842301e+00   9.121621e-05
8.739163e-01  -6.296318e-01   1.053492e-04   3.508643e+00   4.862367e+00   8.788735e-05
8.774285e-01  -6.247646e-01   1.054372e-04   3.481007e+00   4.882279e+00   8.455581e-05
8.809130e-01  -6.198774e-01   1.055218e-04   3.453261e+00   4.902035e+00   8.122168e-05
8.843697e-01  -6.149705e-01   1.056031e-04   3.425406e+00   4.921635e+00   7.788506e-05
8.877985e-01  -6.100439e-01   1.056811e-04   3.397444e+00   4.941080e+00   7.454606e-05
8.911994e-01  -6.050979e-01   1.057557e-04   3.369375e+00   4.960367e+00   7.120478e-05
8.945721e-01  -6.001325e-01   1.058270e-04   3.341199e+00   4.979498e+00   6.786130e-05
8.979167e-01  -5.951481e-01   1.058949e-04   3.312919e+00   4.998470e+00   6.451574e-05
9.012329e-01  -5.901446e-01   1.059595e-04   3.284534e+00   5.017284e+00   6.116820e-05
9.045207e-01  -5.851223e-01   1.060207e-04   3.256045e+00   5.035938e+00   5.781877e-05
9.077800e-01  -5.800813e-01   1.060786e-04   3.227454e+00   5.054434e+00   5.446755e-05
9.110107e-01  -5.750218e-01   1.061331e-04   3.198762e+00   5.072769e+00   5.111464e-05
9.142127e-01  -5.699440e-01   1.061843e-04   3.169968e+00   5.090943e+00   4.776015e-05
9.173858e-01  -5.648479e-01   1.062321e-04   3.141074e+00   5.108956e+00   4.440417e-05
9.205300e-01  -5.597339e-01   1.062765e-04   3.112081e+00   5.126808e+00   4.104681e-05
9.236452e-01  -5.546019e-01   1.063176e-04   3.082989e+00   5.144497e+00   3.768817e-05
9.267313e-01  -5.494523e-01   1.063554e-04   3.053800e+00   5.162023e+00   3.432833e-05
9.297882e-01  -5.442851e-01   1.063897e-04   3.024515e+00   5.179387e+00   3.096742e-05
9.328157e-01  -5.391005e-01   1.064207e-04   2.995134e+00   5.196586e+00   2.760552e-05
9.358138e-01  -5.338987e-01   1.064484e-04   2.965658e+00   5.213621e+00   2.424274e-05
9.387825e-01  -5.286799e-01   1.064726e-04   2.936088e+00   5.230491e+00   2.087918e-05
9.417215e-01  -5.234442e-01   1.064935e-04   2.906425e+00   5.247196e+00   1.751493e-05
9.446308e-01  -5.181917e-01   1.065111e-04   2.876670e+00   5.263735e+00   1.415010e-05
9.475104e-01  -5.129227e-01   1.065252e-04   2.846823e+00   5.280108e+00   1.078480e-05
9.503601e-01  -5.076373e-01   1.065360e-04   2.816887e+00   5.296314e+00   7.419109e-06
9.531798e-01  -5.023357e-01   1.065434e-04   2.786860e+00   5.312352e+00   4.053142e-06
9.559694e-01  -4.970180e-01   1.065475e-04   2.756745e+00   5.328223e+00   6.869976e-07
9.587289e-01  -4.916845e-01   1.065482e-04   2.726543e+00   5.343926e+00  -2.679225e-06
9.614582e-01  -4.863352e-01   1.065455e-04   2.696254e+00   5.359459e+00  -6.045424e-06
9.641571e-01  -4.809704e-01   1.065395e-04   2.665878e+00   5.374824e+00  -9.411499e-06
9.668257e-01  -4.755902e-01   1.065300e-04   2.635418e+00   5.390019e+00  -1.277735e-05
9.694637e-01  -4.701948e-01   1.065172e-04   2.604874e+00   5.405044e+00  -1.614287e-05
9.720712e-01  -4.647843e-01   1.065011e-04   2.574247e+00   5.419899e+00  -1.950797e-05
9.746481e-01  -4.593590e-01   1.064816e-04   2.543537e+00   5.434582e+00  -2.287254e-05
9.771941e-01  -4.539190e-01   1.064587e-04   2.512746e+00   5.449094e+00  -2.623649e-05
9.797094e-01  -4.484644e-01   1.064324e-04   2.481875e+00   5.463434e+00  -2.959970e-05
9.821938e-01  -4.429955e-01   1.064028e-04   2.450924e+00   5.477602e+00  -3.296209e-05
9.846471e-01  -4.375124e-01   1.063698e-04   2.419895e+00   5.491597e+00  -3.632354e-05
9.870695e-01  -4.320153e-01   1.063334e-04   2.388788e+00   5.505419e+00  -3.968396e-05
9.894606e-01  -4.265044e-01   1.062937e-04   2.357605e+00   5.519067e+00  -4.304325e-05
9.918206e-01  -4.209798e-01   1.062506e-04   2.326345e+00   5.532541e+00  -4.640131e-05
9.941493e-01  -4.154417e-01   1.062042e-04   2.295011e+00   5.545841e+00  -4.975803e-05
9.964466e-01  -4.098903e-01   1.061543e-04   2.263603e+00   5.558966e+00  -5.311332e-05
9.987124e-01  -4.043258e-01   1.061012e-04   2.232122e+00   5.571916e+00  -5.646707e-05
1.000947e+00  -3.987483e-01   1.060447e-04   2.200569e+00   5.584690e+00  -5.981918e-05
1.003150e+00  -3.931580e-01   1.059848e-04   2.168946e+00   5.597288e+00  -6.316956e-05
1.005321e+00  -3.875551e-01   1.059215e-04   2.137251e+00   5.609710e+00  -6.651810e-05
1.007460e+00  -3.819398e-01   1.058550e-04   2.105488e+00   5.621954e+00  -6.986470e-05
1.009568e+00  -3.763122e-01   1.057850e-04   2.073657e+00   5.634022e+00  -7.320926e-05
1.011643e+00  -3.706726e-01   1.057117e-04   2.041758e+00   5.645912e+00  -7.655169e-05
1.013687e+00  -3.650210e-01   1.056351e-04   2.009793e+00   5.657624e+00  -7.989187e-05
1.015699e+00  -3.593577e-01   1.055551e-04   1.977763e+00   5.669158e+00  -8.322970e-05
1.017679e+00  -3.536829e-01   1.054718e-04   1.945668e+00   5.680513e+00  -8.656510e-05
1.019626e+00  -3.479967e-01   1.053852e-04   1.913510e+00   5.691690e+00  -8.989795e-05
1.021542e+00  -3.422993e-01   1.052952e-04   1.881290e+00   5.702686e+00  -9.322816e-05
1.023425e+00  -3.365909e-01   1.052019e-04   1.849008e+00   5.713503e+00  -9.655563e-05
1.025276e+00  -3.308717e-01   1.051052e-04   1.816665e+00   5.724141e+00  -9.988025e-05
1.027094e+00  -3.251418e-01   1.050052e-04   1.784263e+00   5.734597e+00  -1.032019e-04
1.028880e+00  -3.194015e-01   1.049019e-04   1.751802e+00   5.744873e+00  -1.065206e-04
1.030634e+00  -3.136508e-01   1.047953e-04   1.719284e+00   5.754968e+00  -1.098360e-04
1.032355e+00  -3.078901e-01   1.046854e-04   1.686709e+00   5.764881e+00  -1.131483e-04
1.034043e+00  -3.021195e-01   1.045721e-04   1.654078e+00   5.774613e+00  -1.164572e-04
1.035699e+00  -2.963391e-01   1.044555e-04   1.621393e+00   5.784163e+00  -1.197626e-04
1.037322e+00  -2.905491e-01   1.043356e-04   1.588654e+00   5.793530e+00  -1.230645e-04
1.038912e+00  -2.847498e-01   1.042125e-04   1.555862e+00   5.802715e+00  -1.263628e-04
1.040470e+00  -2.789413e-01   1.040860e-04   1.523018e+00   5.811717e+00  -1.296573e-04
1.041994e+00  -2.731237e-01   1.039562e-04   1.490124e+00   5.820536e+00  -1.329479e-04
1.043486e+00  -2.672974e-01   1.038231e-04   1.457180e+00   5.829171e+00  -1.362347e-04
1.044945e+00  -2.614624e-01   1.036867e-04   1.424187e+00   5.837622e+00  -1.395173e-04
1.046370e+00  -2.556189e-01   1.035471e-04   1.391147e+00   5.845890e+00  -1.427958e-04
1.047763e+00  -2.497672e-01   1.034041e-04   1.358059e+00   5.853973e+00  -1.460701e-04
1.049122e+00  -2.439073e-01   1.032579e-04   1.324926e+00   5.861871e+00  -1.493400e-04
1.050448e+00  -2.380396e-01   1.031084e-04   1.291748e+00   5.869584e+00  -1.526055e-04
1.051741e+00  -2.321641e-01   1.029557e-04   1.258526e+00   5.877113e+00  -1.558665e-04
1.053001e+00  -2.262811e-01   1.027996e-04   1.225262e+00   5.884456e+00  -1.591228e-04
1.054228e+00  -2.203908e-01   1.026404e-04   1.191955e+00   5.891613e+00  -1.623743e-04
1.055421e+00  -2.144933e-01   1.024778e-04   1.158608e+00   5.898584e+00  -1.656210e-04
1.056581e+00  -2.085888e-01   1.023120e-04   1.125221e+00   5.905370e+00  -1.688628e-04
1.057707e+00  -2.026775e-01   1.021430e-04   1.091795e+00   5.911968e+00  -1.720995e-04
1.058800e+00  -1.967596e-01   1.019707e-04   1.058332e+00   5.918381e+00  -1.753311e-04
1.059859e+00  -1.908353e-01   1.017952e-04   1.024831e+00   5.924606e+00  -1.785574e-04
1.060885e+00  -1.849048e-01   1.016165e-04   9.912952e-01   5.930645e+00  -1.817785e-04
1.061877e+00  -1.789682e-01   1.014345e-04   9.577243e-01   5.936496e+00  -1.849940e-04
1.062836e+00  -1.730258e-01   1.012494e-04   9.241197e-01   5.942159e+00  -1.882041e-04
1.063761e+00  -1.670776e-01   1.010610e-04   8.904824e-01   5.947636e+00  -1.914085e-04
1.064652e+00  -1.611241e-01   1.008694e-04   8.568133e-01   5.952924e+00  -1.946072e-04
1.065510e+00  -1.551652e-01   1.006746e-04   8.231136e-01   5.958024e+00  -1.978000e-04
1.066334e+00  -1.492012e-01   1.004766e-04   7.893842e-01   5.962936e+00  -2.009869e-04
1.067124e+00  -1.432323e-01   1.002754e-04   7.556261e-01   5.967659e+00  -2.041678e-04
1.067881e+00  -1.372586e-01   1.000710e-04   7.218405e-01   5.972194e+00  -2.073426e-04
1.068603e+00  -1.312805e-01   9.986345e-05   6.880282e-01   5.976540e+00  -2.105111e-04
1.069292e+00  -1.252980e-01   9.965273e-05   6.541904e-01   5.980697e+00  -2.136733e-04
1.069947e+00  -1.193113e-01   9.943884e-05   6.203280e-01   5.984665e+00  -2.168291e-04
1.070568e+00  -1.133206e-01   9.922179e-05   5.864420e-01   5.988444e+00  -2.199784e-04
1.071155e+00  -1.073262e-01   9.900159e-05   5.525336e-01   5.992033e+00  -2.231211e-04
1.071708e+00  -1.013281e-01   9.877825e-05   5.186037e-01   5.995432e+00  -2.262571e-04
1.072227e+00  -9.532671e-02   9.855177e-05   4.846534e-01   5.998642e+00  -2.293863e-04
1.072712e+00  -8.932206e-02   9.832215e-05   4.506837e-01   6.001662e+00  -2.325085e-04
1.073163e+00  -8.331439e-02   9.808941e-05   4.166956e-01   6.004493e+00  -2.356238e-04
1.073580e+00  -7.730389e-02   9.785355e-05   3.826902e-01   6.007133e+00  -2.387320e-04
1.073963e+00  -7.129075e-02   9.761458e-05   3.486685e-01   6.009582e+00  -2.418329e-04
1.074312e+00  -6.527515e-02   9.737250e-05   3.146315e-01   6.011842e+00  -2.449266e-04
1.074627e+00  -5.925729e-02   9.712733e-05   2.805803e-01   6.013911e+00  -2.480129e-04
1.074908e+00  -5.323736e-02   9.687907e-05   2.465159e-01   6.015789e+00  -2.510917e-04
1.075155e+00  -4.721555e-02   9.662773e-05   2.124393e-01   6.017477e+00  -2.541630e-04
1.075368e+00  -4.119205e-02   9.637331e-05   1.783517e-01   6.018974e+00  -2.572266e-04
1.075546e+00  -3.516705e-02   9.611583e-05   1.442540e-01   6.020280e+00  -2.602824e-04
1.075691e+00  -2.914074e-02   9.585528e-05   1.101473e-01   6.021395e+00  -2.633303e-04
1.075801e+00  -2.311332e-02   9.559169e-05   7.603257e-02   6.022319e+00  -2.663703e-04
1.075877e+00  -1.708497e-02   9.532505e-05   4.191093e-02   6.023052e+00  -2.694022e-04
1.075919e+00  -1.105589e-02   9.505538e-05   7.783405e-03   6.023594e+00  -2.724260e-04
1.075927e+00  -5.026266e-03   9.478268e-05  -2.634896e-02   6.023945e+00  -2.754415e-04
