Method       t0       tn       N         h
Verlet  0.0e+00  1.0e+00    1000 1.001e-03

x  -  y  -  z  -  vx  -  vy  -  vz
9.641328e-01   2.465761e-01   7.355033e-05  -1.611386e+00   6.069418e+00  -4.167998e-04
9.625004e-01   2.526466e-01   7.313164e-05  -1.650015e+00   6.059409e+00  -4.197408e-04
9.608294e-01   2.587070e-01   7.271001e-05  -1.688585e+00   6.049154e+00  -4.226654e-04
9.591199e-01   2.647571e-01   7.228546e-05  -1.727094e+00   6.038655e+00  -4.255736e-04
9.573718e-01   2.707964e-01   7.185801e-05  -1.765540e+00   6.027911e+00  -4.284652e-04
9.555853e-01   2.768249e-01   7.142767e-05  -1.803922e+00   6.016924e+00  -4.313401e-04
9.537603e-01   2.828423e-01   7.099446e-05  -1.842238e+00   6.005692e+00  -4.341982e-04
9.518971e-01   2.888484e-01   7.055840e-05  -1.880487e+00   5.994218e+00  -4.370394e-04
9.499956e-01   2.948428e-01   7.011951e-05  -1.918667e+00   5.982500e+00  -4.398634e-04
9.480559e-01   3.008253e-01   6.967780e-05  -1.956777e+00   5.970540e+00  -4.426703e-04
9.460781e-01   3.067958e-01   6.923328e-05  -1.994815e+00   5.958338e+00  -4.454600e-04
9.440623e-01   3.127539e-01   6.878599e-05  -2.032780e+00   5.945894e+00  -4.482322e-04
9.420085e-01   3.186995e-01   6.833592e-05  -2.070669e+00   5.933208e+00  -4.509868e-04
9.399168e-01   3.246322e-01   6.788311e-05  -2.108483e+00   5.920282e+00  -4.537239e-04
9.377873e-01   3.305519e-01   6.742757e-05  -2.146218e+00   5.907115e+00  -4.564432e-04
9.356201e-01   3.364583e-01   6.696931e-05  -2.183874e+00   5.893708e+00  -4.591446e-04
9.334152e-01   3.423511e-01   6.650836e-05  -2.221449e+00   5.880061e+00  -4.618280e-04
9.311727e-01   3.482302e-01   6.604473e-05  -2.258941e+00   5.866175e+00  -4.644933e-04
9.288928e-01   3.540952e-01   6.557844e-05  -2.296349e+00   5.852051e+00  -4.671404e-04
9.265754e-01   3.599460e-01   6.510951e-05  -2.333672e+00   5.837688e+00  -4.697692e-04
9.242208e-01   3.657823e-01   6.463796e-05  -2.370908e+00   5.823087e+00  -4.723796e-04
9.218289e-01   3.716038e-01   6.416381e-05  -2.408055e+00   5.808249e+00  -4.749714e-04
9.193998e-01   3.774104e-01   6.368707e-05  -2.445112e+00   5.793174e+00  -4.775445e-04
9.169338e-01   3.832018e-01   6.320776e-05  -2.482078e+00   5.777863e+00  -4.800989e-04
9.144307e-01   3.889777e-01   6.272591e-05  -2.518950e+00   5.762316e+00  -4.826345e-04
9.118908e-01   3.947379e-01   6.224153e-05  -2.555728e+00   5.746534e+00  -4.851510e-04
9.093141e-01   4.004823e-01   6.175464e-05  -2.592409e+00   5.730517e+00  -4.876485e-04
9.067008e-01   4.062105e-01   6.126525e-05  -2.628993e+00   5.714266e+00  -4.901267e-04
9.040509e-01   4.119222e-01   6.077340e-05  -2.665478e+00   5.697781e+00  -4.925857e-04
9.013645e-01   4.176174e-01   6.027910e-05  -2.701863e+00   5.681064e+00  -4.950252e-04
8.986418e-01   4.232957e-01   5.978236e-05  -2.738145e+00   5.664113e+00  -4.974453e-04
8.958827e-01   4.289570e-01   5.928321e-05  -2.774324e+00   5.646931e+00  -4.998457e-04
8.930876e-01   4.346009e-01   5.878167e-05  -2.810398e+00   5.629518e+00  -5.022265e-04
8.902563e-01   4.402273e-01   5.827775e-05  -2.846365e+00   5.611874e+00  -5.045874e-04
8.873891e-01   4.458359e-01   5.777148e-05  -2.882224e+00   5.594000e+00  -5.069283e-04
8.844861e-01   4.514265e-01   5.726288e-05  -2.917974e+00   5.575897e+00  -5.092493e-04
8.815473e-01   4.569989e-01   5.675196e-05  -2.953613e+00   5.557565e+00  -5.115501e-04
8.785730e-01   4.625528e-01   5.623876e-05  -2.989139e+00   5.539005e+00  -5.138307e-04
8.755631e-01   4.680880e-01   5.572327e-05  -3.024551e+00   5.520217e+00  -5.160910e-04
8.725178e-01   4.736042e-01   5.520554e-05  -3.059849e+00   5.501202e+00  -5.183309e-04
8.694373e-01   4.791014e-01   5.468557e-05  -3.095029e+00   5.481961e+00  -5.205502e-04
8.663216e-01   4.845791e-01   5.416340e-05  -3.130091e+00   5.462495e+00  -5.227490e-04
8.631708e-01   4.900373e-01   5.363903e-05  -3.165033e+00   5.442804e+00  -5.249270e-04
8.599851e-01   4.954756e-01   5.311249e-05  -3.199855e+00   5.422889e+00  -5.270842e-04
8.567647e-01   5.008939e-01   5.258381e-05  -3.234553e+00   5.402750e+00  -5.292205e-04
8.535096e-01   5.062920e-01   5.205299e-05  -3.269128e+00   5.382389e+00  -5.313359e-04
8.502199e-01   5.116695e-01   5.152007e-05  -3.303577e+00   5.361806e+00  -5.334301e-04
8.468958e-01   5.170263e-01   5.098506e-05  -3.337900e+00   5.341002e+00  -5.355032e-04
8.435374e-01   5.223622e-01   5.044799e-05  -3.372094e+00   5.319977e+00  -5.375549e-04
8.401449e-01   5.276769e-01   4.990888e-05  -3.406158e+00   5.298733e+00  -5.395854e-04
8.367183e-01   5.329703e-01   4.936774e-05  -3.440091e+00   5.277270e+00  -5.415943e-04
8.332578e-01   5.382420e-01   4.882460e-05  -3.473891e+00   5.255588e+00  -5.435817e-04
8.297635e-01   5.434920e-01   4.827949e-05  -3.507558e+00   5.233689e+00  -5.455475e-04
8.262357e-01   5.487199e-01   4.773242e-05  -3.541089e+00   5.211574e+00  -5.474916e-04
8.226743e-01   5.539255e-01   4.718341e-05  -3.574483e+00   5.189243e+00  -5.494139e-04
8.190795e-01   5.591087e-01   4.663249e-05  -3.607739e+00   5.166697e+00  -5.513142e-04
8.154516e-01   5.642693e-01   4.607968e-05  -3.640856e+00   5.143936e+00  -5.531926e-04
8.117905e-01   5.694069e-01   4.552500e-05  -3.673831e+00   5.120963e+00  -5.550490e-04
8.080965e-01   5.745215e-01   4.496847e-05  -3.706664e+00   5.097777e+00  -5.568832e-04
8.043698e-01   5.796127e-01   4.441012e-05  -3.739354e+00   5.074379e+00  -5.586951e-04
8.006104e-01   5.846804e-01   4.384996e-05  -3.771898e+00   5.050771e+00  -5.604848e-04
7.968184e-01   5.897243e-01   4.328802e-05  -3.804295e+00   5.026953e+00  -5.622520e-04
7.929941e-01   5.947443e-01   4.272433e-05  -3.836545e+00   5.002925e+00  -5.639968e-04
7.891377e-01   5.997402e-01   4.215890e-05  -3.868646e+00   4.978690e+00  -5.657190e-04
7.852491e-01   6.047117e-01   4.159176e-05  -3.900596e+00   4.954247e+00  -5.674186e-04
7.813287e-01   6.096586e-01   4.102293e-05  -3.932394e+00   4.929598e+00  -5.690955e-04
7.773765e-01   6.145808e-01   4.045243e-05  -3.964038e+00   4.904744e+00  -5.707496e-04
7.733926e-01   6.194779e-01   3.988029e-05  -3.995528e+00   4.879685e+00  -5.723809e-04
7.693774e-01   6.243499e-01   3.930652e-05  -4.026862e+00   4.854423e+00  -5.739892e-04
7.653309e-01   6.291965e-01   3.873116e-05  -4.058039e+00   4.828957e+00  -5.755745e-04
7.612532e-01   6.340175e-01   3.815422e-05  -4.089057e+00   4.803291e+00  -5.771367e-04
7.571446e-01   6.388127e-01   3.757573e-05  -4.119915e+00   4.777423e+00  -5.786757e-04
7.530051e-01   6.435819e-01   3.699571e-05  -4.150612e+00   4.751356e+00  -5.801915e-04
7.488350e-01   6.483249e-01   3.641419e-05  -4.181146e+00   4.725090e+00  -5.816840e-04
7.446345e-01   6.530415e-01   3.583118e-05  -4.211517e+00   4.698626e+00  -5.831532e-04
7.404036e-01   6.577316e-01   3.524671e-05  -4.241722e+00   4.671965e+00  -5.845989e-04
7.361425e-01   6.623948e-01   3.466081e-05  -4.271760e+00   4.645109e+00  -5.860211e-04
7.318515e-01   6.670311e-01   3.407350e-05  -4.301631e+00   4.618058e+00  -5.874197e-04
7.275306e-01   6.716402e-01   3.348479e-05  -4.331333e+00   4.590813e+00  -5.887946e-04
7.231801e-01   6.762219e-01   3.289473e-05  -4.360864e+00   4.563375e+00  -5.901459e-04
7.188002e-01   6.807761e-01   3.230332e-05  -4.390224e+00   4.535745e+00  -5.914734e-04
7.143909e-01   6.853025e-01   3.171060e-05  -4.419411e+00   4.507925e+00  -5.927770e-04
7.099525e-01   6.898009e-01   3.111658e-05  -4.448424e+00   4.479915e+00  -5.940568e-04
7.054852e-01   6.942713e-01   3.052129e-05  -4.477261e+00   4.451717e+00  -5.953125e-04
7.009890e-01   6.987133e-01   2.992476e-05  -4.505922e+00   4.423331e+00  -5.965443e-04
6.964643e-01   7.031268e-01   2.932701e-05  -4.534405e+00   4.394759e+00  -5.977519e-04
6.919111e-01   7.075116e-01   2.872806e-05  -4.562708e+00   4.366001e+00  -5.989355e-04
6.873297e-01   7.118675e-01   2.812794e-05  -4.590832e+00   4.337060e+00  -6.000948e-04
6.827203e-01   7.161944e-01   2.752667e-05  -4.618774e+00   4.307935e+00  -6.012298e-04
6.780829e-01   7.204920e-01   2.692428e-05  -4.646533e+00   4.278628e+00  -6.023406e-04
6.734179e-01   7.247602e-01   2.632078e-05  -4.674107e+00   4.249140e+00  -6.034270e-04
6.687254e-01   7.289988e-01   2.571622e-05  -4.701497e+00   4.219472e+00  -6.044889e-04
6.640055e-01   7.332076e-01   2.511060e-05  -4.728701e+00   4.189626e+00  -6.055264e-04
6.592585e-01   7.373864e-01   2.450395e-05  -4.755716e+00   4.159603e+00  -6.065393e-04
6.544846e-01   7.415351e-01   2.389630e-05  -4.782543e+00   4.129403e+00  -6.075276e-04
6.496838e-01   7.456535e-01   2.328768e-05  -4.809180e+00   4.099027e+00  -6.084913e-04
6.448566e-01   7.497414e-01   2.267810e-05  -4.835626e+00   4.068478e+00  -6.094304e-04
6.400029e-01   7.537986e-01   2.206760e-05  -4.861880e+00   4.037756e+00  -6.103447e-04
6.351231e-01   7.578250e-01   2.145619e-05  -4.887940e+00   4.006863e+00  -6.112342e-04
6.302172e-01   7.618204e-01   2.084391e-05  -4.913805e+00   3.975799e+00  -6.120988e-04
6.252856e-01   7.657846e-01   2.023077e-05  -4.939475e+00   3.944566e+00  -6.129386e-04
6.203284e-01   7.697174e-01   1.961680e-05  -4.964948e+00   3.913165e+00  -6.137535e-04
6.153458e-01   7.736187e-01   1.900203e-05  -4.990223e+00   3.881597e+00  -6.145435e-04
6.103380e-01   7.774884e-01   1.838649e-05  -5.015299e+00   3.849863e+00  -6.153084e-04
6.053052e-01   7.813262e-01   1.777018e-05  -5.040174e+00   3.817965e+00  -6.160482e-04
6.002475e-01   7.851319e-01   1.715316e-05  -5.064849e+00   3.785904e+00  -6.167630e-04
5.951653e-01   7.889055e-01   1.653542e-05  -5.089320e+00   3.753681e+00  -6.174527e-04
5.900587e-01   7.926468e-01   1.591701e-05  -5.113589e+00   3.721298e+00  -6.181172e-04
5.849279e-01   7.963556e-01   1.529795e-05  -5.137652e+00   3.688755e+00  -6.187564e-04
5.797731e-01   8.000317e-01   1.467826e-05  -5.161510e+00   3.656055e+00  -6.193705e-04
5.745945e-01   8.036750e-01   1.405797e-05  -5.185162e+00   3.623197e+00  -6.199592e-04
5.693924e-01   8.072854e-01   1.343710e-05  -5.208605e+00   3.590184e+00  -6.205227e-04
5.641669e-01   8.108626e-01   1.281568e-05  -5.231840e+00   3.557017e+00  -6.210608e-04
5.589183e-01   8.144065e-01   1.219374e-05  -5.254864e+00   3.523697e+00  -6.215735e-04
5.536467e-01   8.179170e-01   1.157129e-05  -5.277678e+00   3.490225e+00  -6.220608e-04
5.483523e-01   8.213939e-01   1.094837e-05  -5.300279e+00   3.456604e+00  -6.225227e-04
5.430355e-01   8.248371e-01   1.032500e-05  -5.322668e+00   3.422833e+00  -6.229591e-04
5.376963e-01   8.282465e-01   9.701206e-06  -5.344843e+00   3.388915e+00  -6.233700e-04
5.323351e-01   8.316218e-01   9.077012e-06  -5.366802e+00   3.354850e+00  -6.237554e-04
5.269520e-01   8.349629e-01   8.452446e-06  -5.388546e+00   3.320641e+00  -6.241152e-04
5.215472e-01   8.382697e-01   7.827532e-06  -5.410073e+00   3.286288e+00  -6.244494e-04
5.161210e-01   8.415420e-01   7.202297e-06  -5.431381e+00   3.251792e+00  -6.247581e-04
5.106736e-01   8.447798e-01   6.576766e-06  -5.452471e+00   3.217156e+00  -6.250411e-04
5.052052e-01   8.479828e-01   5.950964e-06  -5.473341e+00   3.182381e+00  -6.252984e-04
4.997159e-01   8.511509e-01   5.324917e-06  -5.493990e+00   3.147468e+00  -6.255301e-04
4.942062e-01   8.542840e-01   4.698651e-06  -5.514417e+00   3.112417e+00  -6.257361e-04
4.886761e-01   8.573820e-01   4.072192e-06  -5.534621e+00   3.077232e+00  -6.259164e-04
4.831259e-01   8.604447e-01   3.445565e-06  -5.554602e+00   3.041913e+00  -6.260710e-04
4.775558e-01   8.634719e-01   2.818796e-06  -5.574358e+00   3.006461e+00  -6.261998e-04
4.719660e-01   8.664636e-01   2.191912e-06  -5.593888e+00   2.970879e+00  -6.263029e-04
4.663568e-01   8.694196e-01   1.564937e-06  -5.613192e+00   2.935166e+00  -6.263802e-04
4.607284e-01   8.723398e-01   9.378975e-07  -5.632269e+00   2.899326e+00  -6.264317e-04
4.550810e-01   8.752241e-01   3.108194e-07  -5.651118e+00   2.863359e+00  -6.264574e-04
4.494148e-01   8.780723e-01  -3.162714e-07  -5.669737e+00   2.827266e+00  -6.264573e-04
4.437301e-01   8.808843e-01  -9.433492e-07  -5.688127e+00   2.791050e+00  -6.264313e-04
4.380272e-01   8.836599e-01  -1.570388e-06  -5.706285e+00   2.754711e+00  -6.263795e-04
4.323061e-01   8.863992e-01  -2.197362e-06  -5.724212e+00   2.718251e+00  -6.263019e-04
4.265673e-01   8.891019e-01  -2.824246e-06  -5.741907e+00   2.681672e+00  -6.261985e-04
4.208108e-01   8.917679e-01  -3.451013e-06  -5.759368e+00   2.644975e+00  -6.260692e-04
4.150370e-01   8.943971e-01  -4.077638e-06  -5.776595e+00   2.608162e+00  -6.259140e-04
4.092461e-01   8.969894e-01  -4.704094e-06  -5.793588e+00   2.571233e+00  -6.257330e-04
4.034382e-01   8.995447e-01  -5.330356e-06  -5.810344e+00   2.534191e+00  -6.255261e-04
3.976138e-01   9.020629e-01  -5.956398e-06  -5.826864e+00   2.497037e+00  -6.252933e-04
3.917729e-01   9.045438e-01  -6.582195e-06  -5.843146e+00   2.459773e+00  -6.250347e-04
3.859158e-01   9.069874e-01  -7.207719e-06  -5.859191e+00   2.422399e+00  -6.247502e-04
3.800427e-01   9.093935e-01  -7.832946e-06  -5.874996e+00   2.384918e+00  -6.244398e-04
3.741540e-01   9.117620e-01  -8.457849e-06  -5.890562e+00   2.347331e+00  -6.241036e-04
3.682498e-01   9.140928e-01  -9.082402e-06  -5.905888e+00   2.309640e+00  -6.237415e-04
3.623304e-01   9.163859e-01  -9.706581e-06  -5.920972e+00   2.271845e+00  -6.233535e-04
3.563960e-01   9.186411e-01  -1.033036e-05  -5.935815e+00   2.233950e+00  -6.229398e-04
3.504469e-01   9.208583e-01  -1.095371e-05  -5.950415e+00   2.195954e+00  -6.225001e-04
3.444833e-01   9.230374e-01  -1.157660e-05  -5.964772e+00   2.157860e+00  -6.220347e-04
3.385054e-01   9.251783e-01  -1.219902e-05  -5.978885e+00   2.119670e+00  -6.215434e-04
3.325135e-01   9.272810e-01  -1.282094e-05  -5.992753e+00   2.081385e+00  -6.210263e-04
3.265079e-01   9.293452e-01  -1.344232e-05  -6.006376e+00   2.043005e+00  -6.204834e-04
3.204888e-01   9.313711e-01  -1.406314e-05  -6.019753e+00   2.004534e+00  -6.199147e-04
3.144564e-01   9.333583e-01  -1.468339e-05  -6.032883e+00   1.965973e+00  -6.193202e-04
3.084109e-01   9.353069e-01  -1.530302e-05  -6.045766e+00   1.927323e+00  -6.187000e-04
3.023527e-01   9.372168e-01  -1.592203e-05  -6.058401e+00   1.888585e+00  -6.180540e-04
2.962820e-01   9.390879e-01  -1.654037e-05  -6.070787e+00   1.849762e+00  -6.173824e-04
2.901990e-01   9.409200e-01  -1.715803e-05  -6.082925e+00   1.810855e+00  -6.166850e-04
2.841040e-01   9.427132e-01  -1.777497e-05  -6.094812e+00   1.771865e+00  -6.159619e-04
2.779972e-01   9.444673e-01  -1.839118e-05  -6.106450e+00   1.732795e+00  -6.152131e-04
2.718788e-01   9.461823e-01  -1.900663e-05  -6.117836e+00   1.693645e+00  -6.144387e-04
2.657492e-01   9.478580e-01  -1.962129e-05  -6.128971e+00   1.654418e+00  -6.136387e-04
2.596086e-01   9.494944e-01  -2.023514e-05  -6.139853e+00   1.615114e+00  -6.128131e-04
2.534572e-01   9.510915e-01  -2.084815e-05  -6.150483e+00   1.575737e+00  -6.119619e-04
2.472953e-01   9.526491e-01  -2.146029e-05  -6.160860e+00   1.536286e+00  -6.110852e-04
2.411232e-01   9.541671e-01  -2.207154e-05  -6.170983e+00   1.496765e+00  -6.101829e-04
2.349410e-01   9.556456e-01  -2.268187e-05  -6.180852e+00   1.457174e+00  -6.092551e-04
2.287491e-01   9.570844e-01  -2.329127e-05  -6.190466e+00   1.417515e+00  -6.083019e-04
2.225477e-01   9.584834e-01  -2.389970e-05  -6.199825e+00   1.377791e+00  -6.073233e-04
2.163370e-01   9.598427e-01  -2.450713e-05  -6.208929e+00   1.338001e+00  -6.063192e-04
2.101174e-01   9.611621e-01  -2.511355e-05  -6.217776e+00   1.298149e+00  -6.052898e-04
2.038891e-01   9.624416e-01  -2.571892e-05  -6.226366e+00   1.258236e+00  -6.042351e-04
1.976522e-01   9.636811e-01  -2.632323e-05  -6.234699e+00   1.218263e+00  -6.031551e-04
1.914072e-01   9.648806e-01  -2.692644e-05  -6.242775e+00   1.178232e+00  -6.020498e-04
1.851542e-01   9.660399e-01  -2.752853e-05  -6.250592e+00   1.138145e+00  -6.009193e-04
1.788935e-01   9.671592e-01  -2.812948e-05  -6.258151e+00   1.098004e+00  -5.997636e-04
1.726253e-01   9.682381e-01  -2.872926e-05  -6.265452e+00   1.057809e+00  -5.985827e-04
1.663500e-01   9.692769e-01  -2.932785e-05  -6.272493e+00   1.017564e+00  -5.973768e-04
1.600678e-01   9.702753e-01  -2.992521e-05  -6.279274e+00   9.772690e-01  -5.961458e-04
1.537789e-01   9.712334e-01  -3.052133e-05  -6.285796e+00   9.369264e-01  -5.948898e-04
1.474836e-01   9.721510e-01  -3.111618e-05  -6.292057e+00   8.965376e-01  -5.936088e-04
1.411822e-01   9.730283e-01  -3.170974e-05  -6.298057e+00   8.561045e-01  -5.923028e-04
1.348749e-01   9.738650e-01  -3.230197e-05  -6.303796e+00   8.156287e-01  -5.909720e-04
1.285620e-01   9.746611e-01  -3.289286e-05  -6.309274e+00   7.751119e-01  -5.896164e-04
1.222437e-01   9.754167e-01  -3.348239e-05  -6.314490e+00   7.345558e-01  -5.882360e-04
1.159204e-01   9.761317e-01  -3.407051e-05  -6.319444e+00   6.939622e-01  -5.868308e-04
1.095922e-01   9.768061e-01  -3.465722e-05  -6.324136e+00   6.533326e-01  -5.854010e-04
1.032594e-01   9.774397e-01  -3.524249e-05  -6.328565e+00   6.126690e-01  -5.839465e-04
9.692238e-02   9.780326e-01  -3.582628e-05  -6.332731e+00   5.719729e-01  -5.824675e-04
9.058129e-02   9.785848e-01  -3.640859e-05  -6.336633e+00   5.312461e-01  -5.809639e-04
8.423643e-02   9.790962e-01  -3.698938e-05  -6.340273e+00   4.904903e-01  -5.794359e-04
7.788805e-02   9.795668e-01  -3.756862e-05  -6.343649e+00   4.497072e-01  -5.778835e-04
7.153643e-02   9.799965e-01  -3.814630e-05  -6.346760e+00   4.088986e-01  -5.763067e-04
6.518182e-02   9.803854e-01  -3.872239e-05  -6.349608e+00   3.680662e-01  -5.747056e-04
5.882450e-02   9.807334e-01  -3.929686e-05  -6.352191e+00   3.272116e-01  -5.730803e-04
5.246472e-02   9.810404e-01  -3.986970e-05  -6.354510e+00   2.863368e-01  -5.714308e-04
4.610276e-02   9.813066e-01  -4.044087e-05  -6.356564e+00   2.454433e-01  -5.697572e-04
3.973887e-02   9.815318e-01  -4.101035e-05  -6.358353e+00   2.045329e-01  -5.680595e-04
3.337332e-02   9.817161e-01  -4.157812e-05  -6.359877e+00   1.636073e-01  -5.663379e-04
2.700638e-02   9.818594e-01  -4.214416e-05  -6.361136e+00   1.226684e-01  -5.645924e-04
2.063832e-02   9.819617e-01  -4.270844e-05  -6.362130e+00   8.171781e-02  -5.628230e-04
1.426939e-02   9.820230e-01  -4.327093e-05  -6.362858e+00   4.075729e-02  -5.610298e-04
7.899861e-03   9.820433e-01  -4.383162e-05  -6.363320e+00  -2.114043e-04  -5.592129e-04
1.530006e-03   9.820225e-01  -4.439048e-05  -6.363517e+00  -4.118653e-02  -5.573724e-04
-4.839912e-03   9.819608e-01  -4.494748e-05  -6.363448e+00  -8.216634e-02  -5.555083e-04
-1.120963e-02   9.818580e-01  -4.550261e-05  -6.363113e+00  -1.231491e-01  -5.536207e-04
-1.757888e-02   9.817143e-01  -4.605583e-05  -6.362512e+00  -1.641330e-01  -5.517097e-04
-2.394739e-02   9.815294e-01  -4.660713e-05  -6.361645e+00  -2.051164e-01  -5.497753e-04
-3.031490e-02   9.813036e-01  -4.715648e-05  -6.360512e+00  -2.460974e-01  -5.478177e-04
-3.668115e-02   9.810368e-01  -4.770386e-05  -6.359113e+00  -2.870744e-01  -5.458368e-04
-4.304586e-02   9.807289e-01  -4.824925e-05  -6.357448e+00  -3.280455e-01  -5.438329e-04
-4.940877e-02   9.803800e-01  -4.879262e-05  -6.355517e+00  -3.690091e-01  -5.418059e-04
-5.576962e-02   9.799901e-01  -4.933395e-05  -6.353320e+00  -4.099633e-01  -5.397559e-04
-6.212813e-02   9.795593e-01  -4.987321e-05  -6.350856e+00  -4.509064e-01  -5.376830e-04
-6.848405e-02   9.790874e-01  -5.041039e-05  -6.348127e+00  -4.918367e-01  -5.355874e-04
-7.483709e-02   9.785746e-01  -5.094546e-05  -6.345131e+00  -5.327524e-01  -5.334690e-04
-8.118701e-02   9.780208e-01  -5.147839e-05  -6.341870e+00  -5.736517e-01  -5.313280e-04
-8.753353e-02   9.774262e-01  -5.200918e-05  -6.338343e+00  -6.145329e-01  -5.291645e-04
-9.387639e-02   9.767906e-01  -5.253778e-05  -6.334549e+00  -6.553942e-01  -5.269785e-04
-1.002153e-01   9.761141e-01  -5.306419e-05  -6.330491e+00  -6.962338e-01  -5.247701e-04
-1.065500e-01   9.753967e-01  -5.358837e-05  -6.326166e+00  -7.370501e-01  -5.225394e-04
-1.128803e-01   9.746385e-01  -5.411031e-05  -6.321576e+00  -7.778412e-01  -5.202866e-04
-1.192058e-01   9.738395e-01  -5.462999e-05  -6.316720e+00  -8.186054e-01  -5.180116e-04
-1.255264e-01   9.729996e-01  -5.514737e-05  -6.311600e+00  -8.593410e-01  -5.157146e-04
-1.318417e-01   9.721190e-01  -5.566245e-05  -6.306214e+00  -9.000461e-01  -5.133957e-04
-1.381514e-01   9.711977e-01  -5.617519e-05  -6.300563e+00  -9.407190e-01  -5.110550e-04
-1.444554e-01   9.702357e-01  -5.668558e-05  -6.294647e+00  -9.813580e-01  -5.086926e-04
-1.507533e-01   9.692331e-01  -5.719360e-05  -6.288467e+00  -1.021961e+00  -5.063085e-04
-1.570449e-01   9.681898e-01  -5.769921e-05  -6.282022e+00  -1.062527e+00  -5.039028e-04
-1.633300e-01   9.671059e-01  -5.820241e-05  -6.275313e+00  -1.103054e+00  -5.014758e-04
-1.696081e-01   9.659814e-01  -5.870317e-05  -6.268340e+00  -1.143539e+00  -4.990274e-04
-1.758792e-01   9.648165e-01  -5.920146e-05  -6.261104e+00  -1.183982e+00  -4.965577e-04
-1.821429e-01   9.636111e-01  -5.969728e-05  -6.253604e+00  -1.224381e+00  -4.940669e-04
-1.883989e-01   9.623653e-01  -6.019059e-05  -6.245840e+00  -1.264733e+00  -4.915550e-04
-1.946471e-01   9.610791e-01  -6.068137e-05  -6.237814e+00  -1.305037e+00  -4.890223e-04
-2.008870e-01   9.597526e-01  -6.116961e-05  -6.229524e+00  -1.345292e+00  -4.864686e-04
-2.071186e-01   9.583858e-01  -6.165528e-05  -6.220973e+00  -1.385495e+00  -4.838943e-04
-2.133414e-01   9.569788e-01  -6.213837e-05  -6.212159e+00  -1.425645e+00  -4.812993e-04
-2.195553e-01   9.555317e-01  -6.261885e-05  -6.203084e+00  -1.465740e+00  -4.786838e-04
-2.257600e-01   9.540444e-01  -6.309669e-05  -6.193747e+00  -1.505779e+00  -4.760480e-04
-2.319552e-01   9.525171e-01  -6.357189e-05  -6.184149e+00  -1.545758e+00  -4.733918e-04
-2.381407e-01   9.509498e-01  -6.404443e-05  -6.174290e+00  -1.585678e+00  -4.707154e-04
-2.443162e-01   9.493426e-01  -6.451427e-05  -6.164170e+00  -1.625536e+00  -4.680189e-04
-2.504814e-01   9.476955e-01  -6.498140e-05  -6.153791e+00  -1.665330e+00  -4.653025e-04
-2.566361e-01   9.460086e-01  -6.544580e-05  -6.143152e+00  -1.705059e+00  -4.625662e-04
-2.627800e-01   9.442820e-01  -6.590746e-05  -6.132254e+00  -1.744721e+00  -4.598102e-04
-2.689129e-01   9.425157e-01  -6.636635e-05  -6.121096e+00  -1.784314e+00  -4.570345e-04
-2.750344e-01   9.407098e-01  -6.682244e-05  -6.109681e+00  -1.823836e+00  -4.542393e-04
-2.811445e-01   9.388643e-01  -6.727573e-05  -6.098007e+00  -1.863286e+00  -4.514248e-04
-2.872427e-01   9.369795e-01  -6.772620e-05  -6.086076e+00  -1.902662e+00  -4.485909e-04
-2.933288e-01   9.350552e-01  -6.817381e-05  -6.073888e+00  -1.941963e+00  -4.457379e-04
-2.994026e-01   9.330916e-01  -6.861856e-05  -6.061443e+00  -1.981186e+00  -4.428659e-04
-3.054638e-01   9.310889e-01  -6.906043e-05  -6.048742e+00  -2.020329e+00  -4.399749e-04
-3.115122e-01   9.290469e-01  -6.949940e-05  -6.035786e+00  -2.059392e+00  -4.370651e-04
-3.175475e-01   9.269660e-01  -6.993544e-05  -6.022574e+00  -2.098373e+00  -4.341367e-04
-3.235694e-01   9.248460e-01  -7.036854e-05  -6.009108e+00  -2.137269e+00  -4.311897e-04
-3.295777e-01   9.226871e-01  -7.079868e-05  -5.995387e+00  -2.176079e+00  -4.282243e-04
-3.355722e-01   9.204895e-01  -7.122584e-05  -5.981414e+00  -2.214802e+00  -4.252405e-04
-3.415525e-01   9.182531e-01  -7.165001e-05  -5.967187e+00  -2.253435e+00  -4.222386e-04
-3.475185e-01   9.159781e-01  -7.207117e-05  -5.952707e+00  -2.291977e+00  -4.192186e-04
-3.534698e-01   9.136646e-01  -7.248929e-05  -5.937976e+00  -2.330427e+00  -4.161807e-04
-3.594063e-01   9.113126e-01  -7.290436e-05  -5.922994e+00  -2.368782e+00  -4.131250e-04
-3.653277e-01   9.089223e-01  -7.331637e-05  -5.907761e+00  -2.407041e+00  -4.100516e-04
-3.712337e-01   9.064937e-01  -7.372528e-05  -5.892278e+00  -2.445202e+00  -4.069607e-04
-3.771240e-01   9.040270e-01  -7.413110e-05  -5.876546e+00  -2.483264e+00  -4.038524e-04
-3.829985e-01   9.015222e-01  -7.453380e-05  -5.860564e+00  -2.521224e+00  -4.007268e-04
-3.888569e-01   8.989795e-01  -7.493336e-05  -5.844335e+00  -2.559082e+00  -3.975841e-04
-3.946989e-01   8.963989e-01  -7.532976e-05  -5.827858e+00  -2.596836e+00  -3.944243e-04
-4.005243e-01   8.937806e-01  -7.572300e-05  -5.811135e+00  -2.634483e+00  -3.912477e-04
-4.063328e-01   8.911246e-01  -7.611304e-05  -5.794165e+00  -2.672023e+00  -3.880543e-04
-4.121242e-01   8.884312e-01  -7.649988e-05  -5.776950e+00  -2.709453e+00  -3.848443e-04
-4.178983e-01   8.857003e-01  -7.688350e-05  -5.759490e+00  -2.746773e+00  -3.816178e-04
-4.236547e-01   8.829321e-01  -7.726388e-05  -5.741787e+00  -2.783979e+00  -3.783751e-04
-4.293933e-01   8.801268e-01  -7.764101e-05  -5.723840e+00  -2.821072e+00  -3.751161e-04
-4.351139e-01   8.772844e-01  -7.801486e-05  -5.705650e+00  -2.858048e+00  -3.718410e-04
-4.408161e-01   8.744050e-01  -7.838543e-05  -5.687219e+00  -2.894907e+00  -3.685501e-04
-4.464997e-01   8.714887e-01  -7.875270e-05  -5.668547e+00  -2.931647e+00  -3.652433e-04
-4.521645e-01   8.685358e-01  -7.911665e-05  -5.649634e+00  -2.968266e+00  -3.619209e-04
-4.578103e-01   8.655463e-01  -7.947727e-05  -5.630482e+00  -3.004763e+00  -3.585831e-04
-4.634367e-01   8.625203e-01  -7.983454e-05  -5.611092e+00  -3.041135e+00  -3.552298e-04
-4.690437e-01   8.594579e-01  -8.018844e-05  -5.591463e+00  -3.077382e+00  -3.518614e-04
-4.746309e-01   8.563593e-01  -8.053896e-05  -5.571598e+00  -3.113502e+00  -3.484779e-04
-4.801980e-01   8.532247e-01  -8.088609e-05  -5.551496e+00  -3.149493e+00  -3.450795e-04
-4.857450e-01   8.500540e-01  -8.122981e-05  -5.531159e+00  -3.185354e+00  -3.416663e-04
-4.912714e-01   8.468476e-01  -8.157011e-05  -5.510588e+00  -3.221083e+00  -3.382385e-04
-4.967772e-01   8.436054e-01  -8.190697e-05  -5.489783e+00  -3.256678e+00  -3.347962e-04
-5.022620e-01   8.403277e-01  -8.224037e-05  -5.468745e+00  -3.292139e+00  -3.313396e-04
-5.077256e-01   8.370146e-01  -8.257031e-05  -5.447475e+00  -3.327463e+00  -3.278688e-04
-5.131678e-01   8.336661e-01  -8.289677e-05  -5.425975e+00  -3.362648e+00  -3.243839e-04
-5.185884e-01   8.302825e-01  -8.321973e-05  -5.404244e+00  -3.397694e+00  -3.208852e-04
-5.239871e-01   8.268639e-01  -8.353918e-05  -5.382284e+00  -3.432599e+00  -3.173727e-04
-5.293638e-01   8.234105e-01  -8.385511e-05  -5.360096e+00  -3.467361e+00  -3.138467e-04
-5.347181e-01   8.199223e-01  -8.416750e-05  -5.337680e+00  -3.501978e+00  -3.103072e-04
-5.400498e-01   8.163995e-01  -8.447634e-05  -5.315039e+00  -3.536450e+00  -3.067545e-04
-5.453588e-01   8.128423e-01  -8.478162e-05  -5.292172e+00  -3.570774e+00  -3.031886e-04
-5.506448e-01   8.092508e-01  -8.508333e-05  -5.269080e+00  -3.604950e+00  -2.996097e-04
-5.559075e-01   8.056252e-01  -8.538144e-05  -5.245765e+00  -3.638975e+00  -2.960181e-04
-5.611468e-01   8.019656e-01  -8.567596e-05  -5.222228e+00  -3.672848e+00  -2.924138e-04
-5.663624e-01   7.982721e-01  -8.596686e-05  -5.198469e+00  -3.706568e+00  -2.887969e-04
-5.715541e-01   7.945450e-01  -8.625413e-05  -5.174490e+00  -3.740133e+00  -2.851677e-04
-5.767217e-01   7.907844e-01  -8.653776e-05  -5.150292e+00  -3.773542e+00  -2.815264e-04
-5.818650e-01   7.869904e-01  -8.681774e-05  -5.125875e+00  -3.806793e+00  -2.778730e-04
-5.869838e-01   7.831632e-01  -8.709406e-05  -5.101241e+00  -3.839885e+00  -2.742077e-04
-5.920777e-01   7.793029e-01  -8.736671e-05  -5.076390e+00  -3.872816e+00  -2.705307e-04
-5.971467e-01   7.754098e-01  -8.763567e-05  -5.051325e+00  -3.905585e+00  -2.668421e-04
-6.021905e-01   7.714839e-01  -8.790093e-05  -5.026045e+00  -3.938191e+00  -2.631421e-04
-6.072089e-01   7.675255e-01  -8.816248e-05  -5.000553e+00  -3.970631e+00  -2.594309e-04
-6.122016e-01   7.635347e-01  -8.842031e-05  -4.974848e+00  -4.002905e+00  -2.557087e-04
-6.171685e-01   7.595117e-01  -8.867441e-05  -4.948933e+00  -4.035011e+00  -2.519755e-04
-6.221094e-01   7.554566e-01  -8.892476e-05  -4.922807e+00  -4.066948e+00  -2.482315e-04
-6.270240e-01   7.513696e-01  -8.917137e-05  -4.896474e+00  -4.098715e+00  -2.444770e-04
-6.319121e-01   7.472510e-01  -8.941421e-05  -4.869933e+00  -4.130309e+00  -2.407120e-04
-6.367736e-01   7.431008e-01  -8.965327e-05  -4.843185e+00  -4.161729e+00  -2.369367e-04
-6.416082e-01   7.389192e-01  -8.988856e-05  -4.816233e+00  -4.192975e+00  -2.331514e-04
-6.464157e-01   7.347064e-01  -9.012004e-05  -4.789076e+00  -4.224045e+00  -2.293561e-04
-6.511959e-01   7.304626e-01  -9.034773e-05  -4.761717e+00  -4.254937e+00  -2.255511e-04
-6.559487e-01   7.261880e-01  -9.057160e-05  -4.734156e+00  -4.285651e+00  -2.217364e-04
-6.606737e-01   7.218828e-01  -9.079164e-05  -4.706394e+00  -4.316184e+00  -2.179123e-04
-6.653709e-01   7.175470e-01  -9.100786e-05  -4.678434e+00  -4.346535e+00  -2.140789e-04
-6.700400e-01   7.131810e-01  -9.122023e-05  -4.650275e+00  -4.376704e+00  -2.102364e-04
-6.746807e-01   7.087848e-01  -9.142875e-05  -4.621919e+00  -4.406688e+00  -2.063850e-04
-6.792930e-01   7.043588e-01  -9.163341e-05  -4.593368e+00  -4.436487e+00  -2.025248e-04
-6.838767e-01   6.999030e-01  -9.183421e-05  -4.564623e+00  -4.466099e+00  -1.986560e-04
-6.884314e-01   6.954176e-01  -9.203112e-05  -4.535685e+00  -4.495522e+00  -1.947787e-04
-6.929571e-01   6.909029e-01  -9.222415e-05  -4.506554e+00  -4.524757e+00  -1.908932e-04
-6.974536e-01   6.863591e-01  -9.241329e-05  -4.477233e+00  -4.553800e+00  -1.869996e-04
-7.019206e-01   6.817862e-01  -9.259853e-05  -4.447723e+00  -4.582652e+00  -1.830981e-04
-7.063579e-01   6.771846e-01  -9.277985e-05  -4.418025e+00  -4.611310e+00  -1.791887e-04
-7.107655e-01   6.725544e-01  -9.295726e-05  -4.388140e+00  -4.639774e+00  -1.752718e-04
-7.151430e-01   6.678958e-01  -9.313075e-05  -4.358070e+00  -4.668042e+00  -1.713475e-04
-7.194903e-01   6.632089e-01  -9.330030e-05  -4.327816e+00  -4.696113e+00  -1.674160e-04
-7.238073e-01   6.584941e-01  -9.346592e-05  -4.297379e+00  -4.723986e+00  -1.634773e-04
-7.280937e-01   6.537515e-01  -9.362758e-05  -4.266760e+00  -4.751660e+00  -1.595318e-04
-7.323493e-01   6.489813e-01  -9.378530e-05  -4.235961e+00  -4.779132e+00  -1.555795e-04
-7.365741e-01   6.441837e-01  -9.393905e-05  -4.204984e+00  -4.806403e+00  -1.516207e-04
-7.407677e-01   6.393589e-01  -9.408884e-05  -4.173829e+00  -4.833471e+00  -1.476554e-04
-7.449301e-01   6.345071e-01  -9.423466e-05  -4.142498e+00  -4.860335e+00  -1.436840e-04
-7.490610e-01   6.296285e-01  -9.437650e-05  -4.110992e+00  -4.886994e+00  -1.397065e-04
-7.531603e-01   6.247233e-01  -9.451435e-05  -4.079313e+00  -4.913445e+00  -1.357232e-04
-7.572278e-01   6.197917e-01  -9.464822e-05  -4.047462e+00  -4.939690e+00  -1.317341e-04
-7.612633e-01   6.148340e-01  -9.477809e-05  -4.015441e+00  -4.965725e+00  -1.277396e-04
-7.652667e-01   6.098504e-01  -9.490395e-05  -3.983250e+00  -4.991551e+00  -1.237396e-04
-7.692378e-01   6.048409e-01  -9.502581e-05  -3.950892e+00  -5.017165e+00  -1.197346e-04
-7.731764e-01   5.998060e-01  -9.514366e-05  -3.918367e+00  -5.042567e+00  -1.157245e-04
-7.770824e-01   5.947457e-01  -9.525749e-05  -3.885677e+00  -5.067756e+00  -1.117096e-04
-7.809556e-01   5.896603e-01  -9.536730e-05  -3.852824e+00  -5.092731e+00  -1.076900e-04
-7.847958e-01   5.845500e-01  -9.547309e-05  -3.819809e+00  -5.117490e+00  -1.036660e-04
-7.886028e-01   5.794151e-01  -9.557484e-05  -3.786633e+00  -5.142033e+00  -9.963768e-05
-7.923766e-01   5.742557e-01  -9.567256e-05  -3.753299e+00  -5.166358e+00  -9.560524e-05
-7.961169e-01   5.690720e-01  -9.576624e-05  -3.719806e+00  -5.190464e+00  -9.156886e-05
-7.998237e-01   5.638644e-01  -9.585588e-05  -3.686157e+00  -5.214351e+00  -8.752871e-05
-8.034966e-01   5.586329e-01  -9.594148e-05  -3.652354e+00  -5.238017e+00  -8.348497e-05
-8.071357e-01   5.533778e-01  -9.602302e-05  -3.618397e+00  -5.261461e+00  -7.943781e-05
-8.107407e-01   5.480994e-01  -9.610051e-05  -3.584289e+00  -5.284683e+00  -7.538741e-05
-8.143114e-01   5.427979e-01  -9.617395e-05  -3.550030e+00  -5.307681e+00  -7.133395e-05
-8.178478e-01   5.374734e-01  -9.624332e-05  -3.515622e+00  -5.330454e+00  -6.727760e-05
-8.213497e-01   5.321263e-01  -9.630864e-05  -3.481068e+00  -5.353002e+00  -6.321855e-05
-8.248169e-01   5.267567e-01  -9.636989e-05  -3.446367e+00  -5.375322e+00  -5.915696e-05
-8.282493e-01   5.213649e-01  -9.642707e-05  -3.411522e+00  -5.397416e+00  -5.509302e-05
-8.316468e-01   5.159511e-01  -9.648018e-05  -3.376535e+00  -5.419280e+00  -5.102690e-05
-8.350092e-01   5.105155e-01  -9.652923e-05  -3.341406e+00  -5.440916e+00  -4.695878e-05
-8.383363e-01   5.050584e-01  -9.657419e-05  -3.306138e+00  -5.462320e+00  -4.288884e-05
-8.416281e-01   4.995799e-01  -9.661509e-05  -3.270732e+00  -5.483494e+00  -3.881725e-05
-8.448843e-01   4.940804e-01  -9.665191e-05  -3.235189e+00  -5.504435e+00  -3.474420e-05
-8.481049e-01   4.885600e-01  -9.668465e-05  -3.199511e+00  -5.525143e+00  -3.066985e-05
-8.512898e-01   4.830191e-01  -9.671331e-05  -3.163700e+00  -5.545617e+00  -2.659439e-05
-8.544387e-01   4.774577e-01  -9.673789e-05  -3.127757e+00  -5.565856e+00  -2.251800e-05
-8.575515e-01   4.718762e-01  -9.675839e-05  -3.091684e+00  -5.585859e+00  -1.844085e-05
-8.606282e-01   4.662748e-01  -9.677481e-05  -3.055482e+00  -5.605626e+00  -1.436311e-05
-8.636686e-01   4.606537e-01  -9.678714e-05  -3.019153e+00  -5.625155e+00  -1.028498e-05
-8.666726e-01   4.550132e-01  -9.679540e-05  -2.982698e+00  -5.644447e+00  -6.206615e-06
-8.696400e-01   4.493535e-01  -9.679957e-05  -2.946120e+00  -5.663499e+00  -2.128206e-06
-8.725707e-01   4.436749e-01  -9.679966e-05  -2.909419e+00  -5.682311e+00   1.950074e-06
-8.754646e-01   4.379775e-01  -9.679567e-05  -2.872598e+00  -5.700882e+00   6.028047e-06
-8.783217e-01   4.322617e-01  -9.678759e-05  -2.835657e+00  -5.719212e+00   1.010554e-05
-8.811416e-01   4.265277e-01  -9.677543e-05  -2.798599e+00  -5.737300e+00   1.418236e-05
-8.839245e-01   4.207756e-01  -9.675920e-05  -2.761426e+00  -5.755145e+00   1.825835e-05
-8.866700e-01   4.150058e-01  -9.673888e-05  -2.724138e+00  -5.772746e+00   2.233333e-05
-8.893782e-01   4.092186e-01  -9.671449e-05  -2.686738e+00  -5.790103e+00   2.640711e-05
-8.920489e-01   4.034141e-01  -9.668601e-05  -2.649226e+00  -5.807214e+00   3.047952e-05
-8.946819e-01   3.975925e-01  -9.665347e-05  -2.611606e+00  -5.824080e+00   3.455038e-05
-8.972773e-01   3.917542e-01  -9.661684e-05  -2.573878e+00  -5.840699e+00   3.861952e-05
-8.998348e-01   3.858994e-01  -9.657615e-05  -2.536043e+00  -5.857071e+00   4.268676e-05
-9.023545e-01   3.800284e-01  -9.653138e-05  -2.498105e+00  -5.873195e+00   4.675192e-05
-9.048361e-01   3.741413e-01  -9.648255e-05  -2.460064e+00  -5.889070e+00   5.081483e-05
-9.072795e-01   3.682384e-01  -9.642965e-05  -2.421922e+00  -5.904696e+00   5.487532e-05
-9.096847e-01   3.623201e-01  -9.637269e-05  -2.383681e+00  -5.920071e+00   5.893319e-05
-9.120517e-01   3.563864e-01  -9.631167e-05  -2.345342e+00  -5.935197e+00   6.298829e-05
-9.143801e-01   3.504378e-01  -9.624659e-05  -2.306907e+00  -5.950071e+00   6.704043e-05
-9.166701e-01   3.444744e-01  -9.617745e-05  -2.268378e+00  -5.964693e+00   7.108943e-05
-9.189214e-01   3.384965e-01  -9.610427e-05  -2.229756e+00  -5.979064e+00   7.513513e-05
-9.211341e-01   3.325043e-01  -9.602703e-05  -2.191043e+00  -5.993181e+00   7.917735e-05
-9.233079e-01   3.264981e-01  -9.594575e-05  -2.152241e+00  -6.007044e+00   8.321591e-05
-9.254429e-01   3.204782e-01  -9.586044e-05  -2.113352e+00  -6.020654e+00   8.725064e-05
-9.275388e-01   3.144447e-01  -9.577108e-05  -2.074377e+00  -6.034008e+00   9.128136e-05
-9.295958e-01   3.083981e-01  -9.567769e-05  -2.035318e+00  -6.047108e+00   9.530791e-05
-9.316135e-01   3.023384e-01  -9.558027e-05  -1.996176e+00  -6.059952e+00   9.933009e-05
-9.335921e-01   2.962660e-01  -9.547883e-05  -1.956954e+00  -6.072540e+00   1.033478e-04
-9.355314e-01   2.901812e-01  -9.537337e-05  -1.917653e+00  -6.084871e+00   1.073607e-04
-9.374313e-01   2.840841e-01  -9.526389e-05  -1.878275e+00  -6.096944e+00   1.113688e-04
-9.392917e-01   2.779751e-01  -9.515041e-05  -1.838821e+00  -6.108760e+00   1.153718e-04
-9.411126e-01   2.718544e-01  -9.503292e-05  -1.799293e+00  -6.120318e+00   1.193696e-04
-9.428939e-01   2.657222e-01  -9.491143e-05  -1.759693e+00  -6.131617e+00   1.233621e-04
-9.446355e-01   2.595789e-01  -9.478595e-05  -1.720023e+00  -6.142658e+00   1.273489e-04
-9.463374e-01   2.534246e-01  -9.465648e-05  -1.680284e+00  -6.153438e+00   1.313301e-04
-9.479994e-01   2.472597e-01  -9.452303e-05  -1.640479e+00  -6.163959e+00   1.353053e-04
-9.496216e-01   2.410843e-01  -9.438560e-05  -1.600608e+00  -6.174220e+00   1.392744e-04
-9.512038e-01   2.348989e-01  -9.424420e-05  -1.560674e+00  -6.184220e+00   1.432373e-04
-9.527461e-01   2.287035e-01  -9.409884e-05  -1.520678e+00  -6.193958e+00   1.471938e-04
-9.542482e-01   2.224985e-01  -9.394952e-05  -1.480623e+00  -6.203436e+00   1.511437e-04
-9.557103e-01   2.162842e-01  -9.379625e-05  -1.440509e+00  -6.212651e+00   1.550868e-04
-9.571321e-01   2.100608e-01  -9.363903e-05  -1.400338e+00  -6.221605e+00   1.590230e-04
-9.585138e-01   2.038286e-01  -9.347788e-05  -1.360113e+00  -6.230296e+00   1.629521e-04
-9.598551e-01   1.975877e-01  -9.331280e-05  -1.319836e+00  -6.238724e+00   1.668739e-04
-9.611561e-01   1.913386e-01  -9.314380e-05  -1.279507e+00  -6.246889e+00   1.707883e-04
-9.624167e-01   1.850815e-01  -9.297088e-05  -1.239128e+00  -6.254790e+00   1.746951e-04
-9.636368e-01   1.788165e-01  -9.279406e-05  -1.198702e+00  -6.262428e+00   1.785942e-04
-9.648165e-01   1.725441e-01  -9.261334e-05  -1.158230e+00  -6.269802e+00   1.824853e-04
-9.659556e-01   1.662644e-01  -9.242872e-05  -1.117714e+00  -6.276912e+00   1.863683e-04
-9.670541e-01   1.599777e-01  -9.224023e-05  -1.077155e+00  -6.283757e+00   1.902430e-04
-9.681121e-01   1.536843e-01  -9.204786e-05  -1.036556e+00  -6.290338e+00   1.941093e-04
-9.691293e-01   1.473844e-01  -9.185162e-05  -9.959180e-01  -6.296653e+00   1.979670e-04
-9.701059e-01   1.410784e-01  -9.165153e-05  -9.552429e-01  -6.302704e+00   2.018160e-04
-9.710417e-01   1.347664e-01  -9.144758e-05  -9.145324e-01  -6.308489e+00   2.056560e-04
-9.719368e-01   1.284487e-01  -9.123980e-05  -8.737883e-01  -6.314008e+00   2.094869e-04
-9.727910e-01   1.221257e-01  -9.102819e-05  -8.330125e-01  -6.319262e+00   2.133086e-04
-9.736045e-01   1.157976e-01  -9.081276e-05  -7.922065e-01  -6.324250e+00   2.171209e-04
-9.743770e-01   1.094646e-01  -9.059351e-05  -7.513723e-01  -6.328972e+00   2.209236e-04
-9.751087e-01   1.031270e-01  -9.037047e-05  -7.105116e-01  -6.333428e+00   2.247166e-04
-9.757995e-01   9.678502e-02  -9.014363e-05  -6.696261e-01  -6.337618e+00   2.284996e-04
-9.764493e-01   9.043903e-02  -8.991301e-05  -6.287177e-01  -6.341541e+00   2.322726e-04
-9.770582e-01   8.408924e-02  -8.967862e-05  -5.877880e-01  -6.345198e+00   2.360354e-04
-9.776261e-01   7.773593e-02  -8.944047e-05  -5.468389e-01  -6.348588e+00   2.397878e-04
-9.781530e-01   7.137936e-02  -8.919856e-05  -5.058721e-01  -6.351711e+00   2.435297e-04
-9.786388e-01   6.501979e-02  -8.895292e-05  -4.648894e-01  -6.354568e+00   2.472609e-04
-9.790837e-01   5.865750e-02  -8.870355e-05  -4.238926e-01  -6.357158e+00   2.509812e-04
-9.794875e-01   5.229275e-02  -8.845046e-05  -3.828834e-01  -6.359481e+00   2.546905e-04
-9.798502e-01   4.592581e-02  -8.819366e-05  -3.418636e-01  -6.361537e+00   2.583886e-04
-9.801719e-01   3.955694e-02  -8.793316e-05  -3.008349e-01  -6.363327e+00   2.620754e-04
-9.804525e-01   3.318641e-02  -8.766898e-05  -2.597991e-01  -6.364849e+00   2.657508e-04
-9.806920e-01   2.681450e-02  -8.740113e-05  -2.187581e-01  -6.366105e+00   2.694145e-04
-9.808904e-01   2.044146e-02  -8.712961e-05  -1.777134e-01  -6.367094e+00   2.730664e-04
-9.810478e-01   1.406756e-02  -8.685445e-05  -1.366670e-01  -6.367816e+00   2.767064e-04
-9.811640e-01   7.693078e-03  -8.657565e-05  -9.562059e-02  -6.368271e+00   2.803343e-04
-9.812392e-01   1.318272e-03  -8.629322e-05  -5.457588e-02  -6.368459e+00   2.839499e-04
-9.812733e-01  -5.056590e-03  -8.600718e-05  -1.353468e-02  -6.368381e+00   2.875532e-04
-9.812663e-01  -1.143124e-02  -8.571754e-05   2.750128e-02  -6.368037e+00   2.911439e-04
-9.812182e-01  -1.780541e-02  -8.542431e-05   6.853022e-02  -6.367425e+00   2.947219e-04
-9.811291e-01  -2.417884e-02  -8.512750e-05   1.095504e-01  -6.366548e+00   2.982870e-04
-9.809989e-01  -3.055125e-02  -8.482714e-05   1.505600e-01  -6.365404e+00   3.018392e-04
-9.808277e-01  -3.692239e-02  -8.452322e-05   1.915574e-01  -6.363994e+00   3.053782e-04
-9.806154e-01  -4.329198e-02  -8.421577e-05   2.325407e-01  -6.362318e+00   3.089039e-04
-9.803621e-01  -4.965976e-02  -8.390479e-05   2.735083e-01  -6.360376e+00   3.124162e-04
-9.800679e-01  -5.602547e-02  -8.359031e-05   3.144583e-01  -6.358168e+00   3.159149e-04
-9.797326e-01  -6.238883e-02  -8.327233e-05   3.553891e-01  -6.355695e+00   3.193998e-04
-9.793564e-01  -6.874958e-02  -8.295087e-05   3.962988e-01  -6.352957e+00   3.228709e-04
-9.789392e-01  -7.510746e-02  -8.262594e-05   4.371858e-01  -6.349953e+00   3.263280e-04
-9.784811e-01  -8.146220e-02  -8.229756e-05   4.780483e-01  -6.346685e+00   3.297708e-04
-9.779821e-01  -8.781354e-02  -8.196574e-05   5.188845e-01  -6.343152e+00   3.331994e-04
-9.774423e-01  -9.416120e-02  -8.163050e-05   5.596927e-01  -6.339354e+00   3.366136e-04
-9.768616e-01  -1.005049e-01  -8.129184e-05   6.004712e-01  -6.335292e+00   3.400131e-04
-9.762402e-01  -1.068445e-01  -8.094979e-05   6.412183e-01  -6.330966e+00   3.433979e-04
-9.755779e-01  -1.131795e-01  -8.060436e-05   6.819322e-01  -6.326377e+00   3.467678e-04
-9.748749e-01  -1.195099e-01  -8.025556e-05   7.226112e-01  -6.321524e+00   3.501228e-04
-9.741313e-01  -1.258352e-01  -7.990341e-05   7.632536e-01  -6.316407e+00   3.534625e-04
-9.733469e-01  -1.321553e-01  -7.954793e-05   8.038576e-01  -6.311028e+00   3.567870e-04
-9.725219e-01  -1.384699e-01  -7.918912e-05   8.444215e-01  -6.305387e+00   3.600961e-04
-9.716564e-01  -1.447787e-01  -7.882701e-05   8.849437e-01  -6.299483e+00   3.633896e-04
-9.707503e-01  -1.510815e-01  -7.846162e-05   9.254223e-01  -6.293318e+00   3.666674e-04
-9.698037e-01  -1.573780e-01  -7.809295e-05   9.658558e-01  -6.286891e+00   3.699294e-04
-9.688166e-01  -1.636679e-01  -7.772102e-05   1.006242e+00  -6.280202e+00   3.731754e-04
-9.677892e-01  -1.699510e-01  -7.734585e-05   1.046580e+00  -6.273253e+00   3.764053e-04
-9.667214e-01  -1.762269e-01  -7.696745e-05   1.086868e+00  -6.266044e+00   3.796190e-04
-9.656133e-01  -1.824956e-01  -7.658585e-05   1.127103e+00  -6.258575e+00   3.828163e-04
-9.644649e-01  -1.887566e-01  -7.620105e-05   1.167285e+00  -6.250846e+00   3.859972e-04
-9.632764e-01  -1.950098e-01  -7.581308e-05   1.207412e+00  -6.242857e+00   3.891614e-04
-9.620477e-01  -2.012548e-01  -7.542195e-05   1.247481e+00  -6.234610e+00   3.923088e-04
-9.607789e-01  -2.074915e-01  -7.502768e-05   1.287492e+00  -6.226105e+00   3.954394e-04
-9.594701e-01  -2.137195e-01  -7.463028e-05   1.327442e+00  -6.217342e+00   3.985530e-04
-9.581214e-01  -2.199386e-01  -7.422978e-05   1.367330e+00  -6.208322e+00   4.016495e-04
-9.567327e-01  -2.261486e-01  -7.382618e-05   1.407154e+00  -6.199044e+00   4.047287e-04
-9.553042e-01  -2.323491e-01  -7.341951e-05   1.446913e+00  -6.189510e+00   4.077905e-04
-9.538360e-01  -2.385400e-01  -7.300978e-05   1.486605e+00  -6.179720e+00   4.108348e-04
-9.523280e-01  -2.447209e-01  -7.259702e-05   1.526228e+00  -6.169675e+00   4.138615e-04
-9.507805e-01  -2.508917e-01  -7.218123e-05   1.565780e+00  -6.159374e+00   4.168704e-04
-9.491933e-01  -2.570520e-01  -7.176244e-05   1.605260e+00  -6.148820e+00   4.198615e-04
-9.475667e-01  -2.632017e-01  -7.134067e-05   1.644667e+00  -6.138011e+00   4.228346e-04
-9.459007e-01  -2.693403e-01  -7.091592e-05   1.683998e+00  -6.126949e+00   4.257895e-04
-9.441954e-01  -2.754678e-01  -7.048823e-05   1.723252e+00  -6.115634e+00   4.287263e-04
-9.424508e-01  -2.815838e-01  -7.005761e-05   1.762428e+00  -6.104067e+00   4.316447e-04
-9.406670e-01  -2.876882e-01  -6.962408e-05   1.801523e+00  -6.092249e+00   4.345446e-04
-9.388441e-01  -2.937805e-01  -6.918765e-05   1.840537e+00  -6.080179e+00   4.374259e-04
-9.369822e-01  -2.998607e-01  -6.874835e-05   1.879467e+00  -6.067859e+00   4.402886e-04
-9.350814e-01  -3.059284e-01  -6.830620e-05   1.918311e+00  -6.055289e+00   4.431324e-04
-9.331418e-01  -3.119834e-01  -6.786120e-05   1.957069e+00  -6.042470e+00   4.459573e-04
-9.311634e-01  -3.180254e-01  -6.741339e-05   1.995739e+00  -6.029402e+00   4.487632e-04
-9.291463e-01  -3.240543e-01  -6.696278e-05   2.034318e+00  -6.016087e+00   4.515499e-04
-9.270906e-01  -3.300697e-01  -6.650938e-05   2.072807e+00  -6.002524e+00   4.543174e-04
-9.249965e-01  -3.360713e-01  -6.605323e-05   2.111202e+00  -5.988714e+00   4.570655e-04
-9.228640e-01  -3.420591e-01  -6.559434e-05   2.149502e+00  -5.974659e+00   4.597942e-04
-9.206932e-01  -3.480326e-01  -6.513272e-05   2.187706e+00  -5.960358e+00   4.625032e-04
-9.184842e-01  -3.539917e-01  -6.466841e-05   2.225812e+00  -5.945813e+00   4.651926e-04
-9.162371e-01  -3.599361e-01  -6.420141e-05   2.263819e+00  -5.931023e+00   4.678621e-04
-9.139521e-01  -3.658656e-01  -6.373174e-05   2.301724e+00  -5.915991e+00   4.705118e-04
-9.116291e-01  -3.717800e-01  -6.325944e-05   2.339527e+00  -5.900716e+00   4.731415e-04
-9.092683e-01  -3.776789e-01  -6.278451e-05   2.377226e+00  -5.885200e+00   4.757510e-04
-9.068699e-01  -3.835622e-01  -6.230699e-05   2.414820e+00  -5.869443e+00   4.783404e-04
-9.044338e-01  -3.894295e-01  -6.182688e-05   2.452306e+00  -5.853445e+00   4.809094e-04
-9.019604e-01  -3.952808e-01  -6.134420e-05   2.489683e+00  -5.837208e+00   4.834580e-04
-8.994495e-01  -4.011156e-01  -6.085899e-05   2.526950e+00  -5.820732e+00   4.859861e-04
-8.969014e-01  -4.069339e-01  -6.037126e-05   2.564105e+00  -5.804019e+00   4.884936e-04
-8.943162e-01  -4.127353e-01  -5.988103e-05   2.601148e+00  -5.787068e+00   4.909804e-04
-8.916939e-01  -4.185196e-01  -5.938832e-05   2.638075e+00  -5.769882e+00   4.934464e-04
-8.890347e-01  -4.242866e-01  -5.889315e-05   2.674886e+00  -5.752459e+00   4.958915e-04
-8.863388e-01  -4.300360e-01  -5.839554e-05   2.711579e+00  -5.734802e+00   4.983156e-04
-8.836061e-01  -4.357677e-01  -5.789552e-05   2.748153e+00  -5.716911e+00   5.007186e-04
-8.808370e-01  -4.414813e-01  -5.739310e-05   2.784606e+00  -5.698788e+00   5.031005e-04
-8.780313e-01  -4.471767e-01  -5.688831e-05   2.820936e+00  -5.680432e+00   5.054610e-04
-8.751894e-01  -4.528535e-01  -5.638117e-05   2.857143e+00  -5.661845e+00   5.078003e-04
-8.723113e-01  -4.585117e-01  -5.587169e-05   2.893225e+00  -5.643027e+00   5.101180e-04
-8.693972e-01  -4.641509e-01  -5.535991e-05   2.929180e+00  -5.623980e+00   5.124142e-04
-8.664471e-01  -4.697709e-01  -5.484584e-05   2.965007e+00  -5.604704e+00   5.146888e-04
-8.634612e-01  -4.753715e-01  -5.432950e-05   3.000705e+00  -5.585201e+00   5.169417e-04
-8.604397e-01  -4.809525e-01  -5.381092e-05   3.036271e+00  -5.565471e+00   5.191728e-04
-8.573826e-01  -4.865136e-01  -5.329012e-05   3.071705e+00  -5.545514e+00   5.213820e-04
-8.542901e-01  -4.920546e-01  -5.276711e-05   3.107005e+00  -5.525333e+00   5.235692e-04
-8.511624e-01  -4.975753e-01  -5.224193e-05   3.142170e+00  -5.504928e+00   5.257344e-04
-8.479995e-01  -5.030755e-01  -5.171459e-05   3.177198e+00  -5.484300e+00   5.278775e-04
-8.448016e-01  -5.085549e-01  -5.118512e-05   3.212088e+00  -5.463449e+00   5.299983e-04
-8.415689e-01  -5.140133e-01  -5.065353e-05   3.246839e+00  -5.442377e+00   5.320969e-04
-8.383015e-01  -5.194506e-01  -5.011986e-05   3.281448e+00  -5.421085e+00   5.341731e-04
-8.349994e-01  -5.248664e-01  -4.958412e-05   3.315916e+00  -5.399574e+00   5.362268e-04
-8.316630e-01  -5.302605e-01  -4.904633e-05   3.350239e+00  -5.377845e+00   5.382580e-04
-8.282923e-01  -5.356328e-01  -4.850652e-05   3.384418e+00  -5.355898e+00   5.402667e-04
-8.248874e-01  -5.409830e-01  -4.796472e-05   3.418450e+00  -5.333735e+00   5.422526e-04
-8.214485e-01  -5.463110e-01  -4.742093e-05   3.452335e+00  -5.311356e+00   5.442158e-04
-8.179758e-01  -5.516164e-01  -4.687520e-05   3.486070e+00  -5.288764e+00   5.461562e-04
-8.144694e-01  -5.568991e-01  -4.632753e-05   3.519655e+00  -5.265958e+00   5.480737e-04
-8.109294e-01  -5.621588e-01  -4.577795e-05   3.553089e+00  -5.242939e+00   5.499683e-04
-8.073561e-01  -5.673955e-01  -4.522649e-05   3.586369e+00  -5.219710e+00   5.518398e-04
-8.037495e-01  -5.726087e-01  -4.467317e-05   3.619494e+00  -5.196271e+00   5.536882e-04
-8.001099e-01  -5.777984e-01  -4.411800e-05   3.652464e+00  -5.172622e+00   5.555134e-04
-7.964373e-01  -5.829643e-01  -4.356103e-05   3.685277e+00  -5.148766e+00   5.573155e-04
-7.927319e-01  -5.881062e-01  -4.300226e-05   3.717932e+00  -5.124702e+00   5.590942e-04
-7.889940e-01  -5.932240e-01  -4.244172e-05   3.750427e+00  -5.100433e+00   5.608495e-04
-7.852236e-01  -5.983173e-01  -4.187944e-05   3.782761e+00  -5.075959e+00   5.625815e-04
-7.814209e-01  -6.033861e-01  -4.131543e-05   3.814933e+00  -5.051281e+00   5.642899e-04
-7.775861e-01  -6.084300e-01  -4.074973e-05   3.846942e+00  -5.026401e+00   5.659749e-04
-7.737193e-01  -6.134489e-01  -4.018235e-05   3.878785e+00  -5.001319e+00   5.676362e-04
-7.698207e-01  -6.184426e-01  -3.961332e-05   3.910463e+00  -4.976038e+00   5.692738e-04
-7.658905e-01  -6.234110e-01  -3.904266e-05   3.941974e+00  -4.950556e+00   5.708877e-04
-7.619289e-01  -6.283537e-01  -3.847040e-05   3.973316e+00  -4.924877e+00   5.724778e-04
-7.579359e-01  -6.332706e-01  -3.789656e-05   4.004489e+00  -4.899001e+00   5.740441e-04
-7.539119e-01  -6.381615e-01  -3.732116e-05   4.035491e+00  -4.872929e+00   5.755866e-04
-7.498569e-01  -6.430262e-01  -3.674423e-05   4.066321e+00  -4.846663e+00   5.771050e-04
-7.457711e-01  -6.478645e-01  -3.616580e-05   4.096977e+00  -4.820203e+00   5.785995e-04
-7.416547e-01  -6.526762e-01  -3.558588e-05   4.127459e+00  -4.793551e+00   5.800699e-04
-7.375079e-01  -6.574612e-01  -3.500449e-05   4.157766e+00  -4.766707e+00   5.815162e-04
-7.333309e-01  -6.622192e-01  -3.442168e-05   4.187895e+00  -4.739674e+00   5.829384e-04
-7.291238e-01  -6.669500e-01  -3.383745e-05   4.217847e+00  -4.712452e+00   5.843364e-04
-7.248867e-01  -6.716535e-01  -3.325184e-05   4.247620e+00  -4.685043e+00   5.857101e-04
-7.206200e-01  -6.763295e-01  -3.266486e-05   4.277212e+00  -4.657447e+00   5.870596e-04
-7.163238e-01  -6.809778e-01  -3.207654e-05   4.306623e+00  -4.629666e+00   5.883847e-04
-7.119981e-01  -6.855981e-01  -3.148691e-05   4.335851e+00  -4.601701e+00   5.896854e-04
-7.076434e-01  -6.901904e-01  -3.089599e-05   4.364896e+00  -4.573554e+00   5.909617e-04
-7.032596e-01  -6.947544e-01  -3.030380e-05   4.393755e+00  -4.545225e+00   5.922135e-04
-6.988471e-01  -6.992899e-01  -2.971038e-05   4.422429e+00  -4.516716e+00   5.934408e-04
-6.944059e-01  -7.037968e-01  -2.911573e-05   4.450916e+00  -4.488028e+00   5.946436e-04
-6.899363e-01  -7.082750e-01  -2.851990e-05   4.479215e+00  -4.459163e+00   5.958218e-04
-6.854385e-01  -7.127241e-01  -2.792290e-05   4.507324e+00  -4.430121e+00   5.969754e-04
-6.809126e-01  -7.171441e-01  -2.732475e-05   4.535244e+00  -4.400903e+00   5.981043e-04
-6.763589e-01  -7.215347e-01  -2.672549e-05   4.562972e+00  -4.371512e+00   5.992085e-04
-6.717776e-01  -7.258959e-01  -2.612514e-05   4.590508e+00  -4.341949e+00   6.002880e-04
-6.671687e-01  -7.302273e-01  -2.552371e-05   4.617850e+00  -4.312214e+00   6.013427e-04
-6.625326e-01  -7.345289e-01  -2.492125e-05   4.644998e+00  -4.282308e+00   6.023726e-04
-6.578694e-01  -7.388005e-01  -2.431776e-05   4.671950e+00  -4.252235e+00   6.033777e-04
-6.531794e-01  -7.430419e-01  -2.371329e-05   4.698706e+00  -4.221993e+00   6.043579e-04
-6.484626e-01  -7.472529e-01  -2.310784e-05   4.725264e+00  -4.191586e+00   6.053132e-04
-6.437194e-01  -7.514335e-01  -2.250145e-05   4.751624e+00  -4.161014e+00   6.062436e-04
-6.389499e-01  -7.555833e-01  -2.189414e-05   4.777784e+00  -4.130278e+00   6.071490e-04
-6.341543e-01  -7.597023e-01  -2.128593e-05   4.803744e+00  -4.099380e+00   6.080295e-04
-6.293328e-01  -7.637903e-01  -2.067686e-05   4.829502e+00  -4.068321e+00   6.088850e-04
-6.244856e-01  -7.678471e-01  -2.006694e-05   4.855058e+00  -4.037102e+00   6.097155e-04
-6.196129e-01  -7.718725e-01  -1.945621e-05   4.880410e+00  -4.005726e+00   6.105209e-04
-6.147150e-01  -7.758665e-01  -1.884468e-05   4.905558e+00  -3.974192e+00   6.113012e-04
-6.097920e-01  -7.798289e-01  -1.823238e-05   4.930501e+00  -3.942503e+00   6.120565e-04
-6.048441e-01  -7.837594e-01  -1.761934e-05   4.955238e+00  -3.910660e+00   6.127866e-04
-5.998716e-01  -7.876580e-01  -1.700558e-05   4.979767e+00  -3.878664e+00   6.134916e-04
-5.948746e-01  -7.915245e-01  -1.639113e-05   5.004089e+00  -3.846517e+00   6.141715e-04
-5.898534e-01  -7.953588e-01  -1.577601e-05   5.028201e+00  -3.814219e+00   6.148262e-04
-5.848081e-01  -7.991606e-01  -1.516025e-05   5.052104e+00  -3.781773e+00   6.154557e-04
-5.797391e-01  -8.029299e-01  -1.454387e-05   5.075796e+00  -3.749180e+00   6.160600e-04
-5.746464e-01  -8.066665e-01  -1.392689e-05   5.099276e+00  -3.716441e+00   6.166391e-04
-5.695303e-01  -8.103702e-01  -1.330935e-05   5.122544e+00  -3.683557e+00   6.171930e-04
-5.643910e-01  -8.140410e-01  -1.269127e-05   5.145598e+00  -3.650530e+00   6.177216e-04
-5.592288e-01  -8.176786e-01  -1.207267e-05   5.168439e+00  -3.617361e+00   6.182250e-04
-5.540438e-01  -8.212829e-01  -1.145358e-05   5.191064e+00  -3.584052e+00   6.187031e-04
-5.488363e-01  -8.248539e-01  -1.083403e-05   5.213474e+00  -3.550604e+00   6.191560e-04
-5.436064e-01  -8.283912e-01  -1.021403e-05   5.235666e+00  -3.517019e+00   6.195836e-04
-5.383545e-01  -8.318949e-01  -9.593622e-06   5.257642e+00  -3.483297e+00   6.199859e-04
-5.330806e-01  -8.353648e-01  -8.972820e-06   5.279399e+00  -3.449441e+00   6.203629e-04
-5.277851e-01  -8.388007e-01  -8.351654e-06   5.300937e+00  -3.415451e+00   6.207146e-04
-5.224681e-01  -8.422026e-01  -7.730148e-06   5.322255e+00  -3.381330e+00   6.210411e-04
-5.171299e-01  -8.455702e-01  -7.108329e-06   5.343353e+00  -3.347078e+00   6.213422e-04
-5.117707e-01  -8.489034e-01  -6.486220e-06   5.364229e+00  -3.312698e+00   6.216180e-04
-5.063907e-01  -8.522022e-01  -5.863848e-06   5.384883e+00  -3.278189e+00   6.218686e-04
-5.009902e-01  -8.554663e-01  -5.241238e-06   5.405315e+00  -3.243555e+00   6.220938e-04
-4.955693e-01  -8.586958e-01  -4.618415e-06   5.425522e+00  -3.208796e+00   6.222937e-04
-4.901283e-01  -8.618904e-01  -3.995405e-06   5.445506e+00  -3.173915e+00   6.224683e-04
-4.846674e-01  -8.650500e-01  -3.372232e-06   5.465264e+00  -3.138911e+00   6.226177e-04
-4.791868e-01  -8.681745e-01  -2.748923e-06   5.484797e+00  -3.103787e+00   6.227417e-04
-4.736868e-01  -8.712638e-01  -2.125502e-06   5.504103e+00  -3.068544e+00   6.228405e-04
-4.681676e-01  -8.743177e-01  -1.501995e-06   5.523182e+00  -3.033184e+00   6.229140e-04
-4.626294e-01  -8.773362e-01  -8.784270e-07   5.542033e+00  -2.997708e+00   6.229622e-04
-4.570724e-01  -8.803191e-01  -2.548234e-07   5.560656e+00  -2.962118e+00   6.229851e-04
-4.514969e-01  -8.832664e-01   3.687905e-07   5.579049e+00  -2.926415e+00   6.229828e-04
-4.459032e-01  -8.861778e-01   9.923895e-07   5.597213e+00  -2.890601e+00   6.229553e-04
-4.402913e-01  -8.890534e-01   1.615948e-06   5.615147e+00  -2.854676e+00   6.229025e-04
-4.346616e-01  -8.918929e-01   2.239442e-06   5.632849e+00  -2.818643e+00   6.228245e-04
-4.290143e-01  -8.946963e-01   2.862844e-06   5.650320e+00  -2.782504e+00   6.227213e-04
-4.233497e-01  -8.974635e-01   3.486131e-06   5.667558e+00  -2.746258e+00   6.225929e-04
-4.176679e-01  -9.001943e-01   4.109276e-06   5.684564e+00  -2.709909e+00   6.224393e-04
-4.119692e-01  -9.028887e-01   4.732256e-06   5.701336e+00  -2.673457e+00   6.222606e-04
-4.062538e-01  -9.055466e-01   5.355043e-06   5.717874e+00  -2.636905e+00   6.220567e-04
-4.005220e-01  -9.081678e-01   5.977614e-06   5.734178e+00  -2.600253e+00   6.218277e-04
-3.947739e-01  -9.107523e-01   6.599943e-06   5.750246e+00  -2.563503e+00   6.215735e-04
-3.890100e-01  -9.132999e-01   7.222006e-06   5.766079e+00  -2.526656e+00   6.212943e-04
-3.832302e-01  -9.158106e-01   7.843776e-06   5.781676e+00  -2.489715e+00   6.209901e-04
-3.774350e-01  -9.182843e-01   8.465229e-06   5.797035e+00  -2.452680e+00   6.206607e-04
-3.716246e-01  -9.207209e-01   9.086340e-06   5.812158e+00  -2.415554e+00   6.203064e-04
-3.657991e-01  -9.231203e-01   9.707084e-06   5.827042e+00  -2.378337e+00   6.199271e-04
-3.599588e-01  -9.254824e-01   1.032744e-05   5.841688e+00  -2.341031e+00   6.195228e-04
-3.541040e-01  -9.278070e-01   1.094737e-05   5.856096e+00  -2.303638e+00   6.190935e-04
-3.482349e-01  -9.300942e-01   1.156686e-05   5.870264e+00  -2.266159e+00   6.186393e-04
-3.423517e-01  -9.323439e-01   1.218589e-05   5.884192e+00  -2.228596e+00   6.181603e-04
-3.364547e-01  -9.345559e-01   1.280442e-05   5.897880e+00  -2.190950e+00   6.176564e-04
-3.305442e-01  -9.367302e-01   1.342244e-05   5.911328e+00  -2.153223e+00   6.171276e-04
-3.246203e-01  -9.388666e-01   1.403991e-05   5.924534e+00  -2.115416e+00   6.165740e-04
-3.186832e-01  -9.409652e-01   1.465682e-05   5.937499e+00  -2.077531e+00   6.159957e-04
-3.127334e-01  -9.430259e-01   1.527314e-05   5.950221e+00  -2.039570e+00   6.153926e-04
-3.067709e-01  -9.450485e-01   1.588884e-05   5.962702e+00  -2.001533e+00   6.147649e-04
-3.007960e-01  -9.470329e-01   1.650390e-05   5.974939e+00  -1.963423e+00   6.141124e-04
-2.948090e-01  -9.489792e-01   1.711829e-05   5.986933e+00  -1.925241e+00   6.134353e-04
-2.888102e-01  -9.508873e-01   1.773199e-05   5.998684e+00  -1.886989e+00   6.127336e-04
-2.827997e-01  -9.527570e-01   1.834498e-05   6.010191e+00  -1.848668e+00   6.120074e-04
-2.767778e-01  -9.545883e-01   1.895723e-05   6.021453e+00  -1.810279e+00   6.112566e-04
-2.707447e-01  -9.563812e-01   1.956872e-05   6.032471e+00  -1.771825e+00   6.104814e-04
-2.647007e-01  -9.581355e-01   2.017942e-05   6.043244e+00  -1.733306e+00   6.096817e-04
-2.586461e-01  -9.598513e-01   2.078930e-05   6.053771e+00  -1.694725e+00   6.088576e-04
-2.525811e-01  -9.615284e-01   2.139835e-05   6.064053e+00  -1.656083e+00   6.080091e-04
-2.465059e-01  -9.631667e-01   2.200654e-05   6.074089e+00  -1.617381e+00   6.071363e-04
-2.404207e-01  -9.647664e-01   2.261384e-05   6.083878e+00  -1.578622e+00   6.062393e-04
-2.343259e-01  -9.663271e-01   2.322023e-05   6.093421e+00  -1.539806e+00   6.053180e-04
-2.282217e-01  -9.678491e-01   2.382569e-05   6.102716e+00  -1.500935e+00   6.043725e-04
-2.221083e-01  -9.693320e-01   2.443019e-05   6.111765e+00  -1.462010e+00   6.034029e-04
-2.159859e-01  -9.707760e-01   2.503370e-05   6.120566e+00  -1.423034e+00   6.024092e-04
-2.098549e-01  -9.721809e-01   2.563621e-05   6.129120e+00  -1.384008e+00   6.013914e-04
-2.037154e-01  -9.735468e-01   2.623769e-05   6.137425e+00  -1.344933e+00   6.003497e-04
-1.975678e-01  -9.748735e-01   2.683811e-05   6.145482e+00  -1.305811e+00   5.992840e-04
-1.914122e-01  -9.761610e-01   2.743746e-05   6.153291e+00  -1.266644e+00   5.981944e-04
-1.852489e-01  -9.774093e-01   2.803570e-05   6.160851e+00  -1.227432e+00   5.970809e-04
-1.790781e-01  -9.786183e-01   2.863281e-05   6.168163e+00  -1.188178e+00   5.959437e-04
-1.729002e-01  -9.797881e-01   2.922878e-05   6.175225e+00  -1.148884e+00   5.947827e-04
-1.667153e-01  -9.809184e-01   2.982357e-05   6.182038e+00  -1.109550e+00   5.935981e-04
-1.605237e-01  -9.820094e-01   3.041716e-05   6.188602e+00  -1.070179e+00   5.923898e-04
-1.543257e-01  -9.830609e-01   3.100954e-05   6.194916e+00  -1.030771e+00   5.911580e-04
-1.481215e-01  -9.840730e-01   3.160066e-05   6.200980e+00  -9.913292e-01   5.899026e-04
-1.419113e-01  -9.850456e-01   3.219052e-05   6.206794e+00  -9.518542e-01   5.886238e-04
-1.356955e-01  -9.859786e-01   3.277909e-05   6.212359e+00  -9.123477e-01   5.873215e-04
-1.294742e-01  -9.868721e-01   3.336634e-05   6.217673e+00  -8.728115e-01   5.859960e-04
-1.232477e-01  -9.877260e-01   3.395225e-05   6.222736e+00  -8.332470e-01   5.846471e-04
-1.170163e-01  -9.885402e-01   3.453681e-05   6.227550e+00  -7.936558e-01   5.832751e-04
-1.107801e-01  -9.893149e-01   3.511997e-05   6.232112e+00  -7.540394e-01   5.818799e-04
-1.045396e-01  -9.900498e-01   3.570173e-05   6.236425e+00  -7.143995e-01   5.804615e-04
-9.829479e-02  -9.907451e-01   3.628206e-05   6.240486e+00  -6.747377e-01   5.790202e-04
-9.204609e-02  -9.914007e-01   3.686093e-05   6.244297e+00  -6.350554e-01   5.775559e-04
-8.579370e-02  -9.920165e-01   3.743833e-05   6.247856e+00  -5.953542e-01   5.760687e-04
-7.953787e-02  -9.925926e-01   3.801422e-05   6.251165e+00  -5.556357e-01   5.745586e-04
-7.327885e-02  -9.931289e-01   3.858859e-05   6.254223e+00  -5.159015e-01   5.730258e-04
-6.701690e-02  -9.936254e-01   3.916142e-05   6.257030e+00  -4.761532e-01   5.714703e-04
-6.075227e-02  -9.940821e-01   3.973268e-05   6.259586e+00  -4.363922e-01   5.698921e-04
-5.448520e-02  -9.944990e-01   4.030235e-05   6.261891e+00  -3.966203e-01   5.682914e-04
-4.821595e-02  -9.948762e-01   4.087040e-05   6.263944e+00  -3.568388e-01   5.666682e-04
-4.194477e-02  -9.952134e-01   4.143682e-05   6.265747e+00  -3.170495e-01   5.650226e-04
-3.567191e-02  -9.955109e-01   4.200158e-05   6.267299e+00  -2.772538e-01   5.633546e-04
-2.939762e-02  -9.957685e-01   4.256465e-05   6.268599e+00  -2.374533e-01   5.616643e-04
-2.312216e-02  -9.959863e-01   4.312603e-05   6.269649e+00  -1.976497e-01   5.599519e-04
-1.684578e-02  -9.961642e-01   4.368568e-05   6.270447e+00  -1.578443e-01   5.582173e-04
-1.056871e-02  -9.963023e-01   4.424358e-05   6.270995e+00  -1.180389e-01   5.564606e-04
-4.291231e-03  -9.964005e-01   4.479971e-05   6.271292e+00  -7.823491e-02   5.546820e-04
1.986424e-03  -9.964589e-01   4.535405e-05   6.271338e+00  -3.843394e-02   5.528815e-04
8.264000e-03  -9.964775e-01   4.590658e-05   6.271133e+00   1.362447e-03   5.510591e-04
1.454125e-02  -9.964562e-01   4.645728e-05   6.270678e+00   4.115271e-02   5.492150e-04
2.081791e-02  -9.963951e-01   4.700611e-05   6.269972e+00   8.093529e-02   5.473492e-04
2.709374e-02  -9.962941e-01   4.755307e-05   6.269016e+00   1.207086e-01   5.454619e-04
3.336849e-02  -9.961534e-01   4.809813e-05   6.267809e+00   1.604712e-01   5.435530e-04
3.964191e-02  -9.959729e-01   4.864126e-05   6.266352e+00   2.002214e-01   5.416227e-04
4.591374e-02  -9.957526e-01   4.918246e-05   6.264645e+00   2.399578e-01   5.396711e-04
5.218374e-02  -9.954925e-01   4.972169e-05   6.262689e+00   2.796787e-01   5.376981e-04
5.845166e-02  -9.951926e-01   5.025893e-05   6.260482e+00   3.193826e-01   5.357040e-04
6.471724e-02  -9.948531e-01   5.079417e-05   6.258026e+00   3.590681e-01   5.336888e-04
7.098024e-02  -9.944738e-01   5.132738e-05   6.255320e+00   3.987334e-01   5.316526e-04
7.724040e-02  -9.940548e-01   5.185854e-05   6.252365e+00   4.383772e-01   5.295955e-04
8.349748e-02  -9.935962e-01   5.238763e-05   6.249161e+00   4.779978e-01   5.275175e-04
8.975123e-02  -9.930979e-01   5.291463e-05   6.245708e+00   5.175937e-01   5.254188e-04
9.600140e-02  -9.925599e-01   5.343952e-05   6.242007e+00   5.571634e-01   5.232994e-04
1.022477e-01  -9.919824e-01   5.396228e-05   6.238056e+00   5.967054e-01   5.211594e-04
1.084900e-01  -9.913653e-01   5.448288e-05   6.233858e+00   6.362181e-01   5.189989e-04
1.147279e-01  -9.907087e-01   5.500131e-05   6.229412e+00   6.757000e-01   5.168181e-04
1.209613e-01  -9.900126e-01   5.551755e-05   6.224718e+00   7.151495e-01   5.146169e-04
1.271898e-01  -9.892770e-01   5.603158e-05   6.219776e+00   7.545652e-01   5.123955e-04
1.334133e-01  -9.885019e-01   5.654337e-05   6.214587e+00   7.939455e-01   5.101540e-04
1.396315e-01  -9.876875e-01   5.705291e-05   6.209151e+00   8.332889e-01   5.078924e-04
1.458440e-01  -9.868337e-01   5.756017e-05   6.203468e+00   8.725938e-01   5.056109e-04
1.520508e-01  -9.859406e-01   5.806514e-05   6.197539e+00   9.118589e-01   5.033096e-04
1.582515e-01  -9.850081e-01   5.856780e-05   6.191364e+00   9.510824e-01   5.009885e-04
1.644459e-01  -9.840365e-01   5.906812e-05   6.184943e+00   9.902630e-01   4.986477e-04
1.706338e-01  -9.830256e-01   5.956609e-05   6.178276e+00   1.029399e+00   4.962874e-04
1.768149e-01  -9.819756e-01   6.006169e-05   6.171364e+00   1.068489e+00   4.939077e-04
1.829889e-01  -9.808865e-01   6.055489e-05   6.164208e+00   1.107532e+00   4.915085e-04
1.891556e-01  -9.797584e-01   6.104569e-05   6.156806e+00   1.146525e+00   4.890901e-04
1.953148e-01  -9.785912e-01   6.153405e-05   6.149161e+00   1.185469e+00   4.866525e-04
2.014662e-01  -9.773850e-01   6.201997e-05   6.141272e+00   1.224360e+00   4.841959e-04
2.076096e-01  -9.761400e-01   6.250341e-05   6.133139e+00   1.263197e+00   4.817202e-04
2.137448e-01  -9.748561e-01   6.298437e-05   6.124763e+00   1.301980e+00   4.792258e-04
2.198714e-01  -9.735334e-01   6.346283e-05   6.116144e+00   1.340706e+00   4.767125e-04
2.259893e-01  -9.721720e-01   6.393875e-05   6.107284e+00   1.379374e+00   4.741806e-04
2.320982e-01  -9.707719e-01   6.441214e-05   6.098181e+00   1.417983e+00   4.716301e-04
2.381979e-01  -9.693332e-01   6.488296e-05   6.088836e+00   1.456531e+00   4.690611e-04
2.442881e-01  -9.678560e-01   6.535120e-05   6.079251e+00   1.495016e+00   4.664738e-04
2.503686e-01  -9.663402e-01   6.581684e-05   6.069425e+00   1.533438e+00   4.638682e-04
2.564391e-01  -9.647860e-01   6.627986e-05   6.059359e+00   1.571794e+00   4.612445e-04
2.624994e-01  -9.631935e-01   6.674025e-05   6.049053e+00   1.610084e+00   4.586027e-04
2.685493e-01  -9.615626e-01   6.719799e-05   6.038507e+00   1.648305e+00   4.559430e-04
2.745885e-01  -9.598935e-01   6.765305e-05   6.027723e+00   1.686456e+00   4.532655e-04
2.806168e-01  -9.581863e-01   6.810542e-05   6.016701e+00   1.724536e+00   4.505703e-04
2.866340e-01  -9.564410e-01   6.855509e-05   6.005440e+00   1.762544e+00   4.478574e-04
2.926397e-01  -9.546577e-01   6.900204e-05   5.993942e+00   1.800477e+00   4.451270e-04
2.986339e-01  -9.528365e-01   6.944624e-05   5.982207e+00   1.838335e+00   4.423793e-04
3.046161e-01  -9.509774e-01   6.988768e-05   5.970236e+00   1.876116e+00   4.396142e-04
3.105863e-01  -9.490805e-01   7.032635e-05   5.958028e+00   1.913818e+00   4.368320e-04
3.165441e-01  -9.471459e-01   7.076222e-05   5.945586e+00   1.951441e+00   4.340327e-04
3.224894e-01  -9.451737e-01   7.119528e-05   5.932908e+00   1.988982e+00   4.312164e-04
3.284218e-01  -9.431639e-01   7.162551e-05   5.919996e+00   2.026440e+00   4.283833e-04
3.343412e-01  -9.411168e-01   7.205290e-05   5.906850e+00   2.063814e+00   4.255335e-04
3.402473e-01  -9.390322e-01   7.247743e-05   5.893471e+00   2.101103e+00   4.226671e-04
3.461399e-01  -9.369103e-01   7.289908e-05   5.879860e+00   2.138305e+00   4.197841e-04
3.520188e-01  -9.347513e-01   7.331784e-05   5.866016e+00   2.175418e+00   4.168848e-04
3.578837e-01  -9.325551e-01   7.373369e-05   5.851941e+00   2.212441e+00   4.139692e-04
3.637344e-01  -9.303220e-01   7.414661e-05   5.837635e+00   2.249373e+00   4.110375e-04
3.695707e-01  -9.280519e-01   7.455659e-05   5.823098e+00   2.286212e+00   4.080897e-04
3.753923e-01  -9.257450e-01   7.496361e-05   5.808332e+00   2.322957e+00   4.051259e-04
3.811990e-01  -9.234013e-01   7.536765e-05   5.793336e+00   2.359607e+00   4.021464e-04
3.869905e-01  -9.210210e-01   7.576870e-05   5.778112e+00   2.396160e+00   3.991512e-04
3.927668e-01  -9.186042e-01   7.616675e-05   5.762660e+00   2.432614e+00   3.961404e-04
3.985274e-01  -9.161509e-01   7.656178e-05   5.746981e+00   2.468969e+00   3.931141e-04
4.042722e-01  -9.136613e-01   7.695377e-05   5.731075e+00   2.505223e+00   3.900725e-04
4.100010e-01  -9.111355e-01   7.734270e-05   5.714944e+00   2.541375e+00   3.870157e-04
4.157136e-01  -9.085735e-01   7.772857e-05   5.698587e+00   2.577422e+00   3.839438e-04
4.214096e-01  -9.059755e-01   7.811136e-05   5.682005e+00   2.613365e+00   3.808570e-04
4.270889e-01  -9.033415e-01   7.849105e-05   5.665199e+00   2.649201e+00   3.777552e-04
4.327513e-01  -9.006718e-01   7.886763e-05   5.648170e+00   2.684929e+00   3.746388e-04
4.383966e-01  -8.979663e-01   7.924108e-05   5.630919e+00   2.720548e+00   3.715077e-04
4.440245e-01  -8.952252e-01   7.961139e-05   5.613445e+00   2.756056e+00   3.683622e-04
4.496347e-01  -8.924487e-01   7.997854e-05   5.595751e+00   2.791452e+00   3.652023e-04
4.552272e-01  -8.896367e-01   8.034252e-05   5.577836e+00   2.826735e+00   3.620281e-04
4.608016e-01  -8.867895e-01   8.070332e-05   5.559701e+00   2.861904e+00   3.588398e-04
4.663577e-01  -8.839072e-01   8.106092e-05   5.541347e+00   2.896956e+00   3.556376e-04
4.718953e-01  -8.809898e-01   8.141531e-05   5.522775e+00   2.931891e+00   3.524215e-04
4.774143e-01  -8.780376e-01   8.176647e-05   5.503985e+00   2.966708e+00   3.491916e-04
4.829143e-01  -8.750505e-01   8.211439e-05   5.484978e+00   3.001404e+00   3.459481e-04
4.883952e-01  -8.720287e-01   8.245906e-05   5.465756e+00   3.035980e+00   3.426911e-04
4.938568e-01  -8.689724e-01   8.280046e-05   5.446318e+00   3.070433e+00   3.394208e-04
4.992988e-01  -8.658817e-01   8.313858e-05   5.426666e+00   3.104761e+00   3.361372e-04
5.047210e-01  -8.627567e-01   8.347340e-05   5.406799e+00   3.138965e+00   3.328406e-04
5.101232e-01  -8.595975e-01   8.380493e-05   5.386720e+00   3.173043e+00   3.295309e-04
5.155052e-01  -8.564043e-01   8.413313e-05   5.366429e+00   3.206992e+00   3.262084e-04
5.208668e-01  -8.531771e-01   8.445800e-05   5.345927e+00   3.240812e+00   3.228732e-04
5.262078e-01  -8.499162e-01   8.477952e-05   5.325214e+00   3.274503e+00   3.195254e-04
5.315279e-01  -8.466215e-01   8.509769e-05   5.304291e+00   3.308061e+00   3.161651e-04
5.368270e-01  -8.432934e-01   8.541248e-05   5.283160e+00   3.341487e+00   3.127925e-04
5.421048e-01  -8.399319e-01   8.572390e-05   5.261820e+00   3.374778e+00   3.094077e-04
5.473611e-01  -8.365371e-01   8.603192e-05   5.240274e+00   3.407934e+00   3.060108e-04
5.525958e-01  -8.331092e-01   8.633653e-05   5.218521e+00   3.440954e+00   3.026020e-04
5.578086e-01  -8.296483e-01   8.663773e-05   5.196562e+00   3.473835e+00   2.991814e-04
5.629993e-01  -8.261546e-01   8.693549e-05   5.174399e+00   3.506578e+00   2.957491e-04
5.681678e-01  -8.226281e-01   8.722982e-05   5.152032e+00   3.539180e+00   2.923053e-04
5.733137e-01  -8.190691e-01   8.752069e-05   5.129462e+00   3.571640e+00   2.888501e-04
5.784370e-01  -8.154777e-01   8.780810e-05   5.106690e+00   3.603957e+00   2.853836e-04
5.835373e-01  -8.118540e-01   8.809203e-05   5.083717e+00   3.636131e+00   2.819059e-04
5.886146e-01  -8.081982e-01   8.837247e-05   5.060544e+00   3.668159e+00   2.784172e-04
5.936685e-01  -8.045103e-01   8.864942e-05   5.037172e+00   3.700040e+00   2.749177e-04
5.986990e-01  -8.007907e-01   8.892286e-05   5.013601e+00   3.731774e+00   2.714075e-04
6.037058e-01  -7.970393e-01   8.919278e-05   4.989833e+00   3.763359e+00   2.678866e-04
6.086887e-01  -7.932564e-01   8.945917e-05   4.965868e+00   3.794793e+00   2.643553e-04
6.136475e-01  -7.894421e-01   8.972202e-05   4.941707e+00   3.826076e+00   2.608136e-04
6.185820e-01  -7.855966e-01   8.998132e-05   4.917352e+00   3.857207e+00   2.572618e-04
6.234920e-01  -7.817200e-01   9.023706e-05   4.892803e+00   3.888184e+00   2.536999e-04
6.283774e-01  -7.778124e-01   9.048922e-05   4.868062e+00   3.919006e+00   2.501280e-04
6.332379e-01  -7.738741e-01   9.073781e-05   4.843128e+00   3.949673e+00   2.465464e-04
6.380733e-01  -7.699052e-01   9.098281e-05   4.818004e+00   3.980181e+00   2.429552e-04
6.428835e-01  -7.659058e-01   9.122421e-05   4.792690e+00   4.010532e+00   2.393544e-04
6.476683e-01  -7.618761e-01   9.146200e-05   4.767187e+00   4.040723e+00   2.357443e-04
6.524275e-01  -7.578163e-01   9.169617e-05   4.741496e+00   4.070753e+00   2.321249e-04
6.571608e-01  -7.537264e-01   9.192671e-05   4.715618e+00   4.100622e+00   2.284965e-04
6.618681e-01  -7.496068e-01   9.215362e-05   4.689554e+00   4.130327e+00   2.248591e-04
6.665493e-01  -7.454575e-01   9.237688e-05   4.663306e+00   4.159869e+00   2.212129e-04
6.712041e-01  -7.412787e-01   9.259649e-05   4.636873e+00   4.189245e+00   2.175580e-04
6.758323e-01  -7.370706e-01   9.281243e-05   4.610258e+00   4.218455e+00   2.138946e-04
6.804338e-01  -7.328334e-01   9.302471e-05   4.583461e+00   4.247498e+00   2.102228e-04
6.850084e-01  -7.285671e-01   9.323330e-05   4.556483e+00   4.276372e+00   2.065428e-04
6.895559e-01  -7.242721e-01   9.343821e-05   4.529325e+00   4.305076e+00   2.028547e-04
6.940761e-01  -7.199484e-01   9.363942e-05   4.501988e+00   4.333610e+00   1.991585e-04
6.985689e-01  -7.155962e-01   9.383692e-05   4.474474e+00   4.361972e+00   1.954546e-04
7.030340e-01  -7.112157e-01   9.403072e-05   4.446783e+00   4.390160e+00   1.917430e-04
7.074714e-01  -7.068071e-01   9.422079e-05   4.418917e+00   4.418175e+00   1.880238e-04
7.118807e-01  -7.023705e-01   9.440714e-05   4.390876e+00   4.446015e+00   1.842973e-04
7.162619e-01  -6.979061e-01   9.458975e-05   4.362661e+00   4.473679e+00   1.805634e-04
7.206148e-01  -6.934142e-01   9.476863e-05   4.334275e+00   4.501166e+00   1.768225e-04
7.249391e-01  -6.888948e-01   9.494375e-05   4.305717e+00   4.528474e+00   1.730746e-04
7.292348e-01  -6.843482e-01   9.511512e-05   4.276989e+00   4.555603e+00   1.693199e-04
7.335017e-01  -6.797745e-01   9.528273e-05   4.248092e+00   4.582552e+00   1.655585e-04
7.377395e-01  -6.751739e-01   9.544657e-05   4.219027e+00   4.609320e+00   1.617905e-04
7.419482e-01  -6.705466e-01   9.560664e-05   4.189795e+00   4.635905e+00   1.580162e-04
7.461275e-01  -6.658928e-01   9.576292e-05   4.160397e+00   4.662307e+00   1.542356e-04
7.502773e-01  -6.612127e-01   9.591542e-05   4.130835e+00   4.688525e+00   1.504489e-04
7.543974e-01  -6.565064e-01   9.606412e-05   4.101109e+00   4.714557e+00   1.466563e-04
7.584877e-01  -6.517741e-01   9.620902e-05   4.071221e+00   4.740403e+00   1.428578e-04
7.625480e-01  -6.470161e-01   9.635012e-05   4.041172e+00   4.766061e+00   1.390537e-04
7.665782e-01  -6.422324e-01   9.648741e-05   4.010963e+00   4.791531e+00   1.352440e-04
7.705780e-01  -6.374234e-01   9.662088e-05   3.980595e+00   4.816812e+00   1.314290e-04
7.745473e-01  -6.325892e-01   9.675053e-05   3.950070e+00   4.841903e+00   1.276087e-04
7.784860e-01  -6.277299e-01   9.687635e-05   3.919387e+00   4.866802e+00   1.237833e-04
7.823939e-01  -6.228458e-01   9.699834e-05   3.888550e+00   4.891509e+00   1.199531e-04
7.862709e-01  -6.179371e-01   9.711650e-05   3.857558e+00   4.916023e+00   1.161180e-04
7.901168e-01  -6.130039e-01   9.723081e-05   3.826413e+00   4.940343e+00   1.122782e-04
7.939314e-01  -6.080465e-01   9.734128e-05   3.795116e+00   4.964468e+00   1.084340e-04
7.977146e-01  -6.030651e-01   9.744790e-05   3.763669e+00   4.988396e+00   1.045854e-04
8.014663e-01  -5.980597e-01   9.755066e-05   3.732072e+00   5.012128e+00   1.007326e-04
8.051862e-01  -5.930308e-01   9.764957e-05   3.700327e+00   5.035662e+00   9.687574e-05
8.088743e-01  -5.879783e-01   9.774461e-05   3.668435e+00   5.058998e+00   9.301497e-05
8.125304e-01  -5.829027e-01   9.783578e-05   3.636398e+00   5.082134e+00   8.915044e-05
8.161544e-01  -5.778039e-01   9.792309e-05   3.604215e+00   5.105069e+00   8.528229e-05
8.197461e-01  -5.726823e-01   9.800652e-05   3.571889e+00   5.127803e+00   8.141068e-05
8.233053e-01  -5.675380e-01   9.808607e-05   3.539421e+00   5.150334e+00   7.753574e-05
8.268320e-01  -5.623713e-01   9.816174e-05   3.506813e+00   5.172663e+00   7.365763e-05
8.303260e-01  -5.571823e-01   9.823353e-05   3.474064e+00   5.194787e+00   6.977650e-05
8.337871e-01  -5.519713e-01   9.830144e-05   3.441177e+00   5.216707e+00   6.589249e-05
8.372152e-01  -5.467385e-01   9.836545e-05   3.408153e+00   5.238421e+00   6.200576e-05
8.406102e-01  -5.414840e-01   9.842557e-05   3.374993e+00   5.259928e+00   5.811644e-05
8.439720e-01  -5.362081e-01   9.848180e-05   3.341698e+00   5.281228e+00   5.422470e-05
8.473003e-01  -5.309110e-01   9.853413e-05   3.308270e+00   5.302319e+00   5.033068e-05
8.505951e-01  -5.255929e-01   9.858256e-05   3.274710e+00   5.323202e+00   4.643453e-05
8.538563e-01  -5.202539e-01   9.862709e-05   3.241019e+00   5.343875e+00   4.253639e-05
8.570837e-01  -5.148944e-01   9.866772e-05   3.207199e+00   5.364337e+00   3.863642e-05
8.602771e-01  -5.095145e-01   9.870444e-05   3.173250e+00   5.384587e+00   3.473477e-05
8.634365e-01  -5.041144e-01   9.873726e-05   3.139174e+00   5.404625e+00   3.083158e-05
8.665617e-01  -4.986944e-01   9.876617e-05   3.104973e+00   5.424451e+00   2.692700e-05
8.696527e-01  -4.932547e-01   9.879117e-05   3.070647e+00   5.444062e+00   2.302119e-05
8.727092e-01  -4.877954e-01   9.881226e-05   3.036198e+00   5.463459e+00   1.911430e-05
8.757312e-01  -4.823168e-01   9.882943e-05   3.001627e+00   5.482640e+00   1.520647e-05
8.787185e-01  -4.768192e-01   9.884270e-05   2.966936e+00   5.501605e+00   1.129785e-05
8.816710e-01  -4.713026e-01   9.885205e-05   2.932126e+00   5.520354e+00   7.388590e-06
8.845886e-01  -4.657674e-01   9.885749e-05   2.897198e+00   5.538884e+00   3.478846e-06
8.874712e-01  -4.602137e-01   9.885902e-05   2.862153e+00   5.557197e+00  -4.312353e-07
8.903186e-01  -4.546419e-01   9.885663e-05   2.826993e+00   5.575290e+00  -4.341504e-06
8.931308e-01  -4.490520e-01   9.885032e-05   2.791720e+00   5.593164e+00  -8.251811e-06
8.959076e-01  -4.434444e-01   9.884011e-05   2.756334e+00   5.610817e+00  -1.216200e-05
8.986490e-01  -4.378191e-01   9.882598e-05   2.720836e+00   5.628248e+00  -1.607194e-05
9.013548e-01  -4.321766e-01   9.880793e-05   2.685229e+00   5.645458e+00  -1.998146e-05
9.040248e-01  -4.265169e-01   9.878597e-05   2.649514e+00   5.662446e+00  -2.389041e-05
9.066591e-01  -4.208404e-01   9.876010e-05   2.613691e+00   5.679210e+00  -2.779866e-05
9.092574e-01  -4.151471e-01   9.873032e-05   2.577763e+00   5.695750e+00  -3.170604e-05
9.118198e-01  -4.094375e-01   9.869663e-05   2.541731e+00   5.712066e+00  -3.561241e-05
9.143460e-01  -4.037116e-01   9.865902e-05   2.505595e+00   5.728156e+00  -3.951762e-05
9.168360e-01  -3.979697e-01   9.861751e-05   2.469358e+00   5.744020e+00  -4.342151e-05
9.192897e-01  -3.922120e-01   9.857209e-05   2.433021e+00   5.759658e+00  -4.732394e-05
9.217069e-01  -3.864388e-01   9.852277e-05   2.396584e+00   5.775069e+00  -5.122476e-05
9.240876e-01  -3.806503e-01   9.846954e-05   2.360051e+00   5.790252e+00  -5.512382e-05
9.264317e-01  -3.748467e-01   9.841241e-05   2.323421e+00   5.805206e+00  -5.902096e-05
9.287391e-01  -3.690283e-01   9.835138e-05   2.286696e+00   5.819932e+00  -6.291604e-05
9.310097e-01  -3.631952e-01   9.828645e-05   2.249879e+00   5.834428e+00  -6.680891e-05
9.332434e-01  -3.573478e-01   9.821763e-05   2.212969e+00   5.848694e+00  -7.069941e-05
9.354401e-01  -3.514861e-01   9.814491e-05   2.175969e+00   5.862729e+00  -7.458741e-05
9.375997e-01  -3.456106e-01   9.806831e-05   2.138880e+00   5.876532e+00  -7.847273e-05
9.397221e-01  -3.397213e-01   9.798781e-05   2.101703e+00   5.890104e+00  -8.235525e-05
9.418073e-01  -3.338186e-01   9.790343e-05   2.064440e+00   5.903443e+00  -8.623481e-05
9.438551e-01  -3.279026e-01   9.781517e-05   2.027092e+00   5.916549e+00  -9.011125e-05
9.458655e-01  -3.219736e-01   9.772303e-05   1.989661e+00   5.929422e+00  -9.398443e-05
9.478384e-01  -3.160319e-01   9.762701e-05   1.952148e+00   5.942060e+00  -9.785421e-05
9.497737e-01  -3.100776e-01   9.752712e-05   1.914554e+00   5.954464e+00  -1.017204e-04
9.516714e-01  -3.041110e-01   9.742337e-05   1.876881e+00   5.966633e+00  -1.055829e-04
9.535312e-01  -2.981324e-01   9.731575e-05   1.839131e+00   5.978566e+00  -1.094416e-04
9.553533e-01  -2.921419e-01   9.720426e-05   1.801304e+00   5.990263e+00  -1.132962e-04
9.571375e-01  -2.861399e-01   9.708893e-05   1.763403e+00   6.001723e+00  -1.171467e-04
9.588836e-01  -2.801265e-01   9.696974e-05   1.725428e+00   6.012947e+00  -1.209928e-04
9.605918e-01  -2.741019e-01   9.684670e-05   1.687381e+00   6.023932e+00  -1.248346e-04
9.622618e-01  -2.680665e-01   9.671982e-05   1.649264e+00   6.034680e+00  -1.286717e-04
9.638936e-01  -2.620205e-01   9.658910e-05   1.611078e+00   6.045189e+00  -1.325040e-04
9.654872e-01  -2.559641e-01   9.645454e-05   1.572824e+00   6.055459e+00  -1.363315e-04
9.670424e-01  -2.498975e-01   9.631616e-05   1.534504e+00   6.065489e+00  -1.401539e-04
9.685592e-01  -2.438209e-01   9.617396e-05   1.496120e+00   6.075280e+00  -1.439711e-04
9.700376e-01  -2.377347e-01   9.602793e-05   1.457673e+00   6.084831e+00  -1.477830e-04
9.714775e-01  -2.316391e-01   9.587809e-05   1.419164e+00   6.094140e+00  -1.515893e-04
9.728788e-01  -2.255343e-01   9.572445e-05   1.380594e+00   6.103209e+00  -1.553901e-04
9.742415e-01  -2.194205e-01   9.556700e-05   1.341966e+00   6.112036e+00  -1.591850e-04
9.755654e-01  -2.132979e-01   9.540576e-05   1.303281e+00   6.120622e+00  -1.629740e-04
9.768506e-01  -2.071670e-01   9.524073e-05   1.264540e+00   6.128965e+00  -1.667569e-04
9.780970e-01  -2.010277e-01   9.507191e-05   1.225745e+00   6.137065e+00  -1.705336e-04
9.793046e-01  -1.948805e-01   9.489932e-05   1.186897e+00   6.144923e+00  -1.743039e-04
9.804732e-01  -1.887256e-01   9.472296e-05   1.147998e+00   6.152537e+00  -1.780677e-04
9.816029e-01  -1.825632e-01   9.454283e-05   1.109049e+00   6.159907e+00  -1.818248e-04
9.826935e-01  -1.763935e-01   9.435894e-05   1.070052e+00   6.167034e+00  -1.855751e-04
9.837451e-01  -1.702167e-01   9.417131e-05   1.031007e+00   6.173916e+00  -1.893184e-04
9.847576e-01  -1.640333e-01   9.397993e-05   9.919181e-01   6.180553e+00  -1.930546e-04
9.857309e-01  -1.578433e-01   9.378481e-05   9.527848e-01   6.186945e+00  -1.967835e-04
9.866651e-01  -1.516470e-01   9.358597e-05   9.136093e-01   6.193092e+00  -2.005051e-04
9.875600e-01  -1.454447e-01   9.338340e-05   8.743930e-01   6.198994e+00  -2.042190e-04
9.884156e-01  -1.392366e-01   9.317712e-05   8.351374e-01   6.204649e+00  -2.079253e-04
9.892319e-01  -1.330230e-01   9.296713e-05   7.958441e-01   6.210059e+00  -2.116238e-04
9.900089e-01  -1.268040e-01   9.275345e-05   7.565145e-01   6.215222e+00  -2.153142e-04
9.907465e-01  -1.205801e-01   9.253607e-05   7.171501e-01   6.220138e+00  -2.189966e-04
9.914446e-01  -1.143513e-01   9.231502e-05   6.777526e-01   6.224808e+00  -2.226706e-04
9.921033e-01  -1.081180e-01   9.209029e-05   6.383233e-01   6.229230e+00  -2.263363e-04
9.927226e-01  -1.018804e-01   9.186189e-05   5.988638e-01   6.233405e+00  -2.299933e-04
9.933023e-01  -9.563870e-02   9.162984e-05   5.593757e-01   6.237332e+00  -2.336417e-04
9.938424e-01  -8.939322e-02   9.139414e-05   5.198604e-01   6.241012e+00  -2.372812e-04
9.943430e-01  -8.314419e-02   9.115480e-05   4.803195e-01   6.244443e+00  -2.409117e-04
9.948040e-01  -7.689184e-02   9.091183e-05   4.407545e-01   6.247626e+00  -2.445331e-04
9.952254e-01  -7.063643e-02   9.066525e-05   4.011670e-01   6.250561e+00  -2.481452e-04
9.956072e-01  -6.437820e-02   9.041505e-05   3.615585e-01   6.253247e+00  -2.517479e-04
9.959493e-01  -5.811741e-02   9.016125e-05   3.219304e-01   6.255684e+00  -2.553410e-04
9.962517e-01  -5.185431e-02   8.990385e-05   2.822844e-01   6.257873e+00  -2.589244e-04
9.965144e-01  -4.558914e-02   8.964288e-05   2.426220e-01   6.259812e+00  -2.624980e-04
9.967374e-01  -3.932215e-02   8.937833e-05   2.029446e-01   6.261503e+00  -2.660615e-04
9.969207e-01  -3.305360e-02   8.911022e-05   1.632540e-01   6.262943e+00  -2.696150e-04
9.970642e-01  -2.678373e-02   8.883856e-05   1.235515e-01   6.264135e+00  -2.731581e-04
9.971680e-01  -2.051279e-02   8.856336e-05   8.383873e-02   6.265077e+00  -2.766909e-04
9.972321e-01  -1.424103e-02   8.828463e-05   4.411725e-02   6.265769e+00  -2.802131e-04
9.972564e-01  -7.968705e-03   8.800237e-05   4.388582e-03   6.266211e+00  -2.837246e-04
9.972409e-01  -1.696063e-03   8.771661e-05  -3.534572e-02   6.266404e+00  -2.872252e-04
9.971856e-01   4.576648e-03   8.742735e-05  -7.508412e-02   6.266346e+00  -2.907149e-04
9.970906e-01   1.084918e-02   8.713460e-05  -1.148251e-01   6.266039e+00  -2.941935e-04
9.969557e-01   1.712127e-02   8.683837e-05  -1.545670e-01   6.265482e+00  -2.976609e-04
9.967811e-01   2.339268e-02   8.653868e-05  -1.943084e-01   6.264674e+00  -3.011168e-04
9.965667e-01   2.966316e-02   8.623553e-05  -2.340477e-01   6.263616e+00  -3.045612e-04
9.963125e-01   3.593245e-02   8.592895e-05  -2.737834e-01   6.262308e+00  -3.079940e-04
9.960186e-01   4.220031e-02   8.561893e-05  -3.135138e-01   6.260750e+00  -3.114149e-04
9.956849e-01   4.846649e-02   8.530549e-05  -3.532376e-01   6.258942e+00  -3.148239e-04
9.953114e-01   5.473073e-02   8.498865e-05  -3.929530e-01   6.256883e+00  -3.182209e-04
9.948982e-01   6.099278e-02   8.466842e-05  -4.326585e-01   6.254575e+00  -3.216056e-04
9.944452e-01   6.725240e-02   8.434480e-05  -4.723527e-01   6.252016e+00  -3.249780e-04
9.939525e-01   7.350933e-02   8.401781e-05  -5.120339e-01   6.249207e+00  -3.283379e-04
9.934201e-01   7.976332e-02   8.368746e-05  -5.517006e-01   6.246147e+00  -3.316852e-04
9.928480e-01   8.601413e-02   8.335377e-05  -5.913512e-01   6.242838e+00  -3.350197e-04
9.922363e-01   9.226150e-02   8.301675e-05  -6.309842e-01   6.239279e+00  -3.383414e-04
9.915848e-01   9.850518e-02   8.267641e-05  -6.705980e-01   6.235469e+00  -3.416500e-04
9.908937e-01   1.047449e-01   8.233277e-05  -7.101910e-01   6.231410e+00  -3.449455e-04
9.901630e-01   1.109805e-01   8.198583e-05  -7.497618e-01   6.227101e+00  -3.482277e-04
9.893927e-01   1.172116e-01   8.163562e-05  -7.893088e-01   6.222542e+00  -3.514965e-04
9.885828e-01   1.234380e-01   8.128214e-05  -8.288303e-01   6.217734e+00  -3.547517e-04
9.877334e-01   1.296595e-01   8.092540e-05  -8.683249e-01   6.212676e+00  -3.579933e-04
9.868444e-01   1.358758e-01   8.056543e-05  -9.077909e-01   6.207369e+00  -3.612210e-04
9.859160e-01   1.420867e-01   8.020224e-05  -9.472269e-01   6.201812e+00  -3.644348e-04
9.849481e-01   1.482918e-01   7.983583e-05  -9.866313e-01   6.196007e+00  -3.676345e-04
9.839407e-01   1.544911e-01   7.946623e-05  -1.026002e+00   6.189952e+00  -3.708200e-04
9.828940e-01   1.606841e-01   7.909345e-05  -1.065339e+00   6.183648e+00  -3.739912e-04
9.818079e-01   1.668708e-01   7.871750e-05  -1.104639e+00   6.177096e+00  -3.771479e-04
9.806825e-01   1.730507e-01   7.833840e-05  -1.143901e+00   6.170296e+00  -3.802900e-04
9.795178e-01   1.792237e-01   7.795616e-05  -1.183124e+00   6.163247e+00  -3.834174e-04
9.783139e-01   1.853895e-01   7.757080e-05  -1.222306e+00   6.155950e+00  -3.865299e-04
9.770708e-01   1.915479e-01   7.718233e-05  -1.261446e+00   6.148405e+00  -3.896275e-04
9.757885e-01   1.976987e-01   7.679076e-05  -1.300541e+00   6.140612e+00  -3.927100e-04
9.744671e-01   2.038415e-01   7.639612e-05  -1.339591e+00   6.132572e+00  -3.957772e-04
9.731066e-01   2.099761e-01   7.599842e-05  -1.378594e+00   6.124285e+00  -3.988291e-04
9.717071e-01   2.161023e-01   7.559766e-05  -1.417547e+00   6.115751e+00  -4.018655e-04
9.702687e-01   2.222198e-01   7.519388e-05  -1.456451e+00   6.106970e+00  -4.048864e-04
9.687913e-01   2.283284e-01   7.478708e-05  -1.495303e+00   6.097943e+00  -4.078914e-04
9.672751e-01   2.344279e-01   7.437728e-05  -1.534101e+00   6.088669e+00  -4.108807e-04
9.657200e-01   2.405180e-01   7.396450e-05  -1.572845e+00   6.079150e+00  -4.138539e-04
9.641263e-01   2.465984e-01   7.354874e-05  -1.611532e+00   6.069384e+00  -4.168111e-04
9.624938e-01   2.526689e-01   7.313004e-05  -1.650161e+00   6.059374e+00  -4.197520e-04
9.608226e-01   2.587293e-01   7.270840e-05  -1.688731e+00   6.049119e+00  -4.226766e-04
9.591129e-01   2.647792e-01   7.228384e-05  -1.727239e+00   6.038618e+00  -4.255847e-04
9.573647e-01   2.708186e-01   7.185638e-05  -1.765685e+00   6.027874e+00  -4.284763e-04
9.555780e-01   2.768471e-01   7.142603e-05  -1.804067e+00   6.016886e+00  -4.313511e-04
9.537529e-01   2.828644e-01   7.099281e-05  -1.842383e+00   6.005653e+00  -4.342092e-04
9.518896e-01   2.888704e-01   7.055674e-05  -1.880631e+00   5.994178e+00  -4.370503e-04
9.499879e-01   2.948648e-01   7.011784e-05  -1.918811e+00   5.982459e+00  -4.398743e-04
9.480481e-01   3.008473e-01   6.967611e-05  -1.956921e+00   5.970498e+00  -4.426811e-04
9.460702e-01   3.068177e-01   6.923159e-05  -1.994959e+00   5.958295e+00  -4.454707e-04
9.440542e-01   3.127758e-01   6.878428e-05  -2.032923e+00   5.945850e+00  -4.482428e-04
9.420002e-01   3.187213e-01   6.833421e-05  -2.070813e+00   5.933164e+00  -4.509974e-04
9.399084e-01   3.246540e-01   6.788138e-05  -2.108626e+00   5.920237e+00  -4.537344e-04
9.377788e-01   3.305736e-01   6.742583e-05  -2.146361e+00   5.907069e+00  -4.564536e-04
9.356114e-01   3.364800e-01   6.696756e-05  -2.184017e+00   5.893661e+00  -4.591550e-04
9.334064e-01   3.423728e-01   6.650660e-05  -2.221591e+00   5.880013e+00  -4.618383e-04
