Method       t0       tn       N         h
Verlet  0.0e+00  1.0e+00      10 1.111e-01

x  -  y  -  z  -  vx  -  vy  -  vz
9.641328e-01   2.465761e-01   7.355033e-05  -1.611386e+00   6.069418e+00  -4.167998e-04
5.466948e-01   8.599865e-01   9.052911e-06  -4.890001e+00   3.738318e+00  -5.992395e-04
-1.225341e-01   1.077314e+00  -5.961400e-05  -5.812224e+00   1.022855e-01  -5.154286e-04
-7.449106e-01   8.827166e-01  -1.054868e-04  -4.541114e+00  -3.007794e+00  -2.627095e-04
-1.131670e+00   4.089149e-01  -1.179939e-04  -2.056203e+00  -4.778990e+00   3.597600e-05
-1.201845e+00  -1.792812e-01  -9.749211e-05   8.375415e-01  -5.074615e+00   3.036882e-04
-9.455502e-01  -7.187774e-01  -5.050762e-05   3.544354e+00  -3.914602e+00   4.889738e-04
-4.142104e-01  -1.049193e+00   1.116872e-05   5.415031e+00  -1.370421e+00   5.380197e-04
2.577901e-01  -1.023315e+00   6.905231e-05   5.566897e+00   2.142685e+00   3.920817e-04
8.228778e-01  -5.730406e-01   9.829798e-05   3.295813e+00   5.298988e+00   4.938698e-05
