Top row: Eigenvealues.
Corresponding eigenvectors in columns below each eigenvalue.
6984.54       1083.13       2204.57       1728.01       10641.3       204.672       3437.23        8094.7       4189.66       536.516       836.289       5031.88       2775.16       5963.57       9295.39       1352.49
   2.28154e-10  -4.40967e-10   3.21174e-10   4.28835e-10   2.25959e-09  -7.78555e-08   1.42408e-06  -2.36561e-05   0.000344696   -0.00422493     0.0406846     -0.271993      0.927538      0.251001     0.0317969    0.00255723
     -0.300289      0.524857     -0.536361     0.0826738      0.506288      0.278184     0.0770188      0.013601    0.00170002   0.000159847   1.17793e-05   7.00551e-07   3.58271e-08   1.78548e-09   4.84718e-11    4.9308e-11
   0.000294878   -0.00165974    0.00879144    -0.0424129      0.171218     -0.499952      0.720503      0.433699      0.106681     0.0158631    0.00163994   0.000126937   7.71136e-06   3.79986e-07   1.52827e-08   1.58948e-09
    0.00563312    -0.0224157     0.0801176     -0.247109      0.561176     -0.605134     -0.479731      -0.14184     -0.024694   -0.00294354  -0.000259781  -1.78248e-05  -9.83946e-07   -4.4845e-08  -1.72722e-09  -5.76547e-11
  -6.02721e-10   -1.8519e-10   6.07679e-10   7.26147e-10   5.69898e-10  -4.37667e-10   8.16658e-10   5.23396e-11   1.13068e-08  -2.77348e-07    6.1829e-06  -0.000119909     0.0019379    -0.0244446      0.213936      -0.97654
     -0.529764     -0.684345     -0.459511     -0.191916    -0.0540322    -0.0108335   -0.00161365   -0.00018469  -1.67014e-05  -1.22109e-06  -7.46829e-08  -4.05402e-09  -1.91104e-10  -1.49068e-10   1.49466e-10    3.6336e-11
   2.95824e-07  -2.94971e-06   2.83842e-05  -0.000260403    0.00218745    -0.0159988      0.094587     -0.396136      0.839493      0.353179     0.0657771    0.00761958   0.000625093    3.8965e-05   1.93031e-06   7.83256e-08
   -5.0897e-11  -6.28887e-11  -5.99824e-11  -8.58558e-12  -4.42329e-11   1.79496e-09  -4.05028e-08   8.18957e-07  -1.50236e-05   0.000241904   -0.00326347     0.0344508     -0.251711      0.938162      0.233575     0.0271828
   5.60647e-09   8.14115e-08  -9.88826e-07   1.15228e-05  -0.000127195    0.00126502    -0.0108183     0.0740383     -0.356525      0.872437      0.321325     0.0534946     0.0055876   0.000415865   2.36308e-05   1.06937e-06
      0.593229     0.0851538      -0.56791     -0.516022     -0.220378     -0.057873    -0.0104315   -0.00137652  -0.000138949  -1.11024e-05  -7.23107e-07  -3.96407e-08  -1.89869e-09  -1.12225e-10   2.53899e-10  -1.17437e-09
      0.522488     -0.466965     -0.176958      0.516263      0.430107      0.157652     0.0351163    0.00537854   0.000606949   5.28061e-05   3.66348e-06   2.06489e-07    9.6556e-09   3.27146e-10   1.99435e-10   2.94385e-10
  -1.82069e-09  -1.43991e-09   2.62732e-08  -3.80388e-07   5.27885e-06  -6.80144e-05    0.00078141   -0.00764843     0.0594559      -0.32346      0.896236      0.294209     0.0443162    0.00421636   0.000287248   1.49706e-05
  -1.08287e-05    8.2326e-05  -0.000602404    0.00412697    -0.0250614       0.12474     -0.443707      0.792097      0.390573      0.082679      0.010759   0.000983766   6.79011e-05   3.70267e-06   1.63929e-07   5.94281e-09
   1.06354e-09  -7.89501e-10  -9.42224e-10   1.03498e-08  -1.63865e-07   2.64912e-06  -3.90062e-05    0.00050829   -0.00560283     0.0487564     -0.295635      0.913973      0.271003     0.0372901    0.00325835   0.000204069
   4.55577e-11  -2.61184e-10   -1.1079e-10   9.25948e-11   9.05782e-11   -1.3666e-11  -5.64903e-10   2.10482e-08  -4.88038e-07   9.88196e-06  -0.000174497    0.00257021    -0.0295261      0.234189     -0.947973     -0.213599
     0.0650437     -0.174309      0.375278     -0.600539        0.4029      0.512188      0.193694     0.0410888    0.00582046   0.000600185   4.74983e-05    2.9911e-06   1.55235e-07    6.9605e-09   2.92597e-10  -2.20472e-11
