Method       t0       tn       N         h
 Euler        0        1    1000     0.001

x  -  y  -  z  .........
  -2.883410e-06  -8.199914e-07   4.847779e-11   9.607842e-01   2.732302e-01  -1.615334e-05
  -2.877831e-06  -8.380461e-07   4.996043e-11   9.589253e-01   2.792463e-01  -1.664737e-05
  -2.872138e-06  -8.560676e-07   5.144108e-11   9.570283e-01   2.852512e-01  -1.714074e-05
  -2.866331e-06  -8.740550e-07   5.291969e-11   9.550933e-01   2.912448e-01  -1.763343e-05
  -2.860410e-06  -8.920077e-07   5.439619e-11   9.531204e-01   2.972269e-01  -1.812541e-05
  -2.854375e-06  -9.099248e-07   5.587053e-11   9.511095e-01   3.031971e-01  -1.861668e-05
  -2.848227e-06  -9.278058e-07   5.734264e-11   9.490607e-01   3.091552e-01  -1.910720e-05
  -2.841965e-06  -9.456498e-07   5.881247e-11   9.469742e-01   3.151010e-01  -1.959697e-05
  -2.835590e-06  -9.634562e-07   6.027996e-11   9.448499e-01   3.210343e-01  -2.008595e-05
  -2.829101e-06  -9.812242e-07   6.174505e-11   9.426880e-01   3.269548e-01  -2.057414e-05
  -2.822501e-06  -9.989530e-07   6.320767e-11   9.404885e-01   3.328622e-01  -2.106150e-05
  -2.815787e-06  -1.016642e-06   6.466778e-11   9.382515e-01   3.387564e-01  -2.154802e-05
  -2.808961e-06  -1.034290e-06   6.612530e-11   9.359771e-01   3.446371e-01  -2.203368e-05
  -2.802023e-06  -1.051898e-06   6.758018e-11   9.336653e-01   3.505040e-01  -2.251847e-05
  -2.794973e-06  -1.069463e-06   6.903237e-11   9.313162e-01   3.563569e-01  -2.300235e-05
  -2.787812e-06  -1.086985e-06   7.048180e-11   9.289299e-01   3.621955e-01  -2.348532e-05
  -2.780539e-06  -1.104464e-06   7.192841e-11   9.265065e-01   3.680197e-01  -2.396734e-05
  -2.773155e-06  -1.121899e-06   7.337214e-11   9.240460e-01   3.738292e-01  -2.444841e-05
  -2.765660e-06  -1.139289e-06   7.481294e-11   9.215486e-01   3.796237e-01  -2.492850e-05
  -2.758054e-06  -1.156633e-06   7.625074e-11   9.190142e-01   3.854030e-01  -2.540759e-05
  -2.750338e-06  -1.173931e-06   7.768550e-11   9.164431e-01   3.911669e-01  -2.588567e-05
  -2.742512e-06  -1.191182e-06   7.911714e-11   9.138353e-01   3.969151e-01  -2.636271e-05
  -2.734575e-06  -1.208386e-06   8.054561e-11   9.111909e-01   4.026475e-01  -2.683869e-05
  -2.726530e-06  -1.225540e-06   8.197085e-11   9.085099e-01   4.083637e-01  -2.731360e-05
  -2.718374e-06  -1.242646e-06   8.339280e-11   9.057925e-01   4.140635e-01  -2.778741e-05
  -2.710110e-06  -1.259702e-06   8.481141e-11   9.030387e-01   4.197466e-01  -2.826010e-05
  -2.701737e-06  -1.276707e-06   8.622661e-11   9.002487e-01   4.254130e-01  -2.873166e-05
  -2.693255e-06  -1.293661e-06   8.763835e-11   8.974226e-01   4.310622e-01  -2.920207e-05
  -2.684666e-06  -1.310563e-06   8.904657e-11   8.945604e-01   4.366942e-01  -2.967131e-05
  -2.675968e-06  -1.327412e-06   9.045121e-11   8.916622e-01   4.423086e-01  -3.013935e-05
  -2.667163e-06  -1.344208e-06   9.185221e-11   8.887282e-01   4.479052e-01  -3.060618e-05
  -2.658250e-06  -1.360950e-06   9.324952e-11   8.857585e-01   4.534837e-01  -3.107178e-05
  -2.649231e-06  -1.377637e-06   9.464308e-11   8.827531e-01   4.590441e-01  -3.153612e-05
  -2.640104e-06  -1.394269e-06   9.603282e-11   8.797121e-01   4.645859e-01  -3.199920e-05
  -2.630872e-06  -1.410845e-06   9.741870e-11   8.766357e-01   4.701091e-01  -3.246099e-05
  -2.621533e-06  -1.427363e-06   9.880065e-11   8.735240e-01   4.756133e-01  -3.292147e-05
  -2.612089e-06  -1.443824e-06   1.001786e-10   8.703771e-01   4.810983e-01  -3.338063e-05
  -2.602540e-06  -1.460227e-06   1.015526e-10   8.671951e-01   4.865639e-01  -3.383844e-05
  -2.592885e-06  -1.476571e-06   1.029224e-10   8.639781e-01   4.920099e-01  -3.429488e-05
  -2.583126e-06  -1.492855e-06   1.042881e-10   8.607262e-01   4.974360e-01  -3.474994e-05
  -2.573262e-06  -1.509080e-06   1.056495e-10   8.574395e-01   5.028421e-01  -3.520359e-05
  -2.563295e-06  -1.525243e-06   1.070067e-10   8.541183e-01   5.082278e-01  -3.565583e-05
  -2.553224e-06  -1.541344e-06   1.083596e-10   8.507625e-01   5.135930e-01  -3.610662e-05
  -2.543049e-06  -1.557383e-06   1.097081e-10   8.473723e-01   5.189374e-01  -3.655595e-05
  -2.532772e-06  -1.573359e-06   1.110521e-10   8.439478e-01   5.242608e-01  -3.700381e-05
  -2.522392e-06  -1.589272e-06   1.123917e-10   8.404892e-01   5.295630e-01  -3.745016e-05
  -2.511911e-06  -1.605120e-06   1.137267e-10   8.369965e-01   5.348438e-01  -3.789500e-05
  -2.501327e-06  -1.620903e-06   1.150571e-10   8.334700e-01   5.401029e-01  -3.833831e-05
  -2.490642e-06  -1.636621e-06   1.163829e-10   8.299096e-01   5.453402e-01  -3.878006e-05
  -2.479856e-06  -1.652272e-06   1.177039e-10   8.263157e-01   5.505553e-01  -3.922024e-05
  -2.468970e-06  -1.667856e-06   1.190201e-10   8.226882e-01   5.557481e-01  -3.965883e-05
  -2.457983e-06  -1.683372e-06   1.203316e-10   8.190274e-01   5.609184e-01  -4.009581e-05
  -2.446897e-06  -1.698820e-06   1.216381e-10   8.153333e-01   5.660658e-01  -4.053116e-05
  -2.435711e-06  -1.714200e-06   1.229397e-10   8.116061e-01   5.711904e-01  -4.096487e-05
  -2.424427e-06  -1.729509e-06   1.242363e-10   8.078459e-01   5.762917e-01  -4.139692e-05
  -2.413044e-06  -1.744748e-06   1.255279e-10   8.040529e-01   5.813695e-01  -4.182728e-05
  -2.401562e-06  -1.759917e-06   1.268143e-10   8.002273e-01   5.864238e-01  -4.225594e-05
  -2.389984e-06  -1.775013e-06   1.280956e-10   7.963691e-01   5.914542e-01  -4.268288e-05
  -2.378307e-06  -1.790038e-06   1.293717e-10   7.924784e-01   5.964605e-01  -4.310809e-05
  -2.366534e-06  -1.804990e-06   1.306425e-10   7.885555e-01   6.014426e-01  -4.353154e-05
  -2.354665e-06  -1.819868e-06   1.319080e-10   7.846006e-01   6.064001e-01  -4.395322e-05
  -2.342700e-06  -1.834672e-06   1.331681e-10   7.806136e-01   6.113330e-01  -4.437310e-05
  -2.330639e-06  -1.849401e-06   1.344228e-10   7.765948e-01   6.162410e-01  -4.479118e-05
  -2.318483e-06  -1.864055e-06   1.356721e-10   7.725444e-01   6.211238e-01  -4.520744e-05
  -2.306233e-06  -1.878633e-06   1.369157e-10   7.684624e-01   6.259813e-01  -4.562185e-05
  -2.293889e-06  -1.893134e-06   1.381538e-10   7.643491e-01   6.308132e-01  -4.603439e-05
  -2.281451e-06  -1.907558e-06   1.393863e-10   7.602046e-01   6.356194e-01  -4.644506e-05
  -2.268919e-06  -1.921904e-06   1.406131e-10   7.560291e-01   6.403996e-01  -4.685383e-05
  -2.256295e-06  -1.936171e-06   1.418341e-10   7.518226e-01   6.451537e-01  -4.726069e-05
  -2.243579e-06  -1.950359e-06   1.430493e-10   7.475855e-01   6.498814e-01  -4.766561e-05
  -2.230771e-06  -1.964468e-06   1.442587e-10   7.433177e-01   6.545825e-01  -4.806859e-05
  -2.217872e-06  -1.978496e-06   1.454621e-10   7.390196e-01   6.592568e-01  -4.846960e-05
  -2.204882e-06  -1.992443e-06   1.466597e-10   7.346912e-01   6.639042e-01  -4.886863e-05
  -2.191802e-06  -2.006309e-06   1.478512e-10   7.303327e-01   6.685244e-01  -4.926565e-05
  -2.178632e-06  -2.020092e-06   1.490366e-10   7.259443e-01   6.731172e-01  -4.966066e-05
  -2.165373e-06  -2.033793e-06   1.502160e-10   7.215262e-01   6.776824e-01  -5.005363e-05
  -2.152025e-06  -2.047410e-06   1.513892e-10   7.170785e-01   6.822198e-01  -5.044455e-05
  -2.138588e-06  -2.060944e-06   1.525562e-10   7.126013e-01   6.867293e-01  -5.083341e-05
  -2.125064e-06  -2.074392e-06   1.537169e-10   7.080950e-01   6.912106e-01  -5.122017e-05
  -2.111453e-06  -2.087756e-06   1.548713e-10   7.035596e-01   6.956635e-01  -5.160484e-05
  -2.097755e-06  -2.101034e-06   1.560194e-10   6.989953e-01   7.000878e-01  -5.198738e-05
  -2.083971e-06  -2.114226e-06   1.571610e-10   6.944023e-01   7.044834e-01  -5.236779e-05
  -2.070101e-06  -2.127330e-06   1.582962e-10   6.897807e-01   7.088501e-01  -5.274605e-05
  -2.056146e-06  -2.140348e-06   1.594249e-10   6.851308e-01   7.131876e-01  -5.312214e-05
  -2.042107e-06  -2.153277e-06   1.605470e-10   6.804527e-01   7.174958e-01  -5.349605e-05
  -2.027984e-06  -2.166118e-06   1.616625e-10   6.757467e-01   7.217745e-01  -5.386775e-05
  -2.013777e-06  -2.178869e-06   1.627714e-10   6.710128e-01   7.260234e-01  -5.423724e-05
  -1.999487e-06  -2.191531e-06   1.638736e-10   6.662513e-01   7.302425e-01  -5.460450e-05
  -1.985115e-06  -2.204103e-06   1.649690e-10   6.614623e-01   7.344315e-01  -5.496950e-05
  -1.970661e-06  -2.216583e-06   1.660576e-10   6.566461e-01   7.385902e-01  -5.533224e-05
  -1.956126e-06  -2.228973e-06   1.671394e-10   6.518028e-01   7.427185e-01  -5.569270e-05
  -1.941510e-06  -2.241270e-06   1.682143e-10   6.469327e-01   7.468161e-01  -5.605086e-05
  -1.926814e-06  -2.253475e-06   1.692822e-10   6.420358e-01   7.508830e-01  -5.640671e-05
  -1.912039e-06  -2.265587e-06   1.703432e-10   6.371125e-01   7.549188e-01  -5.676024e-05
  -1.897184e-06  -2.277606e-06   1.713971e-10   6.321628e-01   7.589235e-01  -5.711142e-05
  -1.882251e-06  -2.289530e-06   1.724439e-10   6.271871e-01   7.628968e-01  -5.746024e-05
  -1.867241e-06  -2.301360e-06   1.734837e-10   6.221854e-01   7.668386e-01  -5.780668e-05
  -1.852153e-06  -2.313094e-06   1.745162e-10   6.171580e-01   7.707487e-01  -5.815074e-05
  -1.836989e-06  -2.324733e-06   1.755415e-10   6.121051e-01   7.746270e-01  -5.849239e-05
  -1.821748e-06  -2.336276e-06   1.765596e-10   6.070268e-01   7.784731e-01  -5.883162e-05
  -1.806433e-06  -2.347722e-06   1.775704e-10   6.019235e-01   7.822871e-01  -5.916841e-05
  -1.791042e-06  -2.359071e-06   1.785738e-10   5.967952e-01   7.860687e-01  -5.950276e-05
  -1.775578e-06  -2.370322e-06   1.795698e-10   5.916422e-01   7.898177e-01  -5.983464e-05
  -1.760039e-06  -2.381475e-06   1.805583e-10   5.864646e-01   7.935340e-01  -6.016405e-05
  -1.744428e-06  -2.392530e-06   1.815394e-10   5.812628e-01   7.972174e-01  -6.049095e-05
  -1.728745e-06  -2.403485e-06   1.825130e-10   5.760369e-01   8.008678e-01  -6.081536e-05
  -1.712989e-06  -2.414340e-06   1.834790e-10   5.707870e-01   8.044849e-01  -6.113723e-05
  -1.697163e-06  -2.425095e-06   1.844374e-10   5.655135e-01   8.080686e-01  -6.145657e-05
  -1.681266e-06  -2.435750e-06   1.853881e-10   5.602165e-01   8.116188e-01  -6.177336e-05
  -1.665299e-06  -2.446303e-06   1.863311e-10   5.548963e-01   8.151353e-01  -6.208759e-05
  -1.649264e-06  -2.456755e-06   1.872664e-10   5.495530e-01   8.186179e-01  -6.239923e-05
  -1.633159e-06  -2.467104e-06   1.881939e-10   5.441868e-01   8.220665e-01  -6.270828e-05
  -1.616987e-06  -2.477351e-06   1.891135e-10   5.387980e-01   8.254809e-01  -6.301473e-05
  -1.600747e-06  -2.487495e-06   1.900253e-10   5.333868e-01   8.288610e-01  -6.331855e-05
  -1.584441e-06  -2.497536e-06   1.909292e-10   5.279534e-01   8.322066e-01  -6.361974e-05
  -1.568069e-06  -2.507472e-06   1.918252e-10   5.224981e-01   8.355175e-01  -6.391828e-05
  -1.551632e-06  -2.517304e-06   1.927131e-10   5.170210e-01   8.387937e-01  -6.421416e-05
  -1.535130e-06  -2.527031e-06   1.935931e-10   5.115223e-01   8.420349e-01  -6.450736e-05
  -1.518564e-06  -2.536653e-06   1.944649e-10   5.060023e-01   8.452411e-01  -6.479787e-05
  -1.501935e-06  -2.546170e-06   1.953287e-10   5.004613e-01   8.484120e-01  -6.508569e-05
  -1.485243e-06  -2.555580e-06   1.961843e-10   4.948993e-01   8.515475e-01  -6.537079e-05
  -1.468489e-06  -2.564883e-06   1.970317e-10   4.893168e-01   8.546475e-01  -6.565316e-05
  -1.451674e-06  -2.574079e-06   1.978709e-10   4.837138e-01   8.577118e-01  -6.593279e-05
  -1.434798e-06  -2.583168e-06   1.987019e-10   4.780906e-01   8.607403e-01  -6.620967e-05
  -1.417862e-06  -2.592149e-06   1.995245e-10   4.724474e-01   8.637328e-01  -6.648379e-05
  -1.400867e-06  -2.601022e-06   2.003388e-10   4.667845e-01   8.666893e-01  -6.675512e-05
  -1.383814e-06  -2.609786e-06   2.011448e-10   4.611021e-01   8.696096e-01  -6.702367e-05
  -1.366702e-06  -2.618441e-06   2.019423e-10   4.554004e-01   8.724935e-01  -6.728941e-05
  -1.349534e-06  -2.626986e-06   2.027314e-10   4.496796e-01   8.753409e-01  -6.755235e-05
  -1.332309e-06  -2.635421e-06   2.035120e-10   4.439401e-01   8.781516e-01  -6.781245e-05
  -1.315028e-06  -2.643746e-06   2.042841e-10   4.381819e-01   8.809257e-01  -6.806971e-05
  -1.297692e-06  -2.651961e-06   2.050476e-10   4.324055e-01   8.836628e-01  -6.832413e-05
  -1.280302e-06  -2.660064e-06   2.058025e-10   4.266109e-01   8.863629e-01  -6.857568e-05
  -1.262858e-06  -2.668056e-06   2.065488e-10   4.207984e-01   8.890259e-01  -6.882436e-05
  -1.245362e-06  -2.675936e-06   2.072865e-10   4.149683e-01   8.916516e-01  -6.907016e-05
  -1.227813e-06  -2.683704e-06   2.080154e-10   4.091208e-01   8.942399e-01  -6.931306e-05
  -1.210212e-06  -2.691359e-06   2.087357e-10   4.032561e-01   8.967907e-01  -6.955305e-05
  -1.192561e-06  -2.698901e-06   2.094472e-10   3.973745e-01   8.993039e-01  -6.979012e-05
  -1.174860e-06  -2.706330e-06   2.101499e-10   3.914762e-01   9.017794e-01  -7.002426e-05
  -1.157109e-06  -2.713646e-06   2.108437e-10   3.855615e-01   9.042169e-01  -7.025547e-05
  -1.139310e-06  -2.720847e-06   2.115287e-10   3.796306e-01   9.066165e-01  -7.048372e-05
  -1.121462e-06  -2.727934e-06   2.122048e-10   3.736837e-01   9.089780e-01  -7.070901e-05
  -1.103568e-06  -2.734907e-06   2.128720e-10   3.677212e-01   9.113013e-01  -7.093133e-05
  -1.085628e-06  -2.741764e-06   2.135303e-10   3.617432e-01   9.135863e-01  -7.115066e-05
  -1.067641e-06  -2.748506e-06   2.141795e-10   3.557499e-01   9.158328e-01  -7.136700e-05
  -1.049610e-06  -2.755133e-06   2.148198e-10   3.497417e-01   9.180408e-01  -7.158034e-05
  -1.031535e-06  -2.761643e-06   2.154510e-10   3.437188e-01   9.202101e-01  -7.179067e-05
  -1.013416e-06  -2.768037e-06   2.160731e-10   3.376813e-01   9.223407e-01  -7.199797e-05
  -9.952541e-07  -2.774315e-06   2.166862e-10   3.316297e-01   9.244325e-01  -7.220224e-05
  -9.770506e-07  -2.780476e-06   2.172901e-10   3.255641e-01   9.264853e-01  -7.240347e-05
  -9.588059e-07  -2.786519e-06   2.178848e-10   3.194848e-01   9.284991e-01  -7.260165e-05
  -9.405208e-07  -2.792445e-06   2.184704e-10   3.133920e-01   9.304737e-01  -7.279676e-05
  -9.221960e-07  -2.798253e-06   2.190467e-10   3.072859e-01   9.324090e-01  -7.298881e-05
  -9.038323e-07  -2.803943e-06   2.196138e-10   3.011670e-01   9.343050e-01  -7.317777e-05
  -8.854305e-07  -2.809515e-06   2.201717e-10   2.950353e-01   9.361616e-01  -7.336365e-05
  -8.669913e-07  -2.814968e-06   2.207202e-10   2.888911e-01   9.379787e-01  -7.354643e-05
  -8.485154e-07  -2.820303e-06   2.212594e-10   2.827348e-01   9.397561e-01  -7.372610e-05
  -8.300037e-07  -2.825518e-06   2.217893e-10   2.765665e-01   9.414938e-01  -7.390266e-05
  -8.114570e-07  -2.830613e-06   2.223098e-10   2.703865e-01   9.431918e-01  -7.407609e-05
  -7.928759e-07  -2.835589e-06   2.228209e-10   2.641951e-01   9.448499e-01  -7.424640e-05
  -7.742613e-07  -2.840445e-06   2.233226e-10   2.579925e-01   9.464680e-01  -7.441356e-05
  -7.556139e-07  -2.845181e-06   2.238148e-10   2.517790e-01   9.480460e-01  -7.457757e-05
  -7.369346e-07  -2.849797e-06   2.242976e-10   2.455548e-01   9.495840e-01  -7.473843e-05
  -7.182241e-07  -2.854292e-06   2.247708e-10   2.393202e-01   9.510817e-01  -7.489613e-05
  -6.994831e-07  -2.858666e-06   2.252346e-10   2.330755e-01   9.525392e-01  -7.505065e-05
  -6.807126e-07  -2.862919e-06   2.256888e-10   2.268210e-01   9.539564e-01  -7.520200e-05
  -6.619132e-07  -2.867051e-06   2.261334e-10   2.205568e-01   9.553331e-01  -7.535016e-05
  -6.430857e-07  -2.871061e-06   2.265684e-10   2.142833e-01   9.566693e-01  -7.549512e-05
  -6.242310e-07  -2.874949e-06   2.269939e-10   2.080007e-01   9.579650e-01  -7.563688e-05
  -6.053497e-07  -2.878716e-06   2.274097e-10   2.017093e-01   9.592200e-01  -7.577544e-05
  -5.864428e-07  -2.882360e-06   2.278159e-10   1.954093e-01   9.604343e-01  -7.591078e-05
  -5.675111e-07  -2.885882e-06   2.282124e-10   1.891010e-01   9.616079e-01  -7.604290e-05
  -5.485552e-07  -2.889281e-06   2.285992e-10   1.827847e-01   9.627407e-01  -7.617179e-05
  -5.295760e-07  -2.892558e-06   2.289763e-10   1.764606e-01   9.638325e-01  -7.629745e-05
  -5.105744e-07  -2.895712e-06   2.293437e-10   1.701290e-01   9.648835e-01  -7.641986e-05
  -4.915510e-07  -2.898743e-06   2.297013e-10   1.637903e-01   9.658934e-01  -7.653903e-05
  -4.725068e-07  -2.901651e-06   2.300492e-10   1.574445e-01   9.668623e-01  -7.665495e-05
  -4.534424e-07  -2.904435e-06   2.303873e-10   1.510920e-01   9.677900e-01  -7.676760e-05
  -4.343588e-07  -2.907096e-06   2.307156e-10   1.447332e-01   9.686766e-01  -7.687699e-05
  -4.152567e-07  -2.909633e-06   2.310341e-10   1.383681e-01   9.695220e-01  -7.698312e-05
  -3.961369e-07  -2.912046e-06   2.313427e-10   1.319972e-01   9.703262e-01  -7.708596e-05
  -3.770003e-07  -2.914336e-06   2.316415e-10   1.256207e-01   9.710890e-01  -7.718552e-05
  -3.578476e-07  -2.916501e-06   2.319305e-10   1.192388e-01   9.718105e-01  -7.728180e-05
  -3.386797e-07  -2.918542e-06   2.322095e-10   1.128518e-01   9.724906e-01  -7.737479e-05
  -3.194973e-07  -2.920459e-06   2.324787e-10   1.064601e-01   9.731293e-01  -7.746447e-05
  -3.003013e-07  -2.922251e-06   2.327379e-10   1.000637e-01   9.737265e-01  -7.755086e-05
  -2.810926e-07  -2.923919e-06   2.329873e-10   9.366316e-02   9.742821e-01  -7.763394e-05
  -2.618718e-07  -2.925462e-06   2.332267e-10   8.725859e-02   9.747963e-01  -7.771371e-05
  -2.426399e-07  -2.926880e-06   2.334561e-10   8.085029e-02   9.752688e-01  -7.779017e-05
  -2.233976e-07  -2.928173e-06   2.336756e-10   7.443855e-02   9.756998e-01  -7.786331e-05
  -2.041458e-07  -2.929341e-06   2.338851e-10   6.802363e-02   9.760891e-01  -7.793312e-05
  -1.848852e-07  -2.930385e-06   2.340847e-10   6.160581e-02   9.764367e-01  -7.799961e-05
  -1.656168e-07  -2.931303e-06   2.342742e-10   5.518535e-02   9.767427e-01  -7.806276e-05
  -1.463413e-07  -2.932096e-06   2.344537e-10   4.876254e-02   9.770069e-01  -7.812259e-05
  -1.270595e-07  -2.932763e-06   2.346232e-10   4.233764e-02   9.772293e-01  -7.817907e-05
  -1.077723e-07  -2.933306e-06   2.347827e-10   3.591094e-02   9.774101e-01  -7.823221e-05
  -8.848054e-08  -2.933723e-06   2.349322e-10   2.948270e-02   9.775490e-01  -7.828201e-05
  -6.918496e-08  -2.934014e-06   2.350716e-10   2.305320e-02   9.776461e-01  -7.832846e-05
  -4.988643e-08  -2.934180e-06   2.352009e-10   1.662271e-02   9.777014e-01  -7.837156e-05
  -3.058575e-08  -2.934221e-06   2.353202e-10   1.019151e-02   9.777149e-01  -7.841131e-05
  -1.128377e-08  -2.934136e-06   2.354294e-10   3.759879e-03   9.776865e-01  -7.844770e-05
   8.018690e-09  -2.933925e-06   2.355286e-10  -2.671917e-03   9.776163e-01  -7.848074e-05
   2.732081e-08  -2.933588e-06   2.356176e-10  -9.103597e-03   9.775042e-01  -7.851041e-05
   4.662176e-08  -2.933126e-06   2.356966e-10  -1.553489e-02   9.773503e-01  -7.853672e-05
   6.592071e-08  -2.932539e-06   2.357655e-10  -2.196551e-02   9.771545e-01  -7.855967e-05
   8.521684e-08  -2.931825e-06   2.358242e-10  -2.839520e-02   9.769168e-01  -7.857925e-05
   1.045093e-07  -2.930987e-06   2.358729e-10  -3.482366e-02   9.766372e-01  -7.859546e-05
   1.237973e-07  -2.930022e-06   2.359114e-10  -4.125064e-02   9.763158e-01  -7.860830e-05
   1.430800e-07  -2.928932e-06   2.359398e-10  -4.767584e-02   9.759525e-01  -7.861777e-05
   1.623565e-07  -2.927716e-06   2.359581e-10  -5.409900e-02   9.755473e-01  -7.862387e-05
   1.816261e-07  -2.926374e-06   2.359663e-10  -6.051984e-02   9.751003e-01  -7.862659e-05
   2.008879e-07  -2.924907e-06   2.359644e-10  -6.693808e-02   9.746115e-01  -7.862595e-05
   2.201411e-07  -2.923314e-06   2.359523e-10  -7.335345e-02   9.740807e-01  -7.862192e-05
   2.393848e-07  -2.921596e-06   2.359301e-10  -7.976567e-02   9.735082e-01  -7.861452e-05
   2.586182e-07  -2.919752e-06   2.358977e-10  -8.617446e-02   9.728939e-01  -7.860374e-05
   2.778405e-07  -2.917783e-06   2.358553e-10  -9.257955e-02   9.722377e-01  -7.858959e-05
   2.970509e-07  -2.915689e-06   2.358026e-10  -9.898066e-02   9.715398e-01  -7.857206e-05
   3.162485e-07  -2.913469e-06   2.357399e-10  -1.053775e-01   9.708001e-01  -7.855115e-05
   3.354326e-07  -2.911124e-06   2.356670e-10  -1.117699e-01   9.700187e-01  -7.852687e-05
   3.546021e-07  -2.908653e-06   2.355840e-10  -1.181574e-01   9.691956e-01  -7.849921e-05
   3.737565e-07  -2.906058e-06   2.354909e-10  -1.245398e-01   9.683308e-01  -7.846817e-05
   3.928948e-07  -2.903338e-06   2.353876e-10  -1.309169e-01   9.674243e-01  -7.843375e-05
   4.120161e-07  -2.900492e-06   2.352742e-10  -1.372883e-01   9.664763e-01  -7.839597e-05
   4.311197e-07  -2.897522e-06   2.351506e-10  -1.436539e-01   9.654866e-01  -7.835480e-05
   4.502048e-07  -2.894427e-06   2.350170e-10  -1.500132e-01   9.644553e-01  -7.831027e-05
   4.692705e-07  -2.891208e-06   2.348732e-10  -1.563661e-01   9.633825e-01  -7.826236e-05
   4.883159e-07  -2.887864e-06   2.347193e-10  -1.627123e-01   9.622683e-01  -7.821108e-05
   5.073404e-07  -2.884395e-06   2.345553e-10  -1.690514e-01   9.611125e-01  -7.815643e-05
   5.263430e-07  -2.880803e-06   2.343812e-10  -1.753833e-01   9.599154e-01  -7.809842e-05
   5.453228e-07  -2.877086e-06   2.341970e-10  -1.817076e-01   9.586769e-01  -7.803704e-05
   5.642792e-07  -2.873245e-06   2.340027e-10  -1.880241e-01   9.573971e-01  -7.797229e-05
   5.832113e-07  -2.869280e-06   2.337983e-10  -1.943325e-01   9.560759e-01  -7.790419e-05
   6.021182e-07  -2.865191e-06   2.335838e-10  -2.006325e-01   9.547136e-01  -7.783272e-05
   6.209991e-07  -2.860979e-06   2.333593e-10  -2.069238e-01   9.533101e-01  -7.775790e-05
   6.398532e-07  -2.856644e-06   2.331246e-10  -2.132062e-01   9.518654e-01  -7.767972e-05
   6.586798e-07  -2.852185e-06   2.328800e-10  -2.194794e-01   9.503797e-01  -7.759819e-05
   6.774779e-07  -2.847603e-06   2.326252e-10  -2.257431e-01   9.488529e-01  -7.751331e-05
   6.962467e-07  -2.842898e-06   2.323604e-10  -2.319971e-01   9.472852e-01  -7.742508e-05
   7.149855e-07  -2.838071e-06   2.320856e-10  -2.382411e-01   9.456766e-01  -7.733351e-05
   7.336934e-07  -2.833120e-06   2.318008e-10  -2.444748e-01   9.440271e-01  -7.723860e-05
   7.523696e-07  -2.828048e-06   2.315060e-10  -2.506979e-01   9.423369e-01  -7.714036e-05
   7.710133e-07  -2.822853e-06   2.312011e-10  -2.569102e-01   9.406060e-01  -7.703878e-05
   7.896237e-07  -2.817536e-06   2.308863e-10  -2.631114e-01   9.388344e-01  -7.693387e-05
   8.082000e-07  -2.812098e-06   2.305615e-10  -2.693012e-01   9.370222e-01  -7.682564e-05
   8.267413e-07  -2.806538e-06   2.302267e-10  -2.754794e-01   9.351695e-01  -7.671408e-05
   8.452469e-07  -2.800856e-06   2.298819e-10  -2.816456e-01   9.332764e-01  -7.659921e-05
   8.637159e-07  -2.795054e-06   2.295273e-10  -2.877997e-01   9.313429e-01  -7.648103e-05
   8.821475e-07  -2.789130e-06   2.291627e-10  -2.939414e-01   9.293692e-01  -7.635954e-05
   9.005410e-07  -2.783086e-06   2.287881e-10  -3.000703e-01   9.273552e-01  -7.623474e-05
   9.188956e-07  -2.776922e-06   2.284037e-10  -3.061862e-01   9.253011e-01  -7.610665e-05
   9.372103e-07  -2.770637e-06   2.280094e-10  -3.122889e-01   9.232070e-01  -7.597526e-05
   9.554845e-07  -2.764232e-06   2.276052e-10  -3.183781e-01   9.210729e-01  -7.584059e-05
   9.737174e-07  -2.757708e-06   2.271912e-10  -3.244534e-01   9.188989e-01  -7.570263e-05
   9.919080e-07  -2.751064e-06   2.267673e-10  -3.305148e-01   9.166851e-01  -7.556139e-05
   1.010056e-06  -2.744301e-06   2.263336e-10  -3.365618e-01   9.144317e-01  -7.541688e-05
   1.028160e-06  -2.737420e-06   2.258901e-10  -3.425942e-01   9.121386e-01  -7.526910e-05
   1.046219e-06  -2.730419e-06   2.254369e-10  -3.486118e-01   9.098060e-01  -7.511807e-05
   1.064233e-06  -2.723301e-06   2.249738e-10  -3.546143e-01   9.074340e-01  -7.496377e-05
   1.082201e-06  -2.716064e-06   2.245010e-10  -3.606014e-01   9.050227e-01  -7.480623e-05
   1.100122e-06  -2.708710e-06   2.240185e-10  -3.665729e-01   9.025721e-01  -7.464545e-05
   1.117996e-06  -2.701238e-06   2.235263e-10  -3.725285e-01   9.000824e-01  -7.448143e-05
   1.135821e-06  -2.693649e-06   2.230243e-10  -3.784680e-01   8.975537e-01  -7.431418e-05
   1.153596e-06  -2.685943e-06   2.225127e-10  -3.843910e-01   8.949860e-01  -7.414371e-05
   1.171322e-06  -2.678121e-06   2.219915e-10  -3.902974e-01   8.923796e-01  -7.397003e-05
   1.188997e-06  -2.670182e-06   2.214606e-10  -3.961868e-01   8.897344e-01  -7.379313e-05
   1.206620e-06  -2.662128e-06   2.209201e-10  -4.020591e-01   8.870507e-01  -7.361303e-05
   1.224191e-06  -2.653958e-06   2.203700e-10  -4.079139e-01   8.843284e-01  -7.342974e-05
   1.241708e-06  -2.645673e-06   2.198104e-10  -4.137510e-01   8.815678e-01  -7.324326e-05
   1.259172e-06  -2.637274e-06   2.192412e-10  -4.195701e-01   8.787689e-01  -7.305361e-05
   1.276581e-06  -2.628759e-06   2.186625e-10  -4.253711e-01   8.759318e-01  -7.286078e-05
   1.293935e-06  -2.620131e-06   2.180743e-10  -4.311535e-01   8.730567e-01  -7.266479e-05
   1.311233e-06  -2.611389e-06   2.174767e-10  -4.369173e-01   8.701438e-01  -7.246564e-05
   1.328473e-06  -2.602533e-06   2.168696e-10  -4.426620e-01   8.671930e-01  -7.226335e-05
   1.345656e-06  -2.593565e-06   2.162530e-10  -4.483876e-01   8.642045e-01  -7.205791e-05
   1.362781e-06  -2.584483e-06   2.156271e-10  -4.540936e-01   8.611786e-01  -7.184935e-05
   1.379846e-06  -2.575290e-06   2.149918e-10  -4.597800e-01   8.581152e-01  -7.163767e-05
   1.396851e-06  -2.565984e-06   2.143472e-10  -4.654463e-01   8.550145e-01  -7.142287e-05
   1.413796e-06  -2.556567e-06   2.136933e-10  -4.710924e-01   8.518766e-01  -7.120497e-05
   1.430679e-06  -2.547039e-06   2.130300e-10  -4.767181e-01   8.487018e-01  -7.098397e-05
   1.447500e-06  -2.537401e-06   2.123575e-10  -4.823230e-01   8.454900e-01  -7.075989e-05
   1.464258e-06  -2.527651e-06   2.116758e-10  -4.879070e-01   8.422415e-01  -7.053273e-05
   1.480952e-06  -2.517792e-06   2.109849e-10  -4.934697e-01   8.389564e-01  -7.030251e-05
   1.497582e-06  -2.507824e-06   2.102848e-10  -4.990110e-01   8.356348e-01  -7.006923e-05
   1.514147e-06  -2.497746e-06   2.095756e-10  -5.045306e-01   8.322768e-01  -6.983290e-05
   1.530646e-06  -2.487560e-06   2.088572e-10  -5.100283e-01   8.288827e-01  -6.959353e-05
   1.547078e-06  -2.477266e-06   2.081297e-10  -5.155037e-01   8.254525e-01  -6.935114e-05
   1.563444e-06  -2.466864e-06   2.073932e-10  -5.209568e-01   8.219864e-01  -6.910573e-05
   1.579741e-06  -2.456354e-06   2.066477e-10  -5.263871e-01   8.184845e-01  -6.885732e-05
   1.595969e-06  -2.445738e-06   2.058932e-10  -5.317946e-01   8.149470e-01  -6.860590e-05
   1.612128e-06  -2.435015e-06   2.051297e-10  -5.371789e-01   8.113740e-01  -6.835151e-05
   1.628217e-06  -2.424186e-06   2.043573e-10  -5.425399e-01   8.077658e-01  -6.809413e-05
   1.644235e-06  -2.413252e-06   2.035760e-10  -5.478772e-01   8.041223e-01  -6.783380e-05
   1.660181e-06  -2.402213e-06   2.027859e-10  -5.531907e-01   8.004439e-01  -6.757051e-05
   1.676055e-06  -2.391069e-06   2.019869e-10  -5.584801e-01   7.967306e-01  -6.730428e-05
   1.691856e-06  -2.379821e-06   2.011791e-10  -5.637451e-01   7.929827e-01  -6.703511e-05
   1.707583e-06  -2.368469e-06   2.003626e-10  -5.689857e-01   7.892002e-01  -6.676303e-05
   1.723236e-06  -2.357014e-06   1.995373e-10  -5.742014e-01   7.853833e-01  -6.648805e-05
   1.738814e-06  -2.345457e-06   1.987034e-10  -5.793922e-01   7.815323e-01  -6.621016e-05
   1.754316e-06  -2.333797e-06   1.978607e-10  -5.845577e-01   7.776472e-01  -6.592940e-05
   1.769742e-06  -2.322036e-06   1.970095e-10  -5.896978e-01   7.737282e-01  -6.564576e-05
   1.785091e-06  -2.310174e-06   1.961497e-10  -5.948121e-01   7.697755e-01  -6.535926e-05
   1.800362e-06  -2.298211e-06   1.952814e-10  -5.999006e-01   7.657893e-01  -6.506992e-05
   1.815554e-06  -2.286147e-06   1.944045e-10  -6.049629e-01   7.617697e-01  -6.477774e-05
   1.830668e-06  -2.273985e-06   1.935192e-10  -6.099989e-01   7.577170e-01  -6.448273e-05
   1.845702e-06  -2.261723e-06   1.926254e-10  -6.150083e-01   7.536312e-01  -6.418492e-05
   1.860655e-06  -2.249362e-06   1.917232e-10  -6.199908e-01   7.495125e-01  -6.388431e-05
   1.875527e-06  -2.236904e-06   1.908127e-10  -6.249464e-01   7.453613e-01  -6.358092e-05
   1.890317e-06  -2.224348e-06   1.898939e-10  -6.298747e-01   7.411775e-01  -6.327475e-05
   1.905025e-06  -2.211695e-06   1.889668e-10  -6.347756e-01   7.369614e-01  -6.296583e-05
   1.919650e-06  -2.198946e-06   1.880314e-10  -6.396488e-01   7.327132e-01  -6.265416e-05
   1.934192e-06  -2.186101e-06   1.870879e-10  -6.444941e-01   7.284331e-01  -6.233977e-05
   1.948649e-06  -2.173160e-06   1.861362e-10  -6.493113e-01   7.241212e-01  -6.202265e-05
   1.963021e-06  -2.160125e-06   1.851764e-10  -6.541002e-01   7.197777e-01  -6.170283e-05
   1.977307e-06  -2.146996e-06   1.842085e-10  -6.588606e-01   7.154028e-01  -6.138032e-05
   1.991507e-06  -2.133773e-06   1.832326e-10  -6.635923e-01   7.109968e-01  -6.105513e-05
   2.005621e-06  -2.120457e-06   1.822487e-10  -6.682950e-01   7.065598e-01  -6.072729e-05
   2.019646e-06  -2.107048e-06   1.812568e-10  -6.729686e-01   7.020919e-01  -6.039679e-05
   2.033584e-06  -2.093548e-06   1.802571e-10  -6.776129e-01   6.975934e-01  -6.006366e-05
   2.047434e-06  -2.079956e-06   1.792495e-10  -6.822276e-01   6.930646e-01  -5.972791e-05
   2.061193e-06  -2.066274e-06   1.782340e-10  -6.868125e-01   6.885054e-01  -5.938955e-05
   2.074863e-06  -2.052502e-06   1.772108e-10  -6.913675e-01   6.839163e-01  -5.904861e-05
   2.088443e-06  -2.038640e-06   1.761799e-10  -6.958923e-01   6.792973e-01  -5.870509e-05
   2.101931e-06  -2.024689e-06   1.751413e-10  -7.003868e-01   6.746487e-01  -5.835901e-05
   2.115328e-06  -2.010649e-06   1.740950e-10  -7.048508e-01   6.699707e-01  -5.801038e-05
   2.128632e-06  -1.996522e-06   1.730411e-10  -7.092839e-01   6.652635e-01  -5.765923e-05
   2.141844e-06  -1.982308e-06   1.719797e-10  -7.136862e-01   6.605272e-01  -5.730556e-05
   2.154962e-06  -1.968008e-06   1.709108e-10  -7.180573e-01   6.557621e-01  -5.694938e-05
   2.167986e-06  -1.953622e-06   1.698345e-10  -7.223971e-01   6.509684e-01  -5.659073e-05
   2.180916e-06  -1.939150e-06   1.687507e-10  -7.267054e-01   6.461463e-01  -5.622961e-05
   2.193750e-06  -1.924594e-06   1.676596e-10  -7.309820e-01   6.412961e-01  -5.586603e-05
   2.206489e-06  -1.909954e-06   1.665611e-10  -7.352267e-01   6.364178e-01  -5.550001e-05
   2.219132e-06  -1.895230e-06   1.654554e-10  -7.394393e-01   6.315118e-01  -5.513158e-05
   2.231677e-06  -1.880424e-06   1.643425e-10  -7.436196e-01   6.265782e-01  -5.476074e-05
   2.244126e-06  -1.865536e-06   1.632224e-10  -7.477675e-01   6.216173e-01  -5.438751e-05
   2.256476e-06  -1.850566e-06   1.620952e-10  -7.518828e-01   6.166293e-01  -5.401190e-05
   2.268728e-06  -1.835516e-06   1.609609e-10  -7.559653e-01   6.116144e-01  -5.363395e-05
   2.280881e-06  -1.820386e-06   1.598195e-10  -7.600148e-01   6.065728e-01  -5.325365e-05
   2.292934e-06  -1.805176e-06   1.586713e-10  -7.640312e-01   6.015047e-01  -5.287102e-05
   2.304888e-06  -1.789887e-06   1.575160e-10  -7.680142e-01   5.964104e-01  -5.248609e-05
   2.316741e-06  -1.774521e-06   1.563540e-10  -7.719637e-01   5.912900e-01  -5.209888e-05
   2.328492e-06  -1.759077e-06   1.551851e-10  -7.758795e-01   5.861439e-01  -5.170938e-05
   2.340142e-06  -1.743556e-06   1.540094e-10  -7.797615e-01   5.809722e-01  -5.131763e-05
   2.351691e-06  -1.727959e-06   1.528270e-10  -7.836094e-01   5.757751e-01  -5.092365e-05
   2.363136e-06  -1.712287e-06   1.516379e-10  -7.874232e-01   5.705530e-01  -5.052744e-05
   2.374478e-06  -1.696540e-06   1.504422e-10  -7.912026e-01   5.653059e-01  -5.012903e-05
   2.385717e-06  -1.680719e-06   1.492400e-10  -7.949475e-01   5.600342e-01  -4.972843e-05
   2.396852e-06  -1.664824e-06   1.480312e-10  -7.986577e-01   5.547380e-01  -4.932566e-05
   2.407882e-06  -1.648858e-06   1.468160e-10  -8.023331e-01   5.494176e-01  -4.892073e-05
   2.418807e-06  -1.632819e-06   1.455944e-10  -8.059734e-01   5.440733e-01  -4.851368e-05
   2.429627e-06  -1.616709e-06   1.443665e-10  -8.095786e-01   5.387052e-01  -4.810451e-05
   2.440340e-06  -1.600528e-06   1.431322e-10  -8.131485e-01   5.333137e-01  -4.769323e-05
   2.450948e-06  -1.584277e-06   1.418917e-10  -8.166829e-01   5.278988e-01  -4.727988e-05
   2.461448e-06  -1.567958e-06   1.406450e-10  -8.201817e-01   5.224610e-01  -4.686447e-05
   2.471841e-06  -1.551570e-06   1.393922e-10  -8.236447e-01   5.170003e-01  -4.644701e-05
   2.482126e-06  -1.535114e-06   1.381332e-10  -8.270718e-01   5.115171e-01  -4.602753e-05
   2.492302e-06  -1.518592e-06   1.368683e-10  -8.304628e-01   5.060116e-01  -4.560604e-05
   2.502371e-06  -1.502003e-06   1.355974e-10  -8.338176e-01   5.004840e-01  -4.518256e-05
   2.512329e-06  -1.485349e-06   1.343206e-10  -8.371361e-01   4.949346e-01  -4.475711e-05
   2.522179e-06  -1.468629e-06   1.330379e-10  -8.404180e-01   4.893636e-01  -4.432970e-05
   2.531918e-06  -1.451846e-06   1.317494e-10  -8.436633e-01   4.837713e-01  -4.390037e-05
   2.541547e-06  -1.435000e-06   1.304552e-10  -8.468717e-01   4.781579e-01  -4.346911e-05
   2.551065e-06  -1.418091e-06   1.291553e-10  -8.500433e-01   4.725236e-01  -4.303597e-05
   2.560472e-06  -1.401120e-06   1.278497e-10  -8.531778e-01   4.668687e-01  -4.260095e-05
   2.569767e-06  -1.384088e-06   1.265386e-10  -8.562750e-01   4.611935e-01  -4.216406e-05
   2.578951e-06  -1.366996e-06   1.252220e-10  -8.593350e-01   4.554981e-01  -4.172535e-05
   2.588021e-06  -1.349844e-06   1.238999e-10  -8.623575e-01   4.497829e-01  -4.128481e-05
   2.596979e-06  -1.332633e-06   1.225724e-10  -8.653423e-01   4.440481e-01  -4.084247e-05
   2.605824e-06  -1.315364e-06   1.212395e-10  -8.682895e-01   4.382939e-01  -4.039835e-05
   2.614555e-06  -1.298038e-06   1.199014e-10  -8.711988e-01   4.325206e-01  -3.995247e-05
   2.623172e-06  -1.280655e-06   1.185580e-10  -8.740702e-01   4.267285e-01  -3.950485e-05
   2.631675e-06  -1.263216e-06   1.172095e-10  -8.769034e-01   4.209177e-01  -3.905551e-05
   2.640063e-06  -1.245723e-06   1.158559e-10  -8.796984e-01   4.150887e-01  -3.860446e-05
   2.648336e-06  -1.228175e-06   1.144972e-10  -8.824551e-01   4.092415e-01  -3.815174e-05
   2.656494e-06  -1.210573e-06   1.131335e-10  -8.851733e-01   4.033765e-01  -3.769735e-05
   2.664536e-06  -1.192919e-06   1.117649e-10  -8.878530e-01   3.974939e-01  -3.724132e-05
   2.672462e-06  -1.175213e-06   1.103915e-10  -8.904940e-01   3.915940e-01  -3.678366e-05
   2.680271e-06  -1.157456e-06   1.090132e-10  -8.930962e-01   3.856770e-01  -3.632440e-05
   2.687964e-06  -1.139648e-06   1.076302e-10  -8.956595e-01   3.797433e-01  -3.586356e-05
   2.695540e-06  -1.121790e-06   1.062424e-10  -8.981837e-01   3.737930e-01  -3.540116e-05
   2.702998e-06  -1.103884e-06   1.048501e-10  -9.006689e-01   3.678264e-01  -3.493722e-05
   2.710338e-06  -1.085930e-06   1.034532e-10  -9.031148e-01   3.618438e-01  -3.447175e-05
   2.717561e-06  -1.067928e-06   1.020518e-10  -9.055214e-01   3.558454e-01  -3.400479e-05
   2.724665e-06  -1.049880e-06   1.006459e-10  -9.078885e-01   3.498316e-01  -3.353634e-05
   2.731650e-06  -1.031786e-06   9.923568e-11  -9.102161e-01   3.438025e-01  -3.306643e-05
   2.738517e-06  -1.013647e-06   9.782112e-11  -9.125041e-01   3.377584e-01  -3.259508e-05
   2.745264e-06  -9.954641e-07   9.640230e-11  -9.147524e-01   3.316997e-01  -3.212232e-05
   2.751892e-06  -9.772378e-07   9.497929e-11  -9.169609e-01   3.256265e-01  -3.164815e-05
   2.758400e-06  -9.589690e-07   9.355214e-11  -9.191294e-01   3.195391e-01  -3.117261e-05
   2.764788e-06  -9.406585e-07   9.212092e-11  -9.212580e-01   3.134378e-01  -3.069571e-05
   2.771055e-06  -9.223070e-07   9.068569e-11  -9.233464e-01   3.073229e-01  -3.021748e-05
   2.777202e-06  -9.039154e-07   8.924651e-11  -9.253947e-01   3.011946e-01  -2.973793e-05
   2.783229e-06  -8.854844e-07   8.780345e-11  -9.274027e-01   2.950532e-01  -2.925709e-05
   2.789134e-06  -8.670150e-07   8.635658e-11  -9.293704e-01   2.888990e-01  -2.877497e-05
   2.794918e-06  -8.485078e-07   8.490594e-11  -9.312976e-01   2.827322e-01  -2.829160e-05
   2.800580e-06  -8.299637e-07   8.345162e-11  -9.331844e-01   2.765531e-01  -2.780700e-05
   2.806121e-06  -8.113836e-07   8.199366e-11  -9.350305e-01   2.703620e-01  -2.732120e-05
   2.811539e-06  -7.927681e-07   8.053214e-11  -9.368360e-01   2.641591e-01  -2.683420e-05
   2.816835e-06  -7.741182e-07   7.906712e-11  -9.386008e-01   2.579448e-01  -2.634604e-05
   2.822009e-06  -7.554347e-07   7.759866e-11  -9.403248e-01   2.517192e-01  -2.585673e-05
   2.827060e-06  -7.367183e-07   7.612683e-11  -9.420079e-01   2.454827e-01  -2.536630e-05
   2.831989e-06  -7.179699e-07   7.465169e-11  -9.436501e-01   2.392355e-01  -2.487477e-05
   2.836794e-06  -6.991902e-07   7.317330e-11  -9.452512e-01   2.329779e-01  -2.438216e-05
   2.841476e-06  -6.803802e-07   7.169174e-11  -9.468113e-01   2.267102e-01  -2.388848e-05
   2.846034e-06  -6.615407e-07   7.020706e-11  -9.483302e-01   2.204327e-01  -2.339377e-05
   2.850469e-06  -6.426724e-07   6.871933e-11  -9.498080e-01   2.141456e-01  -2.289804e-05
   2.854780e-06  -6.237762e-07   6.722862e-11  -9.512445e-01   2.078492e-01  -2.240132e-05
   2.858967e-06  -6.048529e-07   6.573498e-11  -9.526397e-01   2.015437e-01  -2.190363e-05
   2.863030e-06  -5.859033e-07   6.423850e-11  -9.539935e-01   1.952295e-01  -2.140498e-05
   2.866969e-06  -5.669283e-07   6.273922e-11  -9.553059e-01   1.889068e-01  -2.090541e-05
   2.870783e-06  -5.479287e-07   6.123722e-11  -9.565769e-01   1.825759e-01  -2.040492e-05
   2.874473e-06  -5.289054e-07   5.973257e-11  -9.578063e-01   1.762371e-01  -1.990355e-05
   2.878038e-06  -5.098590e-07   5.822532e-11  -9.589942e-01   1.698907e-01  -1.940132e-05
   2.881478e-06  -4.907906e-07   5.671554e-11  -9.601404e-01   1.635369e-01  -1.889825e-05
   2.884793e-06  -4.717008e-07   5.520331e-11  -9.612450e-01   1.571759e-01  -1.839435e-05
   2.887983e-06  -4.525906e-07   5.368867e-11  -9.623079e-01   1.508082e-01  -1.788966e-05
   2.891047e-06  -4.334608e-07   5.217172e-11  -9.633291e-01   1.444339e-01  -1.738419e-05
   2.893987e-06  -4.143121e-07   5.065249e-11  -9.643085e-01   1.380534e-01  -1.687797e-05
   2.896800e-06  -3.951455e-07   4.913108e-11  -9.652461e-01   1.316669e-01  -1.637102e-05
   2.899489e-06  -3.759618e-07   4.760753e-11  -9.661418e-01   1.252746e-01  -1.586336e-05
   2.902051e-06  -3.567618e-07   4.608192e-11  -9.669957e-01   1.188770e-01  -1.535501e-05
   2.904488e-06  -3.375463e-07   4.455431e-11  -9.678076e-01   1.124742e-01  -1.484599e-05
   2.906799e-06  -3.183162e-07   4.302477e-11  -9.685777e-01   1.060665e-01  -1.433633e-05
   2.908984e-06  -2.990723e-07   4.149337e-11  -9.693057e-01   9.965421e-02  -1.382605e-05
   2.911043e-06  -2.798154e-07   3.996017e-11  -9.699918e-01   9.323761e-02  -1.331517e-05
   2.912976e-06  -2.605465e-07   3.842524e-11  -9.706359e-01   8.681698e-02  -1.280372e-05
   2.914783e-06  -2.412662e-07   3.688865e-11  -9.712380e-01   8.039258e-02  -1.229171e-05
   2.916463e-06  -2.219755e-07   3.535046e-11  -9.717980e-01   7.396471e-02  -1.177917e-05
   2.918018e-06  -2.026752e-07   3.381074e-11  -9.723159e-01   6.753363e-02  -1.126611e-05
   2.919446e-06  -1.833661e-07   3.226956e-11  -9.727918e-01   6.109964e-02  -1.075257e-05
   2.920748e-06  -1.640491e-07   3.072698e-11  -9.732256e-01   5.466299e-02  -1.023857e-05
   2.921923e-06  -1.447250e-07   2.918307e-11  -9.736172e-01   4.822399e-02  -9.724122e-06
   2.922972e-06  -1.253947e-07   2.763790e-11  -9.739668e-01   4.178290e-02  -9.209254e-06
   2.923895e-06  -1.060589e-07   2.609153e-11  -9.742742e-01   3.534000e-02  -8.693987e-06
   2.924691e-06  -8.671851e-08   2.454404e-11  -9.745396e-01   2.889557e-02  -8.178345e-06
   2.925361e-06  -6.737439e-08   2.299548e-11  -9.747628e-01   2.244989e-02  -7.662349e-06
   2.925904e-06  -4.802736e-08   2.144593e-11  -9.749438e-01   1.600325e-02  -7.146022e-06
   2.926321e-06  -2.867825e-08   1.989545e-11  -9.750828e-01   9.555910e-03  -6.629386e-06
   2.926612e-06  -9.327900e-09   1.834412e-11  -9.751796e-01   3.108160e-03  -6.112464e-06
   2.926776e-06   1.002285e-08   1.679199e-11  -9.752343e-01  -3.339725e-03  -5.595278e-06
   2.926814e-06   2.937317e-08   1.523914e-11  -9.752469e-01  -9.787465e-03  -5.077850e-06
   2.926725e-06   4.872222e-08   1.368563e-11  -9.752173e-01  -1.623478e-02  -4.560203e-06
   2.926510e-06   6.806916e-08   1.213153e-11  -9.751457e-01  -2.268140e-02  -4.042359e-06
   2.926169e-06   8.741317e-08   1.057690e-11  -9.750320e-01  -2.912704e-02  -3.524340e-06
   2.925701e-06   1.067534e-07   9.021818e-12  -9.748762e-01  -3.557142e-02  -3.006170e-06
   2.925108e-06   1.260890e-07   7.466347e-12  -9.746783e-01  -4.201427e-02  -2.487870e-06
   2.924388e-06   1.454192e-07   5.910554e-12  -9.744385e-01  -4.845530e-02  -1.969462e-06
   2.923542e-06   1.647432e-07   4.354506e-12  -9.741566e-01  -5.489425e-02  -1.450970e-06
   2.922570e-06   1.840600e-07   2.798271e-12  -9.738327e-01  -6.133082e-02  -9.324148e-07
   2.921472e-06   2.033689e-07   1.241914e-12  -9.734668e-01  -6.776476e-02  -4.138196e-07
   2.920248e-06   2.226690e-07  -3.144954e-13  -9.730589e-01  -7.419577e-02   1.047934e-07
   2.918898e-06   2.419595e-07  -1.870892e-12  -9.726092e-01  -8.062359e-02   6.234019e-07
   2.917422e-06   2.612396e-07  -3.427207e-12  -9.721175e-01  -8.704794e-02   1.141984e-06
   2.915821e-06   2.805085e-07  -4.983375e-12  -9.715840e-01  -9.346853e-02   1.660516e-06
   2.914095e-06   2.997652e-07  -6.539329e-12  -9.710087e-01  -9.988510e-02   2.178977e-06
   2.912242e-06   3.190091e-07  -8.095001e-12  -9.703915e-01  -1.062974e-01   2.697344e-06
   2.910265e-06   3.382392e-07  -9.650324e-12  -9.697326e-01  -1.127051e-01   3.215595e-06
   2.908162e-06   3.574548e-07  -1.120523e-11  -9.690319e-01  -1.191079e-01   3.733708e-06
   2.905934e-06   3.766550e-07  -1.275966e-11  -9.682896e-01  -1.255056e-01   4.251660e-06
   2.903582e-06   3.958391e-07  -1.431354e-11  -9.675056e-01  -1.318980e-01   4.769429e-06
   2.901104e-06   4.150061e-07  -1.586680e-11  -9.666801e-01  -1.382846e-01   5.286993e-06
   2.898502e-06   4.341552e-07  -1.741938e-11  -9.658130e-01  -1.446653e-01   5.804330e-06
   2.895775e-06   4.532857e-07  -1.897121e-11  -9.649043e-01  -1.510398e-01   6.321418e-06
   2.892924e-06   4.723967e-07  -2.052223e-11  -9.639542e-01  -1.574078e-01   6.838234e-06
   2.889948e-06   4.914874e-07  -2.207236e-11  -9.629627e-01  -1.637691e-01   7.354756e-06
   2.886848e-06   5.105571e-07  -2.362155e-11  -9.619299e-01  -1.701233e-01   7.870962e-06
   2.883625e-06   5.296048e-07  -2.516972e-11  -9.608557e-01  -1.764702e-01   8.386830e-06
   2.880277e-06   5.486297e-07  -2.671681e-11  -9.597403e-01  -1.828095e-01   8.902339e-06
   2.876806e-06   5.676311e-07  -2.826276e-11  -9.585837e-01  -1.891410e-01   9.417465e-06
   2.873212e-06   5.866082e-07  -2.980749e-11  -9.573860e-01  -1.954644e-01   9.932187e-06
   2.869494e-06   6.055601e-07  -3.135095e-11  -9.561472e-01  -2.017794e-01   1.044648e-05
   2.865653e-06   6.244861e-07  -3.289306e-11  -9.548675e-01  -2.080857e-01   1.096033e-05
   2.861690e-06   6.433852e-07  -3.443376e-11  -9.535467e-01  -2.143831e-01   1.147371e-05
   2.857603e-06   6.622568e-07  -3.597298e-11  -9.521852e-01  -2.206713e-01   1.198660e-05
   2.853395e-06   6.811000e-07  -3.751066e-11  -9.507828e-01  -2.269501e-01   1.249897e-05
   2.849064e-06   6.999141e-07  -3.904674e-11  -9.493397e-01  -2.332191e-01   1.301081e-05
   2.844611e-06   7.186981e-07  -4.058114e-11  -9.478559e-01  -2.394782e-01   1.352209e-05
   2.840036e-06   7.374514e-07  -4.211381e-11  -9.463315e-01  -2.457270e-01   1.403279e-05
   2.835340e-06   7.561731e-07  -4.364467e-11  -9.447667e-01  -2.519653e-01   1.454289e-05
   2.830522e-06   7.748625e-07  -4.517367e-11  -9.431614e-01  -2.581928e-01   1.505237e-05
   2.825583e-06   7.935187e-07  -4.670073e-11  -9.415157e-01  -2.644092e-01   1.556120e-05
   2.820524e-06   8.121410e-07  -4.822580e-11  -9.398298e-01  -2.706144e-01   1.606937e-05
   2.815344e-06   8.307285e-07  -4.974880e-11  -9.381037e-01  -2.768080e-01   1.657685e-05
   2.810043e-06   8.492806e-07  -5.126968e-11  -9.363376e-01  -2.829897e-01   1.708363e-05
   2.804622e-06   8.677963e-07  -5.278837e-11  -9.345313e-01  -2.891594e-01   1.758967e-05
   2.799082e-06   8.862750e-07  -5.430480e-11  -9.326852e-01  -2.953167e-01   1.809496e-05
   2.793422e-06   9.047158e-07  -5.581891e-11  -9.307992e-01  -3.014614e-01   1.859948e-05
   2.787643e-06   9.231180e-07  -5.733064e-11  -9.288735e-01  -3.075932e-01   1.910320e-05
   2.781745e-06   9.414808e-07  -5.883992e-11  -9.269082e-01  -3.137119e-01   1.960611e-05
   2.775728e-06   9.598034e-07  -6.034669e-11  -9.249032e-01  -3.198171e-01   2.010819e-05
   2.769592e-06   9.780851e-07  -6.185088e-11  -9.228589e-01  -3.259088e-01   2.060940e-05
   2.763339e-06   9.963250e-07  -6.335244e-11  -9.207751e-01  -3.319866e-01   2.110974e-05
   2.756967e-06   1.014522e-06  -6.485130e-11  -9.186521e-01  -3.380501e-01   2.160917e-05
   2.750479e-06   1.032677e-06  -6.634739e-11  -9.164900e-01  -3.440993e-01   2.210769e-05
   2.743872e-06   1.050787e-06  -6.784065e-11  -9.142888e-01  -3.501339e-01   2.260526e-05
   2.737149e-06   1.068852e-06  -6.933103e-11  -9.120486e-01  -3.561535e-01   2.310187e-05
   2.730310e-06   1.086872e-06  -7.081845e-11  -9.097696e-01  -3.621579e-01   2.359749e-05
   2.723354e-06   1.104846e-06  -7.230285e-11  -9.074518e-01  -3.681469e-01   2.409211e-05
   2.716282e-06   1.122773e-06  -7.378418e-11  -9.050955e-01  -3.741203e-01   2.458571e-05
   2.709095e-06   1.140651e-06  -7.526237e-11  -9.027006e-01  -3.800777e-01   2.507826e-05
   2.701793e-06   1.158482e-06  -7.673736e-11  -9.002673e-01  -3.860190e-01   2.556974e-05
   2.694375e-06   1.176263e-06  -7.820909e-11  -8.977958e-01  -3.919438e-01   2.606014e-05
   2.686843e-06   1.193994e-06  -7.967748e-11  -8.952860e-01  -3.978520e-01   2.654942e-05
   2.679197e-06   1.211674e-06  -8.114250e-11  -8.927382e-01  -4.037433e-01   2.703758e-05
   2.671437e-06   1.229303e-06  -8.260406e-11  -8.901525e-01  -4.096174e-01   2.752459e-05
   2.663564e-06   1.246880e-06  -8.406212e-11  -8.875290e-01  -4.154741e-01   2.801043e-05
   2.655577e-06   1.264403e-06  -8.551661e-11  -8.848678e-01  -4.213132e-01   2.849508e-05
   2.647478e-06   1.281873e-06  -8.696747e-11  -8.821690e-01  -4.271344e-01   2.897853e-05
   2.639266e-06   1.299289e-06  -8.841463e-11  -8.794328e-01  -4.329375e-01   2.946074e-05
   2.630943e-06   1.316649e-06  -8.985805e-11  -8.766593e-01  -4.387222e-01   2.994170e-05
   2.622508e-06   1.333954e-06  -9.129766e-11  -8.738486e-01  -4.444883e-01   3.042139e-05
   2.613961e-06   1.351202e-06  -9.273339e-11  -8.710009e-01  -4.502355e-01   3.089980e-05
   2.605304e-06   1.368393e-06  -9.416520e-11  -8.681163e-01  -4.559637e-01   3.137689e-05
   2.596537e-06   1.385526e-06  -9.559301e-11  -8.651948e-01  -4.616725e-01   3.185265e-05
   2.587659e-06   1.402600e-06  -9.701678e-11  -8.622367e-01  -4.673618e-01   3.232707e-05
   2.578672e-06   1.419615e-06  -9.843644e-11  -8.592422e-01  -4.730314e-01   3.280011e-05
   2.569576e-06   1.436569e-06  -9.985193e-11  -8.562112e-01  -4.786808e-01   3.327177e-05
   2.560371e-06   1.453463e-06  -1.012632e-10  -8.531440e-01  -4.843101e-01   3.374202e-05
   2.551058e-06   1.470296e-06  -1.026702e-10  -8.500408e-01  -4.899188e-01   3.421084e-05
   2.541637e-06   1.487066e-06  -1.040728e-10  -8.469015e-01  -4.955069e-01   3.467822e-05
   2.532108e-06   1.503773e-06  -1.054711e-10  -8.437265e-01  -5.010739e-01   3.514413e-05
   2.522473e-06   1.520417e-06  -1.068648e-10  -8.405159e-01  -5.066199e-01   3.560855e-05
   2.512730e-06   1.536997e-06  -1.082541e-10  -8.372697e-01  -5.121444e-01   3.607147e-05
   2.502882e-06   1.553511e-06  -1.096388e-10  -8.339881e-01  -5.176472e-01   3.653287e-05
   2.492928e-06   1.569961e-06  -1.110189e-10  -8.306714e-01  -5.231283e-01   3.699273e-05
   2.482869e-06   1.586343e-06  -1.123943e-10  -8.273196e-01  -5.285872e-01   3.745102e-05
   2.472705e-06   1.602659e-06  -1.137649e-10  -8.239329e-01  -5.340239e-01   3.790773e-05
   2.462437e-06   1.618908e-06  -1.151308e-10  -8.205114e-01  -5.394380e-01   3.836285e-05
   2.452065e-06   1.635088e-06  -1.164918e-10  -8.170554e-01  -5.448294e-01   3.881635e-05
   2.441590e-06   1.651199e-06  -1.178478e-10  -8.135649e-01  -5.501978e-01   3.926821e-05
   2.431012e-06   1.667240e-06  -1.191990e-10  -8.100401e-01  -5.555430e-01   3.971841e-05
   2.420331e-06   1.683212e-06  -1.205450e-10  -8.064812e-01  -5.608649e-01   4.016695e-05
   2.409549e-06   1.699112e-06  -1.218861e-10  -8.028884e-01  -5.661631e-01   4.061379e-05
   2.398665e-06   1.714941e-06  -1.232220e-10  -7.992618e-01  -5.714375e-01   4.105893e-05
   2.387680e-06   1.730698e-06  -1.245527e-10  -7.956015e-01  -5.766878e-01   4.150233e-05
   2.376595e-06   1.746382e-06  -1.258781e-10  -7.919078e-01  -5.819139e-01   4.194399e-05
   2.365410e-06   1.761993e-06  -1.271983e-10  -7.881808e-01  -5.871156e-01   4.238389e-05
   2.354125e-06   1.777529e-06  -1.285131e-10  -7.844206e-01  -5.922925e-01   4.282200e-05
   2.342742e-06   1.792991e-06  -1.298226e-10  -7.806275e-01  -5.974446e-01   4.325832e-05
   2.331260e-06   1.808378e-06  -1.311265e-10  -7.768016e-01  -6.025716e-01   4.369282e-05
   2.319680e-06   1.823688e-06  -1.324250e-10  -7.729431e-01  -6.076733e-01   4.412548e-05
   2.308003e-06   1.838923e-06  -1.337179e-10  -7.690522e-01  -6.127494e-01   4.455630e-05
   2.296229e-06   1.854080e-06  -1.350052e-10  -7.651290e-01  -6.177999e-01   4.498524e-05
   2.284359e-06   1.869159e-06  -1.362869e-10  -7.611737e-01  -6.228244e-01   4.541230e-05
   2.272393e-06   1.884160e-06  -1.375628e-10  -7.571865e-01  -6.278229e-01   4.583745e-05
   2.260331e-06   1.899081e-06  -1.388330e-10  -7.531675e-01  -6.327950e-01   4.626068e-05
   2.248175e-06   1.913924e-06  -1.400973e-10  -7.491170e-01  -6.377406e-01   4.668197e-05
   2.235925e-06   1.928686e-06  -1.413558e-10  -7.450351e-01  -6.426595e-01   4.710131e-05
   2.223581e-06   1.943367e-06  -1.426083e-10  -7.409220e-01  -6.475515e-01   4.751868e-05
   2.211145e-06   1.957967e-06  -1.438549e-10  -7.367779e-01  -6.524164e-01   4.793406e-05
   2.198615e-06   1.972485e-06  -1.450955e-10  -7.326030e-01  -6.572540e-01   4.834743e-05
   2.185994e-06   1.986921e-06  -1.463300e-10  -7.283975e-01  -6.620641e-01   4.875878e-05
   2.173281e-06   2.001273e-06  -1.475584e-10  -7.241615e-01  -6.668465e-01   4.916809e-05
   2.160478e-06   2.015542e-06  -1.487806e-10  -7.198952e-01  -6.716011e-01   4.957535e-05
   2.147584e-06   2.029727e-06  -1.499966e-10  -7.155989e-01  -6.763276e-01   4.998053e-05
   2.134601e-06   2.043827e-06  -1.512063e-10  -7.112726e-01  -6.810258e-01   5.038363e-05
   2.121528e-06   2.057842e-06  -1.524098e-10  -7.069167e-01  -6.856957e-01   5.078463e-05
   2.108367e-06   2.071770e-06  -1.536068e-10  -7.025313e-01  -6.903369e-01   5.118350e-05
   2.095118e-06   2.085613e-06  -1.547975e-10  -6.981166e-01  -6.949493e-01   5.158024e-05
   2.081782e-06   2.099368e-06  -1.559817e-10  -6.936728e-01  -6.995328e-01   5.197483e-05
   2.068358e-06   2.113036e-06  -1.571594e-10  -6.892000e-01  -7.040870e-01   5.236726e-05
   2.054849e-06   2.126616e-06  -1.583306e-10  -6.846985e-01  -7.086120e-01   5.275750e-05
   2.041254e-06   2.140107e-06  -1.594951e-10  -6.801686e-01  -7.131074e-01   5.314554e-05
   2.027574e-06   2.153509e-06  -1.606530e-10  -6.756103e-01  -7.175732e-01   5.353137e-05
   2.013810e-06   2.166822e-06  -1.618043e-10  -6.710238e-01  -7.220090e-01   5.391498e-05
   1.999962e-06   2.180044e-06  -1.629488e-10  -6.664095e-01  -7.264149e-01   5.429634e-05
   1.986031e-06   2.193176e-06  -1.640865e-10  -6.617674e-01  -7.307905e-01   5.467544e-05
   1.972017e-06   2.206216e-06  -1.652174e-10  -6.570979e-01  -7.351357e-01   5.505227e-05
   1.957921e-06   2.219165e-06  -1.663414e-10  -6.524010e-01  -7.394504e-01   5.542681e-05
   1.943744e-06   2.232022e-06  -1.674585e-10  -6.476770e-01  -7.437344e-01   5.579905e-05
   1.929486e-06   2.244786e-06  -1.685687e-10  -6.429261e-01  -7.479875e-01   5.616897e-05
   1.915148e-06   2.257456e-06  -1.696719e-10  -6.381486e-01  -7.522095e-01   5.653656e-05
   1.900731e-06   2.270034e-06  -1.707680e-10  -6.333445e-01  -7.564004e-01   5.690180e-05
   1.886234e-06   2.282516e-06  -1.718571e-10  -6.285142e-01  -7.605598e-01   5.726469e-05
   1.871660e-06   2.294905e-06  -1.729390e-10  -6.236579e-01  -7.646877e-01   5.762519e-05
   1.857008e-06   2.307198e-06  -1.740138e-10  -6.187757e-01  -7.687840e-01   5.798332e-05
   1.842279e-06   2.319396e-06  -1.750813e-10  -6.138678e-01  -7.728483e-01   5.833903e-05
   1.827474e-06   2.331497e-06  -1.761416e-10  -6.089345e-01  -7.768807e-01   5.869234e-05
   1.812593e-06   2.343502e-06  -1.771946e-10  -6.039760e-01  -7.808809e-01   5.904321e-05
   1.797637e-06   2.355410e-06  -1.782403e-10  -5.989926e-01  -7.848488e-01   5.939164e-05
   1.782607e-06   2.367221e-06  -1.792786e-10  -5.939843e-01  -7.887842e-01   5.973761e-05
   1.767503e-06   2.378934e-06  -1.803095e-10  -5.889515e-01  -7.926870e-01   6.008112e-05
   1.752326e-06   2.390548e-06  -1.813329e-10  -5.838943e-01  -7.965571e-01   6.042214e-05
   1.737076e-06   2.402064e-06  -1.823488e-10  -5.788130e-01  -8.003942e-01   6.076066e-05
   1.721755e-06   2.413480e-06  -1.833573e-10  -5.737079e-01  -8.041983e-01   6.109667e-05
   1.706363e-06   2.424797e-06  -1.843581e-10  -5.685790e-01  -8.079692e-01   6.143016e-05
   1.690900e-06   2.436013e-06  -1.853513e-10  -5.634266e-01  -8.117067e-01   6.176112e-05
   1.675368e-06   2.447130e-06  -1.863369e-10  -5.582511e-01  -8.154108e-01   6.208953e-05
   1.659766e-06   2.458145e-06  -1.873148e-10  -5.530525e-01  -8.190812e-01   6.241538e-05
   1.644096e-06   2.469059e-06  -1.882850e-10  -5.478311e-01  -8.227179e-01   6.273865e-05
   1.628358e-06   2.479871e-06  -1.892474e-10  -5.425871e-01  -8.263206e-01   6.305934e-05
   1.612554e-06   2.490581e-06  -1.902021e-10  -5.373208e-01  -8.298894e-01   6.337744e-05
   1.596682e-06   2.501189e-06  -1.911489e-10  -5.320323e-01  -8.334239e-01   6.369292e-05
   1.580746e-06   2.511694e-06  -1.920878e-10  -5.267220e-01  -8.369242e-01   6.400578e-05
   1.564744e-06   2.522095e-06  -1.930188e-10  -5.213900e-01  -8.403901e-01   6.431601e-05
   1.548678e-06   2.532393e-06  -1.939419e-10  -5.160366e-01  -8.438213e-01   6.462360e-05
   1.532548e-06   2.542586e-06  -1.948570e-10  -5.106619e-01  -8.472179e-01   6.492853e-05
   1.516355e-06   2.552675e-06  -1.957642e-10  -5.052663e-01  -8.505797e-01   6.523079e-05
   1.500100e-06   2.562660e-06  -1.966632e-10  -4.998499e-01  -8.539066e-01   6.553037e-05
   1.483783e-06   2.572539e-06  -1.975542e-10  -4.944130e-01  -8.571984e-01   6.582726e-05
   1.467405e-06   2.582312e-06  -1.984371e-10  -4.889558e-01  -8.604550e-01   6.612145e-05
   1.450968e-06   2.591980e-06  -1.993119e-10  -4.834785e-01  -8.636764e-01   6.641293e-05
   1.434470e-06   2.601541e-06  -2.001785e-10  -4.779815e-01  -8.668623e-01   6.670169e-05
   1.417914e-06   2.610995e-06  -2.010368e-10  -4.724648e-01  -8.700127e-01   6.698771e-05
   1.401300e-06   2.620343e-06  -2.018870e-10  -4.669288e-01  -8.731274e-01   6.727098e-05
   1.384629e-06   2.629583e-06  -2.027289e-10  -4.613736e-01  -8.762064e-01   6.755151e-05
   1.367900e-06   2.638716e-06  -2.035624e-10  -4.557996e-01  -8.792495e-01   6.782926e-05
   1.351116e-06   2.647741e-06  -2.043877e-10  -4.502069e-01  -8.822566e-01   6.810424e-05
   1.334277e-06   2.656657e-06  -2.052046e-10  -4.445958e-01  -8.852277e-01   6.837644e-05
   1.317383e-06   2.665465e-06  -2.060131e-10  -4.389666e-01  -8.881625e-01   6.864584e-05
   1.300435e-06   2.674164e-06  -2.068131e-10  -4.333193e-01  -8.910611e-01   6.891243e-05
   1.283434e-06   2.682754e-06  -2.076048e-10  -4.276544e-01  -8.939233e-01   6.917621e-05
   1.266380e-06   2.691234e-06  -2.083879e-10  -4.219720e-01  -8.967489e-01   6.943717e-05
   1.249275e-06   2.699604e-06  -2.091626e-10  -4.162724e-01  -8.995380e-01   6.969529e-05
   1.232119e-06   2.707864e-06  -2.099287e-10  -4.105558e-01  -9.022903e-01   6.995056e-05
   1.214913e-06   2.716014e-06  -2.106862e-10  -4.048225e-01  -9.050058e-01   7.020298e-05
   1.197657e-06   2.724052e-06  -2.114352e-10  -3.990727e-01  -9.076845e-01   7.045255e-05
   1.180353e-06   2.731980e-06  -2.121755e-10  -3.933066e-01  -9.103262e-01   7.069923e-05
   1.163000e-06   2.739797e-06  -2.129072e-10  -3.875244e-01  -9.129307e-01   7.094304e-05
   1.145600e-06   2.747502e-06  -2.136302e-10  -3.817265e-01  -9.154981e-01   7.118397e-05
   1.128153e-06   2.755095e-06  -2.143446e-10  -3.759131e-01  -9.180283e-01   7.142199e-05
   1.110660e-06   2.762576e-06  -2.150502e-10  -3.700844e-01  -9.205211e-01   7.165711e-05
   1.093123e-06   2.769945e-06  -2.157471e-10  -3.642406e-01  -9.229764e-01   7.188931e-05
   1.075540e-06   2.777201e-06  -2.164352e-10  -3.583820e-01  -9.253943e-01   7.211860e-05
   1.057914e-06   2.784345e-06  -2.171145e-10  -3.525088e-01  -9.277745e-01   7.234495e-05
   1.040246e-06   2.791375e-06  -2.177849e-10  -3.466214e-01  -9.301171e-01   7.256836e-05
   1.022534e-06   2.798292e-06  -2.184466e-10  -3.407198e-01  -9.324219e-01   7.278883e-05
   1.004782e-06   2.805095e-06  -2.190994e-10  -3.348045e-01  -9.346888e-01   7.300634e-05
   9.869885e-07   2.811785e-06  -2.197433e-10  -3.288755e-01  -9.369179e-01   7.322089e-05
   9.691551e-07   2.818360e-06  -2.203782e-10  -3.229332e-01  -9.391090e-01   7.343248e-05
   9.512825e-07   2.824822e-06  -2.210043e-10  -3.169779e-01  -9.412619e-01   7.364108e-05
   9.333712e-07   2.831169e-06  -2.216214e-10  -3.110097e-01  -9.433768e-01   7.384671e-05
   9.154222e-07   2.837401e-06  -2.222295e-10  -3.050289e-01  -9.454535e-01   7.404934e-05
   8.974362e-07   2.843518e-06  -2.228286e-10  -2.990357e-01  -9.474919e-01   7.424898e-05
   8.794138e-07   2.849521e-06  -2.234188e-10  -2.930304e-01  -9.494919e-01   7.444561e-05
   8.613559e-07   2.855408e-06  -2.239998e-10  -2.870133e-01  -9.514535e-01   7.463923e-05
   8.432631e-07   2.861179e-06  -2.245718e-10  -2.809846e-01  -9.533767e-01   7.482983e-05
   8.251363e-07   2.866835e-06  -2.251348e-10  -2.749446e-01  -9.552614e-01   7.501741e-05
   8.069761e-07   2.872376e-06  -2.256886e-10  -2.688934e-01  -9.571075e-01   7.520196e-05
   7.887834e-07   2.877800e-06  -2.262334e-10  -2.628314e-01  -9.589149e-01   7.538347e-05
   7.705588e-07   2.883108e-06  -2.267690e-10  -2.567587e-01  -9.606836e-01   7.556194e-05
   7.523031e-07   2.888300e-06  -2.272954e-10  -2.506757e-01  -9.624136e-01   7.573736e-05
   7.340171e-07   2.893375e-06  -2.278127e-10  -2.445826e-01  -9.641047e-01   7.590973e-05
   7.157015e-07   2.898334e-06  -2.283208e-10  -2.384797e-01  -9.657570e-01   7.607904e-05
   6.973571e-07   2.903176e-06  -2.288198e-10  -2.323671e-01  -9.673704e-01   7.624528e-05
   6.789846e-07   2.907901e-06  -2.293094e-10  -2.262452e-01  -9.689449e-01   7.640845e-05
   6.605847e-07   2.912509e-06  -2.297899e-10  -2.201142e-01  -9.704803e-01   7.656855e-05
   6.421583e-07   2.917000e-06  -2.302611e-10  -2.139743e-01  -9.719767e-01   7.672556e-05
   6.237060e-07   2.921373e-06  -2.307231e-10  -2.078258e-01  -9.734339e-01   7.687949e-05
   6.052287e-07   2.925629e-06  -2.311758e-10  -2.016689e-01  -9.748521e-01   7.703033e-05
   5.867270e-07   2.929767e-06  -2.316192e-10  -1.955040e-01  -9.762310e-01   7.717807e-05
   5.682018e-07   2.933788e-06  -2.320532e-10  -1.893311e-01  -9.775708e-01   7.732272e-05
   5.496538e-07   2.937691e-06  -2.324780e-10  -1.831507e-01  -9.788713e-01   7.746425e-05
   5.310837e-07   2.941476e-06  -2.328934e-10  -1.769630e-01  -9.801325e-01   7.760268e-05
   5.124923e-07   2.945143e-06  -2.332995e-10  -1.707681e-01  -9.813544e-01   7.773800e-05
   4.938803e-07   2.948692e-06  -2.336963e-10  -1.645664e-01  -9.825369e-01   7.787019e-05
   4.752485e-07   2.952123e-06  -2.340837e-10  -1.583581e-01  -9.836801e-01   7.799927e-05
   4.565977e-07   2.955435e-06  -2.344616e-10  -1.521434e-01  -9.847838e-01   7.812522e-05
   4.379287e-07   2.958629e-06  -2.348302e-10  -1.459227e-01  -9.858481e-01   7.824804e-05
   4.192420e-07   2.961705e-06  -2.351894e-10  -1.396961e-01  -9.868729e-01   7.836773e-05
   4.005386e-07   2.964662e-06  -2.355392e-10  -1.334639e-01  -9.878582e-01   7.848429e-05
   3.818192e-07   2.967500e-06  -2.358796e-10  -1.272264e-01  -9.888041e-01   7.859770e-05
   3.630846e-07   2.970220e-06  -2.362105e-10  -1.209838e-01  -9.897104e-01   7.870797e-05
   3.443354e-07   2.972821e-06  -2.365320e-10  -1.147364e-01  -9.905771e-01   7.881510e-05
   3.255724e-07   2.975304e-06  -2.368441e-10  -1.084843e-01  -9.914043e-01   7.891908e-05
   3.067965e-07   2.977667e-06  -2.371467e-10  -1.022280e-01  -9.921918e-01   7.901990e-05
   2.880083e-07   2.979912e-06  -2.374398e-10  -9.596755e-02  -9.929398e-01   7.911758e-05
   2.692086e-07   2.982038e-06  -2.377234e-10  -8.970329e-02  -9.936482e-01   7.921209e-05
   2.503982e-07   2.984045e-06  -2.379976e-10  -8.343545e-02  -9.943169e-01   7.930345e-05
   2.315778e-07   2.985933e-06  -2.382623e-10  -7.716429e-02  -9.949460e-01   7.939165e-05
   2.127482e-07   2.987702e-06  -2.385175e-10  -7.089005e-02  -9.955355e-01   7.947668e-05
   1.939101e-07   2.989352e-06  -2.387632e-10  -6.461298e-02  -9.960853e-01   7.955855e-05
   1.750642e-07   2.990883e-06  -2.389994e-10  -5.833335e-02  -9.965954e-01   7.963725e-05
   1.562114e-07   2.992295e-06  -2.392261e-10  -5.205139e-02  -9.970659e-01   7.971278e-05
   1.373525e-07   2.993588e-06  -2.394432e-10  -4.576736e-02  -9.974968e-01   7.978514e-05
   1.184880e-07   2.994762e-06  -2.396509e-10  -3.948151e-02  -9.978879e-01   7.985433e-05
   9.961882e-08   2.995817e-06  -2.398490e-10  -3.319410e-02  -9.982395e-01   7.992034e-05
   8.074570e-08   2.996753e-06  -2.400376e-10  -2.690536e-02  -9.985513e-01   7.998318e-05
   6.186936e-08   2.997570e-06  -2.402166e-10  -2.061556e-02  -9.988235e-01   8.004284e-05
   4.299058e-08   2.998268e-06  -2.403861e-10  -1.432494e-02  -9.990561e-01   8.009933e-05
   2.411008e-08   2.998847e-06  -2.405461e-10  -8.033747e-03  -9.992490e-01   8.015264e-05
   5.228632e-09   2.999307e-06  -2.406966e-10  -1.742238e-03  -9.994023e-01   8.020277e-05
  -1.365303e-08   2.999648e-06  -2.408375e-10   4.549340e-03  -9.995160e-01   8.024972e-05
  -3.253414e-08   2.999870e-06  -2.409688e-10   1.084074e-02  -9.995901e-01   8.029349e-05
  -5.141397e-08   2.999974e-06  -2.410907e-10   1.713171e-02  -9.996246e-01   8.033408e-05
  -7.029176e-08   2.999959e-06  -2.412029e-10   2.342200e-02  -9.996195e-01   8.037150e-05
  -8.916677e-08   2.999825e-06  -2.413057e-10   2.971136e-02  -9.995749e-01   8.040573e-05
  -1.080383e-07   2.999572e-06  -2.413989e-10   3.599955e-02  -9.994907e-01   8.043678e-05
  -1.269055e-07   2.999201e-06  -2.414825e-10   4.228631e-02  -9.993670e-01   8.046465e-05
  -1.457677e-07   2.998711e-06  -2.415566e-10   4.857140e-02  -9.992038e-01   8.048934e-05
  -1.646241e-07   2.998103e-06  -2.416211e-10   5.485458e-02  -9.990012e-01   8.051085e-05
  -1.834740e-07   2.997376e-06  -2.416762e-10   6.113559e-02  -9.987591e-01   8.052918e-05
  -2.023167e-07   2.996531e-06  -2.417216e-10   6.741418e-02  -9.984776e-01   8.054433e-05
  -2.211514e-07   2.995568e-06  -2.417576e-10   7.369012e-02  -9.981566e-01   8.055630e-05
  -2.399774e-07   2.994487e-06  -2.417840e-10   7.996315e-02  -9.977963e-01   8.056510e-05
  -2.587940e-07   2.993288e-06  -2.418008e-10   8.623302e-02  -9.973967e-01   8.057072e-05
  -2.776003e-07   2.991971e-06  -2.418082e-10   9.249950e-02  -9.969578e-01   8.057317e-05
  -2.963957e-07   2.990535e-06  -2.418060e-10   9.876234e-02  -9.964796e-01   8.057245e-05
  -3.151794e-07   2.988983e-06  -2.417943e-10   1.050213e-01  -9.959622e-01   8.056855e-05
  -3.339508e-07   2.987312e-06  -2.417731e-10   1.112761e-01  -9.954056e-01   8.056148e-05
  -3.527090e-07   2.985524e-06  -2.417424e-10   1.175265e-01  -9.948098e-01   8.055124e-05
  -3.714533e-07   2.983619e-06  -2.417021e-10   1.237724e-01  -9.941750e-01   8.053784e-05
  -3.901830e-07   2.981596e-06  -2.416524e-10   1.300133e-01  -9.935010e-01   8.052127e-05
  -4.088974e-07   2.979457e-06  -2.415932e-10   1.362492e-01  -9.927880e-01   8.050153e-05
  -4.275958e-07   2.977200e-06  -2.415245e-10   1.424797e-01  -9.920361e-01   8.047864e-05
  -4.462773e-07   2.974826e-06  -2.414463e-10   1.487046e-01  -9.912451e-01   8.045258e-05
  -4.649414e-07   2.972336e-06  -2.413586e-10   1.549236e-01  -9.904153e-01   8.042337e-05
  -4.835872e-07   2.969729e-06  -2.412615e-10   1.611366e-01  -9.895467e-01   8.039101e-05
  -5.022140e-07   2.967006e-06  -2.411549e-10   1.673433e-01  -9.886393e-01   8.035549e-05
  -5.208212e-07   2.964166e-06  -2.410389e-10   1.735434e-01  -9.876931e-01   8.031683e-05
  -5.394080e-07   2.961211e-06  -2.409134e-10   1.797367e-01  -9.867082e-01   8.027502e-05
  -5.579736e-07   2.958139e-06  -2.407785e-10   1.859230e-01  -9.856847e-01   8.023007e-05
  -5.765175e-07   2.954952e-06  -2.406342e-10   1.921020e-01  -9.846227e-01   8.018197e-05
  -5.950387e-07   2.951649e-06  -2.404804e-10   1.982735e-01  -9.835221e-01   8.013074e-05
  -6.135367e-07   2.948230e-06  -2.403173e-10   2.044372e-01  -9.823830e-01   8.007638e-05
  -6.320107e-07   2.944697e-06  -2.401447e-10   2.105930e-01  -9.812056e-01   8.001889e-05
  -6.504601e-07   2.941048e-06  -2.399628e-10   2.167405e-01  -9.799898e-01   7.995827e-05
  -6.688840e-07   2.937284e-06  -2.397715e-10   2.228796e-01  -9.787358e-01   7.989452e-05
  -6.872818e-07   2.933406e-06  -2.395708e-10   2.290099e-01  -9.774435e-01   7.982766e-05
  -7.056528e-07   2.929414e-06  -2.393608e-10   2.351313e-01  -9.761131e-01   7.975769e-05
  -7.239963e-07   2.925307e-06  -2.391415e-10   2.412436e-01  -9.747447e-01   7.968460e-05
  -7.423115e-07   2.921086e-06  -2.389128e-10   2.473464e-01  -9.733382e-01   7.960841e-05
  -7.605978e-07   2.916751e-06  -2.386749e-10   2.534396e-01  -9.718938e-01   7.952911e-05
  -7.788545e-07   2.912303e-06  -2.384276e-10   2.595230e-01  -9.704115e-01   7.944672e-05
  -7.970809e-07   2.907741e-06  -2.381710e-10   2.655962e-01  -9.688915e-01   7.936123e-05
  -8.152762e-07   2.903066e-06  -2.379052e-10   2.716591e-01  -9.673337e-01   7.927266e-05
  -8.334398e-07   2.898278e-06  -2.376301e-10   2.777114e-01  -9.657383e-01   7.918100e-05
  -8.515711e-07   2.893377e-06  -2.373458e-10   2.837529e-01  -9.641054e-01   7.908626e-05
  -8.696692e-07   2.888364e-06  -2.370523e-10   2.897834e-01  -9.624350e-01   7.898844e-05
  -8.877335e-07   2.883239e-06  -2.367495e-10   2.958026e-01  -9.607271e-01   7.888756e-05
  -9.057633e-07   2.878001e-06  -2.364375e-10   3.018104e-01  -9.589820e-01   7.878361e-05
  -9.237580e-07   2.872652e-06  -2.361164e-10   3.078064e-01  -9.571996e-01   7.867661e-05
  -9.417168e-07   2.867192e-06  -2.357861e-10   3.137905e-01  -9.553801e-01   7.856655e-05
  -9.596391e-07   2.861620e-06  -2.354467e-10   3.197624e-01  -9.535235e-01   7.845344e-05
  -9.775241e-07   2.855937e-06  -2.350981e-10   3.257219e-01  -9.516300e-01   7.833729e-05
  -9.953713e-07   2.850144e-06  -2.347404e-10   3.316688e-01  -9.496995e-01   7.821810e-05
  -1.013180e-06   2.844240e-06  -2.343736e-10   3.376028e-01  -9.477323e-01   7.809589e-05
  -1.030949e-06   2.838226e-06  -2.339977e-10   3.435237e-01  -9.457283e-01   7.797065e-05
  -1.048679e-06   2.832102e-06  -2.336128e-10   3.494314e-01  -9.436878e-01   7.784239e-05
  -1.066368e-06   2.825868e-06  -2.332189e-10   3.553255e-01  -9.416107e-01   7.771112e-05
  -1.084015e-06   2.819526e-06  -2.328159e-10   3.612059e-01  -9.394972e-01   7.757684e-05
  -1.101621e-06   2.813074e-06  -2.324039e-10   3.670723e-01  -9.373474e-01   7.743956e-05
  -1.119184e-06   2.806513e-06  -2.319829e-10   3.729246e-01  -9.351613e-01   7.729929e-05
  -1.136704e-06   2.799844e-06  -2.315530e-10   3.787624e-01  -9.329392e-01   7.715604e-05
  -1.154180e-06   2.793067e-06  -2.311141e-10   3.845856e-01  -9.306810e-01   7.700980e-05
  -1.171612e-06   2.786182e-06  -2.306664e-10   3.903940e-01  -9.283868e-01   7.686059e-05
  -1.188998e-06   2.779190e-06  -2.302097e-10   3.961873e-01  -9.260569e-01   7.670842e-05
  -1.206338e-06   2.772090e-06  -2.297441e-10   4.019653e-01  -9.236912e-01   7.655328e-05
  -1.223632e-06   2.764884e-06  -2.292697e-10   4.077278e-01  -9.212899e-01   7.639520e-05
  -1.240879e-06   2.757571e-06  -2.287864e-10   4.134746e-01  -9.188532e-01   7.623417e-05
  -1.258078e-06   2.750151e-06  -2.282943e-10   4.192055e-01  -9.163810e-01   7.607021e-05
  -1.275228e-06   2.742626e-06  -2.277935e-10   4.249202e-01  -9.138735e-01   7.590331e-05
  -1.292330e-06   2.734995e-06  -2.272838e-10   4.306186e-01  -9.113309e-01   7.573350e-05
  -1.309381e-06   2.727260e-06  -2.267655e-10   4.363004e-01  -9.087531e-01   7.556077e-05
  -1.326383e-06   2.719419e-06  -2.262384e-10   4.419654e-01  -9.061405e-01   7.538513e-05
  -1.343333e-06   2.711473e-06  -2.257026e-10   4.476134e-01  -9.034930e-01   7.520660e-05
  -1.360232e-06   2.703424e-06  -2.251581e-10   4.532443e-01  -9.008108e-01   7.502517e-05
  -1.377078e-06   2.695270e-06  -2.246050e-10   4.588577e-01  -8.980939e-01   7.484086e-05
  -1.393872e-06   2.687013e-06  -2.240432e-10   4.644535e-01  -8.953426e-01   7.465368e-05
  -1.410612e-06   2.678653e-06  -2.234729e-10   4.700315e-01  -8.925569e-01   7.446364e-05
  -1.427298e-06   2.670190e-06  -2.228939e-10   4.755914e-01  -8.897370e-01   7.427074e-05
  -1.443929e-06   2.661625e-06  -2.223065e-10   4.811331e-01  -8.868830e-01   7.407498e-05
  -1.460505e-06   2.652958e-06  -2.217105e-10   4.866563e-01  -8.839949e-01   7.387639e-05
  -1.477024e-06   2.644189e-06  -2.211060e-10   4.921610e-01  -8.810730e-01   7.367497e-05
  -1.493488e-06   2.635318e-06  -2.204930e-10   4.976467e-01  -8.781173e-01   7.347072e-05
  -1.509894e-06   2.626347e-06  -2.198716e-10   5.031134e-01  -8.751280e-01   7.326367e-05
  -1.526242e-06   2.617275e-06  -2.192418e-10   5.085608e-01  -8.721052e-01   7.305380e-05
  -1.542532e-06   2.608103e-06  -2.186036e-10   5.139888e-01  -8.690490e-01   7.284115e-05
  -1.558763e-06   2.598832e-06  -2.179570e-10   5.193971e-01  -8.659596e-01   7.262570e-05
  -1.574934e-06   2.589461e-06  -2.173021e-10   5.247856e-01  -8.628371e-01   7.240748e-05
  -1.591045e-06   2.579991e-06  -2.166389e-10   5.301540e-01  -8.596816e-01   7.218649e-05
  -1.607096e-06   2.570422e-06  -2.159674e-10   5.355021e-01  -8.564933e-01   7.196275e-05
  -1.623085e-06   2.560756e-06  -2.152877e-10   5.408298e-01  -8.532722e-01   7.173626e-05
  -1.639012e-06   2.550991e-06  -2.145998e-10   5.461369e-01  -8.500186e-01   7.150702e-05
  -1.654876e-06   2.541130e-06  -2.139036e-10   5.514231e-01  -8.467326e-01   7.127506e-05
  -1.670678e-06   2.531171e-06  -2.131993e-10   5.566883e-01  -8.434142e-01   7.104039e-05
  -1.686415e-06   2.521116e-06  -2.124869e-10   5.619323e-01  -8.400637e-01   7.080300e-05
  -1.702089e-06   2.510964e-06  -2.117664e-10   5.671548e-01  -8.366812e-01   7.056291e-05
  -1.717697e-06   2.500717e-06  -2.110378e-10   5.723557e-01  -8.332668e-01   7.032014e-05
  -1.733240e-06   2.490375e-06  -2.103012e-10   5.775349e-01  -8.298207e-01   7.007468e-05
  -1.748717e-06   2.479938e-06  -2.095565e-10   5.826920e-01  -8.263430e-01   6.982656e-05
  -1.764128e-06   2.469407e-06  -2.088039e-10   5.878270e-01  -8.228338e-01   6.957579e-05
  -1.779471e-06   2.458782e-06  -2.080434e-10   5.929396e-01  -8.192933e-01   6.932236e-05
  -1.794747e-06   2.448063e-06  -2.072749e-10   5.980297e-01  -8.157217e-01   6.906630e-05
  -1.809955e-06   2.437251e-06  -2.064986e-10   6.030970e-01  -8.121191e-01   6.880762e-05
  -1.825094e-06   2.426346e-06  -2.057144e-10   6.081414e-01  -8.084856e-01   6.854632e-05
  -1.840163e-06   2.415350e-06  -2.049224e-10   6.131628e-01  -8.048214e-01   6.828241e-05
  -1.855163e-06   2.404262e-06  -2.041226e-10   6.181608e-01  -8.011266e-01   6.801592e-05
  -1.870092e-06   2.393082e-06  -2.033151e-10   6.231354e-01  -7.974015e-01   6.774684e-05
  -1.884950e-06   2.381812e-06  -2.024998e-10   6.280863e-01  -7.936461e-01   6.747519e-05
  -1.899737e-06   2.370451e-06  -2.016769e-10   6.330134e-01  -7.898605e-01   6.720099e-05
  -1.914452e-06   2.359000e-06  -2.008463e-10   6.379166e-01  -7.860451e-01   6.692423e-05
  -1.929094e-06   2.347460e-06  -2.000082e-10   6.427955e-01  -7.821998e-01   6.664494e-05
  -1.943663e-06   2.335831e-06  -1.991624e-10   6.476501e-01  -7.783250e-01   6.636313e-05
  -1.958159e-06   2.324114e-06  -1.983091e-10   6.524802e-01  -7.744206e-01   6.607880e-05
  -1.972580e-06   2.312309e-06  -1.974483e-10   6.572855e-01  -7.704870e-01   6.579197e-05
  -1.986927e-06   2.300416e-06  -1.965800e-10   6.620660e-01  -7.665241e-01   6.550265e-05
  -2.001198e-06   2.288436e-06  -1.957043e-10   6.668215e-01  -7.625323e-01   6.521085e-05
  -2.015394e-06   2.276370e-06  -1.948212e-10   6.715517e-01  -7.585117e-01   6.491659e-05
  -2.029514e-06   2.264217e-06  -1.939307e-10   6.762566e-01  -7.544623e-01   6.461987e-05
  -2.043557e-06   2.251979e-06  -1.930329e-10   6.809359e-01  -7.503845e-01   6.432071e-05
  -2.057523e-06   2.239656e-06  -1.921278e-10   6.855895e-01  -7.462783e-01   6.401912e-05
  -2.071411e-06   2.227249e-06  -1.912155e-10   6.902172e-01  -7.421440e-01   6.371512e-05
  -2.085221e-06   2.214757e-06  -1.902959e-10   6.948188e-01  -7.379816e-01   6.340871e-05
  -2.098952e-06   2.202182e-06  -1.893692e-10   6.993942e-01  -7.337914e-01   6.309991e-05
  -2.112605e-06   2.189524e-06  -1.884353e-10   7.039433e-01  -7.295736e-01   6.278872e-05
  -2.126177e-06   2.176783e-06  -1.874943e-10   7.084658e-01  -7.253282e-01   6.247518e-05
  -2.139669e-06   2.163960e-06  -1.865462e-10   7.129616e-01  -7.210554e-01   6.215927e-05
  -2.153081e-06   2.151055e-06  -1.855911e-10   7.174306e-01  -7.167555e-01   6.184102e-05
  -2.166412e-06   2.138070e-06  -1.846291e-10   7.218725e-01  -7.124287e-01   6.152045e-05
  -2.179661e-06   2.125004e-06  -1.836600e-10   7.262872e-01  -7.080750e-01   6.119756e-05
  -2.192828e-06   2.111858e-06  -1.826841e-10   7.306746e-01  -7.036946e-01   6.087236e-05
  -2.205913e-06   2.098633e-06  -1.817013e-10   7.350346e-01  -6.992878e-01   6.054488e-05
  -2.218914e-06   2.085329e-06  -1.807116e-10   7.393668e-01  -6.948546e-01   6.021512e-05
  -2.231832e-06   2.071946e-06  -1.797152e-10   7.436713e-01  -6.903954e-01   5.988309e-05
  -2.244667e-06   2.058485e-06  -1.787120e-10   7.479479e-01  -6.859102e-01   5.954881e-05
  -2.257417e-06   2.044948e-06  -1.777021e-10   7.521963e-01  -6.813992e-01   5.921230e-05
  -2.270082e-06   2.031333e-06  -1.766855e-10   7.564165e-01  -6.768626e-01   5.887356e-05
  -2.282662e-06   2.017642e-06  -1.756623e-10   7.606083e-01  -6.723007e-01   5.853262e-05
  -2.295156e-06   2.003875e-06  -1.746325e-10   7.647715e-01  -6.677135e-01   5.818947e-05
  -2.307564e-06   1.990033e-06  -1.735961e-10   7.689061e-01  -6.631012e-01   5.784414e-05
  -2.319886e-06   1.976117e-06  -1.725532e-10   7.730118e-01  -6.584641e-01   5.749665e-05
  -2.332121e-06   1.962126e-06  -1.715039e-10   7.770885e-01  -6.538023e-01   5.714700e-05
  -2.344268e-06   1.948062e-06  -1.704481e-10   7.811361e-01  -6.491160e-01   5.679520e-05
  -2.356327e-06   1.933925e-06  -1.693860e-10   7.851544e-01  -6.444053e-01   5.644128e-05
  -2.368299e-06   1.919716e-06  -1.683175e-10   7.891434e-01  -6.396706e-01   5.608524e-05
  -2.380181e-06   1.905434e-06  -1.672426e-10   7.931028e-01  -6.349118e-01   5.572711e-05
  -2.391975e-06   1.891082e-06  -1.661616e-10   7.970325e-01  -6.301294e-01   5.536689e-05
  -2.403678e-06   1.876658e-06  -1.650743e-10   8.009324e-01  -6.253233e-01   5.500459e-05
  -2.415293e-06   1.862164e-06  -1.639809e-10   8.048023e-01  -6.204938e-01   5.464024e-05
  -2.426816e-06   1.847601e-06  -1.628813e-10   8.086421e-01  -6.156412e-01   5.427385e-05
  -2.438249e-06   1.832969e-06  -1.617756e-10   8.124517e-01  -6.107655e-01   5.390543e-05
  -2.449591e-06   1.818268e-06  -1.606639e-10   8.162310e-01  -6.058671e-01   5.353499e-05
  -2.460842e-06   1.803499e-06  -1.595462e-10   8.199797e-01  -6.009459e-01   5.316255e-05
  -2.472000e-06   1.788663e-06  -1.584225e-10   8.236979e-01  -5.960024e-01   5.278813e-05
  -2.483066e-06   1.773760e-06  -1.572929e-10   8.273853e-01  -5.910366e-01   5.241174e-05
  -2.494040e-06   1.758791e-06  -1.561574e-10   8.310418e-01  -5.860487e-01   5.203339e-05
  -2.504920e-06   1.743756e-06  -1.550162e-10   8.346673e-01  -5.810390e-01   5.165311e-05
  -2.515708e-06   1.728657e-06  -1.538691e-10   8.382617e-01  -5.760076e-01   5.127089e-05
  -2.526401e-06   1.713493e-06  -1.527163e-10   8.418249e-01  -5.709548e-01   5.088676e-05
  -2.537000e-06   1.698265e-06  -1.515578e-10   8.453566e-01  -5.658806e-01   5.050074e-05
  -2.547505e-06   1.682973e-06  -1.503937e-10   8.488569e-01  -5.607854e-01   5.011284e-05
  -2.557915e-06   1.667619e-06  -1.492239e-10   8.523256e-01  -5.556693e-01   4.972307e-05
  -2.568229e-06   1.652203e-06  -1.480486e-10   8.557625e-01  -5.505325e-01   4.933145e-05
  -2.578448e-06   1.636726e-06  -1.468678e-10   8.591676e-01  -5.453752e-01   4.893799e-05
  -2.588571e-06   1.621187e-06  -1.456816e-10   8.625407e-01  -5.401977e-01   4.854271e-05
  -2.598598e-06   1.605589e-06  -1.444899e-10   8.658817e-01  -5.350000e-01   4.814563e-05
  -2.608528e-06   1.589930e-06  -1.432928e-10   8.691905e-01  -5.297824e-01   4.774675e-05
  -2.618361e-06   1.574213e-06  -1.420904e-10   8.724671e-01  -5.245452e-01   4.734610e-05
  -2.628097e-06   1.558437e-06  -1.408827e-10   8.757112e-01  -5.192884e-01   4.694369e-05
  -2.637735e-06   1.542603e-06  -1.396698e-10   8.789227e-01  -5.140124e-01   4.653954e-05
  -2.647276e-06   1.526712e-06  -1.384517e-10   8.821016e-01  -5.087173e-01   4.613366e-05
  -2.656718e-06   1.510764e-06  -1.372285e-10   8.852478e-01  -5.034032e-01   4.572607e-05
  -2.666061e-06   1.494760e-06  -1.360002e-10   8.883611e-01  -4.980705e-01   4.531677e-05
  -2.675305e-06   1.478700e-06  -1.347668e-10   8.914415e-01  -4.927194e-01   4.490580e-05
  -2.684451e-06   1.462586e-06  -1.335285e-10   8.944888e-01  -4.873499e-01   4.449316e-05
  -2.693496e-06   1.446418e-06  -1.322851e-10   8.975029e-01  -4.819624e-01   4.407888e-05
  -2.702442e-06   1.430195e-06  -1.310369e-10   9.004837e-01  -4.765570e-01   4.366295e-05
  -2.711288e-06   1.413920e-06  -1.297838e-10   9.034312e-01  -4.711339e-01   4.324541e-05
  -2.720033e-06   1.397593e-06  -1.285259e-10   9.063452e-01  -4.656934e-01   4.282627e-05
  -2.728678e-06   1.381213e-06  -1.272633e-10   9.092257e-01  -4.602357e-01   4.240554e-05
  -2.737221e-06   1.364783e-06  -1.259959e-10   9.120724e-01  -4.547609e-01   4.198324e-05
  -2.745663e-06   1.348302e-06  -1.247239e-10   9.148855e-01  -4.492692e-01   4.155939e-05
  -2.754004e-06   1.331771e-06  -1.234473e-10   9.176646e-01  -4.437610e-01   4.113400e-05
  -2.762242e-06   1.315191e-06  -1.221661e-10   9.204098e-01  -4.382363e-01   4.070709e-05
  -2.770379e-06   1.298562e-06  -1.208803e-10   9.231210e-01  -4.326954e-01   4.027867e-05
  -2.778413e-06   1.281886e-06  -1.195901e-10   9.257980e-01  -4.271385e-01   3.984876e-05
  -2.786344e-06   1.265162e-06  -1.182955e-10   9.284409e-01  -4.215659e-01   3.941738e-05
  -2.794173e-06   1.248391e-06  -1.169965e-10   9.310494e-01  -4.159776e-01   3.898455e-05
  -2.801898e-06   1.231574e-06  -1.156932e-10   9.336235e-01  -4.103740e-01   3.855027e-05
  -2.809520e-06   1.214711e-06  -1.143857e-10   9.361631e-01  -4.047552e-01   3.811457e-05
  -2.817038e-06   1.197804e-06  -1.130739e-10   9.386682e-01  -3.991215e-01   3.767746e-05
  -2.824452e-06   1.180852e-06  -1.117579e-10   9.411387e-01  -3.934731e-01   3.723897e-05
  -2.831762e-06   1.163857e-06  -1.104378e-10   9.435744e-01  -3.878101e-01   3.679909e-05
  -2.838967e-06   1.146819e-06  -1.091136e-10   9.459753e-01  -3.821329e-01   3.635787e-05
  -2.846068e-06   1.129739e-06  -1.077854e-10   9.483413e-01  -3.764415e-01   3.591530e-05
  -2.853063e-06   1.112617e-06  -1.064532e-10   9.506724e-01  -3.707363e-01   3.547140e-05
  -2.859954e-06   1.095454e-06  -1.051171e-10   9.529684e-01  -3.650174e-01   3.502620e-05
  -2.866739e-06   1.078251e-06  -1.037772e-10   9.552293e-01  -3.592850e-01   3.457971e-05
  -2.873419e-06   1.061007e-06  -1.024334e-10   9.574550e-01  -3.535395e-01   3.413194e-05
  -2.879992e-06   1.043725e-06  -1.010858e-10   9.596455e-01  -3.477809e-01   3.368292e-05
  -2.886460e-06   1.026405e-06  -9.973454e-11   9.618006e-01  -3.420094e-01   3.323266e-05
  -2.892822e-06   1.009046e-06  -9.837958e-11   9.639203e-01  -3.362255e-01   3.278117e-05
  -2.899077e-06   9.916509e-07  -9.702101e-11   9.660046e-01  -3.304291e-01   3.232848e-05
  -2.905225e-06   9.742189e-07  -9.565886e-11   9.680533e-01  -3.246206e-01   3.187459e-05
  -2.911267e-06   9.567511e-07  -9.429320e-11   9.700664e-01  -3.188001e-01   3.141954e-05
  -2.917201e-06   9.392482e-07  -9.292407e-11   9.720438e-01  -3.129679e-01   3.096333e-05
  -2.923029e-06   9.217107e-07  -9.155152e-11   9.739855e-01  -3.071242e-01   3.050598e-05
  -2.928748e-06   9.041393e-07  -9.017561e-11   9.758915e-01  -3.012693e-01   3.004752e-05
  -2.934361e-06   8.865347e-07  -8.879639e-11   9.777615e-01  -2.954032e-01   2.958794e-05
  -2.939865e-06   8.688976e-07  -8.741391e-11   9.795957e-01  -2.895263e-01   2.912728e-05
  -2.945262e-06   8.512285e-07  -8.602821e-11   9.813939e-01  -2.836388e-01   2.866555e-05
  -2.950550e-06   8.335282e-07  -8.463936e-11   9.831560e-01  -2.777409e-01   2.820277e-05
  -2.955730e-06   8.157973e-07  -8.324740e-11   9.848821e-01  -2.718327e-01   2.773896e-05
  -2.960802e-06   7.980365e-07  -8.185238e-11   9.865720e-01  -2.659146e-01   2.727412e-05
  -2.965765e-06   7.802464e-07  -8.045437e-11   9.882258e-01  -2.599868e-01   2.680829e-05
  -2.970619e-06   7.624276e-07  -7.905340e-11   9.898433e-01  -2.540494e-01   2.634147e-05
  -2.975364e-06   7.445810e-07  -7.764953e-11   9.914245e-01  -2.481026e-01   2.587369e-05
  -2.980001e-06   7.267070e-07  -7.624282e-11   9.929693e-01  -2.421468e-01   2.540495e-05
  -2.984528e-06   7.088064e-07  -7.483332e-11   9.944778e-01  -2.361822e-01   2.493529e-05
  -2.988946e-06   6.908798e-07  -7.342107e-11   9.959498e-01  -2.302088e-01   2.446471e-05
  -2.993254e-06   6.729279e-07  -7.200613e-11   9.973854e-01  -2.242271e-01   2.399324e-05
  -2.997452e-06   6.549514e-07  -7.058856e-11   9.987844e-01  -2.182371e-01   2.352089e-05
  -3.001541e-06   6.369509e-07  -6.916840e-11   1.000147e+00  -2.122391e-01   2.304768e-05
  -3.005520e-06   6.189271e-07  -6.774571e-11   1.001473e+00  -2.062334e-01   2.257362e-05
  -3.009389e-06   6.008806e-07  -6.632054e-11   1.002762e+00  -2.002201e-01   2.209874e-05
  -3.013148e-06   5.828122e-07  -6.489294e-11   1.004014e+00  -1.941995e-01   2.162305e-05
  -3.016797e-06   5.647224e-07  -6.346297e-11   1.005230e+00  -1.881718e-01   2.114657e-05
  -3.020335e-06   5.466120e-07  -6.203068e-11   1.006409e+00  -1.821372e-01   2.066931e-05
  -3.023763e-06   5.284816e-07  -6.059612e-11   1.007552e+00  -1.760959e-01   2.019130e-05
  -3.027081e-06   5.103319e-07  -5.915935e-11   1.008657e+00  -1.700482e-01   1.971255e-05
  -3.030288e-06   4.921635e-07  -5.772041e-11   1.009725e+00  -1.639943e-01   1.923308e-05
  -3.033384e-06   4.739771e-07  -5.627937e-11   1.010757e+00  -1.579344e-01   1.875291e-05
  -3.036369e-06   4.557735e-07  -5.483627e-11   1.011752e+00  -1.518688e-01   1.827205e-05
  -3.039243e-06   4.375532e-07  -5.339116e-11   1.012710e+00  -1.457976e-01   1.779053e-05
  -3.042007e-06   4.193169e-07  -5.194411e-11   1.013630e+00  -1.397210e-01   1.730835e-05
  -3.044659e-06   4.010653e-07  -5.049516e-11   1.014514e+00  -1.336394e-01   1.682555e-05
  -3.047200e-06   3.827990e-07  -4.904437e-11   1.015361e+00  -1.275529e-01   1.634213e-05
  -3.049630e-06   3.645188e-07  -4.759179e-11   1.016171e+00  -1.214617e-01   1.585811e-05
  -3.051949e-06   3.462253e-07  -4.613747e-11   1.016943e+00  -1.153661e-01   1.537352e-05
  -3.054157e-06   3.279192e-07  -4.468147e-11   1.017679e+00  -1.092663e-01   1.488836e-05
  -3.056253e-06   3.096011e-07  -4.322384e-11   1.018377e+00  -1.031625e-01   1.440266e-05
  -3.058238e-06   2.912718e-07  -4.176464e-11   1.019039e+00  -9.705498e-02   1.391644e-05
  -3.060111e-06   2.729318e-07  -4.030391e-11   1.019663e+00  -9.094389e-02   1.342971e-05
  -3.061873e-06   2.545818e-07  -3.884172e-11   1.020250e+00  -8.482949e-02   1.294249e-05
  -3.063523e-06   2.362226e-07  -3.737810e-11   1.020800e+00  -7.871200e-02   1.245480e-05
  -3.065061e-06   2.178548e-07  -3.591313e-11   1.021312e+00  -7.259164e-02   1.196665e-05
  -3.066488e-06   1.994791e-07  -3.444685e-11   1.021788e+00  -6.646864e-02   1.147807e-05
  -3.067804e-06   1.810960e-07  -3.297932e-11   1.022226e+00  -6.034321e-02   1.098907e-05
  -3.069007e-06   1.627064e-07  -3.151058e-11   1.022627e+00  -5.421559e-02   1.049967e-05
  -3.070099e-06   1.443109e-07  -3.004070e-11   1.022991e+00  -4.808600e-02   1.000989e-05
  -3.071079e-06   1.259101e-07  -2.856972e-11   1.023318e+00  -4.195465e-02   9.519748e-06
  -3.071948e-06   1.075048e-07  -2.709771e-11   1.023607e+00  -3.582178e-02   9.029256e-06
  -3.072704e-06   8.909550e-08  -2.562470e-11   1.023859e+00  -2.968761e-02   8.538436e-06
  -3.073349e-06   7.068299e-08  -2.415077e-11   1.024074e+00  -2.355236e-02   8.047305e-06
  -3.073883e-06   5.226791e-08  -2.267596e-11   1.024252e+00  -1.741625e-02   7.555881e-06
  -3.074304e-06   3.385092e-08  -2.120032e-11   1.024392e+00  -1.127950e-02   7.064183e-06
  -3.074614e-06   1.543271e-08  -1.972392e-11   1.024495e+00  -5.142350e-03   6.572228e-06
  -3.074812e-06  -2.986064e-09  -1.824679e-11   1.024561e+00   9.949897e-04   6.080034e-06
  -3.074898e-06  -2.140473e-08  -1.676901e-11   1.024590e+00   7.132293e-03   5.587620e-06
  -3.074872e-06  -3.982262e-08  -1.529061e-11   1.024582e+00   1.326934e-02   5.095002e-06
  -3.074735e-06  -5.823906e-08  -1.381166e-11   1.024536e+00   1.940590e-02   4.602199e-06
  -3.074486e-06  -7.665338e-08  -1.233221e-11   1.024453e+00   2.554176e-02   4.109229e-06
  -3.074126e-06  -9.506493e-08  -1.085231e-11   1.024333e+00   3.167669e-02   3.616110e-06
  -3.073654e-06  -1.134730e-07  -9.372015e-12   1.024175e+00   3.781047e-02   3.122859e-06
  -3.073070e-06  -1.318770e-07  -7.891381e-12   1.023981e+00   4.394288e-02   2.629496e-06
  -3.072375e-06  -1.502762e-07  -6.410460e-12   1.023749e+00   5.007369e-02   2.136036e-06
  -3.071568e-06  -1.686699e-07  -4.929306e-12   1.023481e+00   5.620269e-02   1.642500e-06
  -3.070650e-06  -1.870575e-07  -3.447974e-12   1.023175e+00   6.232964e-02   1.148903e-06
  -3.069620e-06  -2.054384e-07  -1.966517e-12   1.022832e+00   6.845434e-02   6.552653e-07
  -3.068480e-06  -2.238117e-07  -4.849884e-13   1.022451e+00   7.457656e-02   1.616035e-07
  -3.067227e-06  -2.421770e-07   9.965578e-13   1.022034e+00   8.069606e-02  -3.320641e-07
  -3.065864e-06  -2.605335e-07   2.478068e-12   1.021580e+00   8.681265e-02  -8.257197e-07
  -3.064390e-06  -2.788805e-07   3.959488e-12   1.021089e+00   9.292609e-02  -1.319345e-06
  -3.062804e-06  -2.972175e-07   5.440765e-12   1.020560e+00   9.903615e-02  -1.812923e-06
  -3.061108e-06  -3.155436e-07   6.921844e-12   1.019995e+00   1.051426e-01  -2.306435e-06
  -3.059300e-06  -3.338583e-07   8.402673e-12   1.019393e+00   1.112453e-01  -2.799864e-06
  -3.057382e-06  -3.521610e-07   9.883198e-12   1.018754e+00   1.173439e-01  -3.293191e-06
  -3.055353e-06  -3.704509e-07   1.136336e-11   1.018078e+00   1.234383e-01  -3.786399e-06
  -3.053213e-06  -3.887273e-07   1.284312e-11   1.017365e+00   1.295283e-01  -4.279470e-06
  -3.050963e-06  -4.069897e-07   1.432241e-11   1.016615e+00   1.356135e-01  -4.772386e-06
  -3.048603e-06  -4.252373e-07   1.580118e-11   1.015828e+00   1.416938e-01  -5.265129e-06
  -3.046132e-06  -4.434696e-07   1.727938e-11   1.015005e+00   1.477690e-01  -5.757681e-06
  -3.043550e-06  -4.616858e-07   1.875695e-11   1.014145e+00   1.538388e-01  -6.250025e-06
  -3.040859e-06  -4.798853e-07   2.023385e-11   1.013248e+00   1.599031e-01  -6.742143e-06
  -3.038058e-06  -4.980674e-07   2.171001e-11   1.012314e+00   1.659616e-01  -7.234017e-06
  -3.035146e-06  -5.162315e-07   2.318539e-11   1.011344e+00   1.720141e-01  -7.725629e-06
  -3.032125e-06  -5.343770e-07   2.465993e-11   1.010338e+00   1.780603e-01  -8.216961e-06
  -3.028994e-06  -5.525031e-07   2.613357e-11   1.009295e+00   1.841002e-01  -8.707997e-06
  -3.025754e-06  -5.706092e-07   2.760628e-11   1.008215e+00   1.901333e-01  -9.198717e-06
  -3.022404e-06  -5.886947e-07   2.907798e-11   1.007099e+00   1.961596e-01  -9.689105e-06
  -3.018945e-06  -6.067589e-07   3.054863e-11   1.005946e+00   2.021788e-01  -1.017914e-05
  -3.015377e-06  -6.248012e-07   3.201818e-11   1.004757e+00   2.081907e-01  -1.066881e-05
  -3.011700e-06  -6.428209e-07   3.348657e-11   1.003532e+00   2.141951e-01  -1.115810e-05
  -3.007914e-06  -6.608173e-07   3.495375e-11   1.002270e+00   2.201917e-01  -1.164698e-05
  -3.004019e-06  -6.787899e-07   3.641967e-11   1.000972e+00   2.261803e-01  -1.213544e-05
  -3.000016e-06  -6.967380e-07   3.788427e-11   9.996385e-01   2.321608e-01  -1.262346e-05
  -2.995904e-06  -7.146609e-07   3.934750e-11   9.982685e-01   2.381329e-01  -1.311102e-05
  -2.991684e-06  -7.325579e-07   4.080931e-11   9.968624e-01   2.440964e-01  -1.359811e-05
  -2.987356e-06  -7.504285e-07   4.226965e-11   9.954202e-01   2.500511e-01  -1.408472e-05
  -2.982920e-06  -7.682720e-07   4.372846e-11   9.939422e-01   2.559968e-01  -1.457081e-05
  -2.978377e-06  -7.860878e-07   4.518569e-11   9.924282e-01   2.619332e-01  -1.505637e-05
  -2.973726e-06  -8.038752e-07   4.664129e-11   9.908784e-01   2.678601e-01  -1.554139e-05
  -2.968967e-06  -8.216335e-07   4.809520e-11   9.892928e-01   2.737774e-01  -1.602586e-05
  -2.964102e-06  -8.393622e-07   4.954738e-11   9.876716e-01   2.796848e-01  -1.650974e-05
  -2.959129e-06  -8.570606e-07   5.099777e-11   9.860146e-01   2.855821e-01  -1.699302e-05
  -2.954050e-06  -8.747281e-07   5.244632e-11   9.843221e-01   2.914691e-01  -1.747570e-05
  -2.948864e-06  -8.923639e-07   5.389298e-11   9.825941e-01   2.973456e-01  -1.795774e-05
  -2.943571e-06  -9.099676e-07   5.533770e-11   9.808306e-01   3.032113e-01  -1.843913e-05
  -2.938172e-06  -9.275385e-07   5.678041e-11   9.790317e-01   3.090661e-01  -1.891986e-05
  -2.932668e-06  -9.450759e-07   5.822108e-11   9.771975e-01   3.149098e-01  -1.939991e-05
  -2.927057e-06  -9.625792e-07   5.965965e-11   9.753280e-01   3.207421e-01  -1.987926e-05
  -2.921341e-06  -9.800478e-07   6.109606e-11   9.734234e-01   3.265628e-01  -2.035789e-05
  -2.915520e-06  -9.974810e-07   6.253027e-11   9.714836e-01   3.323717e-01  -2.083578e-05
  -2.909593e-06  -1.014878e-06   6.396223e-11   9.695088e-01   3.381687e-01  -2.131293e-05
  -2.903562e-06  -1.032239e-06   6.539188e-11   9.674991e-01   3.439535e-01  -2.178930e-05
  -2.897426e-06  -1.049562e-06   6.681917e-11   9.654544e-01   3.497258e-01  -2.226489e-05
  -2.891185e-06  -1.066848e-06   6.824406e-11   9.633750e-01   3.554856e-01  -2.273968e-05
  -2.884840e-06  -1.084095e-06   6.966648e-11   9.612608e-01   3.612325e-01  -2.321364e-05
  -2.878391e-06  -1.101303e-06   7.108639e-11   9.591120e-01   3.669664e-01  -2.368678e-05
  -2.871839e-06  -1.118472e-06   7.250374e-11   9.569286e-01   3.726871e-01  -2.415905e-05
