Method       t0       tn       N         h
 Euler        0    1e+01    1000      0.01

x  -  y  -  z  .........
  -2.883410e-06  -8.199914e-07   4.847779e-11   9.607842e-01   2.732302e-01  -1.615334e-05
  -2.817324e-06  -9.976099e-07   6.313099e-11   9.387637e-01   3.324147e-01  -2.103595e-05
  -2.739955e-06  -1.171233e-06   7.753135e-11   9.129834e-01   3.902678e-01  -2.583431e-05
  -2.651513e-06  -1.340123e-06   9.161838e-11   8.835135e-01   4.465438e-01  -3.052826e-05
  -2.552259e-06  -1.503548e-06   1.053319e-10   8.504412e-01   5.009990e-01  -3.509774e-05
  -2.442507e-06  -1.660789e-06   1.186120e-10   8.138705e-01   5.533933e-01  -3.952284e-05
  -2.322620e-06  -1.811138e-06   1.314000e-10   7.739226e-01   6.034913e-01  -4.378395e-05
  -2.193012e-06  -1.953908e-06   1.436381e-10   7.307361e-01   6.510638e-01  -4.786182e-05
  -2.054152e-06  -2.088433e-06   1.552702e-10   6.844661e-01   6.958891e-01  -5.173774e-05
  -1.906553e-06  -2.214075e-06   1.662417e-10   6.352847e-01   7.377543e-01  -5.539358e-05
  -1.750782e-06  -2.330226e-06   1.765007e-10   5.833801e-01   7.764572e-01  -5.881198e-05
  -1.587451e-06  -2.436315e-06   1.859975e-10   5.289563e-01   8.118071e-01  -6.197642e-05
  -1.417217e-06  -2.531809e-06   1.946854e-10   4.722324e-01   8.436268e-01  -6.487134e-05
  -1.240779e-06  -2.616220e-06   2.025212e-10   4.134413e-01   8.717536e-01  -6.748230e-05
  -1.058876e-06  -2.689109e-06   2.094650e-10   3.528292e-01   8.960410e-01  -6.979605e-05
  -8.722830e-07  -2.750087e-06   2.154809e-10   2.906544e-01   9.163595e-01  -7.180064e-05
  -6.818065e-07  -2.798821e-06   2.205376e-10   2.271855e-01   9.325981e-01  -7.348556e-05
  -4.882803e-07  -2.835035e-06   2.246077e-10   1.627004e-01   9.446653e-01  -7.484179e-05
  -2.925611e-07  -2.858518e-06   2.276692e-10   9.748462e-02   9.524899e-01  -7.586190e-05
  -9.552354e-08  -2.869118e-06   2.297046e-10   3.182950e-02   9.560220e-01  -7.654012e-05
   1.019458e-07  -2.866751e-06   2.307018e-10  -3.396947e-02   9.552332e-01  -7.687241e-05
   2.989533e-07  -2.851398e-06   2.306540e-10  -9.961456e-02   9.501175e-01  -7.685649e-05
   4.946045e-07  -2.823108e-06   2.295598e-10  -1.648077e-01   9.406910e-01  -7.649186e-05
   6.880095e-07  -2.781998e-06   2.274230e-10  -2.292524e-01   9.269925e-01  -7.577986e-05
   8.782889e-07  -2.728249e-06   2.242530e-10  -2.926556e-01   9.090828e-01  -7.472360e-05
   1.064580e-06  -2.662110e-06   2.200647e-10  -3.547298e-01   8.870447e-01  -7.332800e-05
   1.246041e-06  -2.583894e-06   2.148780e-10  -4.151947e-01   8.609823e-01  -7.159973e-05
   1.421858e-06  -2.493975e-06   2.087180e-10  -4.737790e-01   8.310202e-01  -6.954716e-05
   1.591250e-06  -2.392785e-06   2.016148e-10  -5.302223e-01   7.973027e-01  -6.718030e-05
   1.753472e-06  -2.280814e-06   1.936031e-10  -5.842763e-01   7.599925e-01  -6.451072e-05
   1.907820e-06  -2.158600e-06   1.847221e-10  -6.357068e-01   7.192696e-01  -6.155147e-05
   2.053636e-06  -2.026734e-06   1.750150e-10  -6.842944e-01   6.753302e-01  -5.831696e-05
   2.190311e-06  -1.885846e-06   1.645289e-10  -7.298360e-01   6.283847e-01  -5.482286e-05
   2.317287e-06  -1.736606e-06   1.533142e-10  -7.721456e-01   5.786565e-01  -5.108599e-05
   2.434059e-06  -1.579721e-06   1.414244e-10  -8.110554e-01   5.263805e-01  -4.712418e-05
   2.540179e-06  -1.415922e-06   1.289157e-10  -8.464159e-01   4.718009e-01  -4.295615e-05
   2.635257e-06  -1.245968e-06   1.158466e-10  -8.780969e-01   4.151703e-01  -3.860138e-05
   2.718959e-06  -1.070635e-06   1.022774e-10  -9.059872e-01   3.567474e-01  -3.407998e-05
   2.791009e-06  -8.907142e-07   8.826998e-11  -9.299953e-01   2.967958e-01  -2.941254e-05
   2.851192e-06  -7.070062e-07   7.388718e-11  -9.500489e-01   2.355823e-01  -2.462003e-05
   2.899349e-06  -5.203159e-07   5.919273e-11  -9.660952e-01   1.733750e-01  -1.972367e-05
   2.935377e-06  -3.314491e-07   4.425065e-11  -9.781001e-01   1.104425e-01  -1.474481e-05
   2.959229e-06  -1.412074e-07   2.912503e-11  -9.860479e-01   4.705189e-02  -9.704784e-06
   2.970913e-06   4.961484e-08   1.387965e-11  -9.899411e-01  -1.653221e-02  -4.624853e-06
   2.970488e-06   2.402349e-07  -1.422303e-12  -9.897995e-01  -8.004894e-02   4.739272e-07
   2.958063e-06   4.298845e-07  -1.671851e-11  -9.856595e-01  -1.432423e-01   5.570793e-06
   2.933796e-06   6.178131e-07  -3.194779e-11  -9.775735e-01  -2.058622e-01   1.064536e-05
   2.897890e-06   8.032906e-07  -4.705031e-11  -9.656090e-01  -2.676653e-01   1.567769e-05
   2.850589e-06   9.856096e-07  -6.196784e-11  -9.498480e-01  -3.284161e-01   2.064837e-05
   2.792181e-06   1.164088e-06  -7.664390e-11  -9.303856e-01  -3.878871e-01   2.553860e-05
   2.722988e-06   1.338070e-06  -9.102394e-11  -9.073298e-01  -4.458599e-01   3.033019e-05
   2.643370e-06   1.506930e-06  -1.050555e-10  -8.808004e-01  -5.021258e-01   3.500566e-05
   2.553720e-06   1.670070e-06  -1.186883e-10  -8.509278e-01  -5.564859e-01   3.954827e-05
   2.454458e-06   1.826925e-06  -1.318744e-10  -8.178527e-01  -6.087516e-01   4.394203e-05
   2.346035e-06   1.976960e-06  -1.445683e-10  -7.817249e-01  -6.587451e-01   4.817177e-05
   2.228925e-06   2.119675e-06  -1.567269e-10  -7.427025e-01  -7.062993e-01   5.222315e-05
   2.103626e-06   2.254603e-06  -1.683097e-10  -7.009514e-01  -7.512586e-01   5.608265e-05
   1.970655e-06   2.381308e-06  -1.792786e-10  -6.566441e-01  -7.934782e-01   5.973763e-05
   1.830549e-06   2.499391e-06  -1.895985e-10  -6.099593e-01  -8.328250e-01   6.317633e-05
   1.683861e-06   2.608487e-06  -1.992366e-10  -5.610812e-01  -8.691770e-01   6.638785e-05
   1.531157e-06   2.708264e-06  -2.081629e-10  -5.101985e-01  -9.024238e-01   6.936220e-05
   1.373017e-06   2.798425e-06  -2.163501e-10  -4.575044e-01  -9.324663e-01   7.209026e-05
   1.210029e-06   2.878707e-06  -2.237735e-10  -4.031951e-01  -9.592170e-01   7.456382e-05
   1.042792e-06   2.948880e-06  -2.304112e-10  -3.474700e-01  -9.825995e-01   7.677556e-05
   8.719120e-07   3.008749e-06  -2.362437e-10  -2.905308e-01  -1.002549e+00   7.871903e-05
   6.979989e-07   3.058153e-06  -2.412545e-10  -2.325810e-01  -1.019010e+00   8.038869e-05
   5.216677e-07   3.096962e-06  -2.454296e-10  -1.738255e-01  -1.031942e+00   8.177986e-05
   3.435359e-07   3.125082e-06  -2.487575e-10  -1.144700e-01  -1.041312e+00   8.288875e-05
   1.642221e-07   3.142449e-06  -2.512294e-10  -5.472062e-02  -1.047099e+00   8.371244e-05
  -1.565531e-08   3.149033e-06  -2.528393e-10   5.216522e-03  -1.049293e+00   8.424887e-05
  -1.954791e-07   3.144834e-06  -2.535835e-10   6.513580e-02  -1.047894e+00   8.449683e-05
  -3.746347e-07   3.129887e-06  -2.534609e-10   1.248324e-01  -1.042913e+00   8.445600e-05
  -5.525115e-07   3.104256e-06  -2.524732e-10   1.841030e-01  -1.034373e+00   8.412686e-05
  -7.285037e-07   3.068036e-06  -2.506242e-10   2.427455e-01  -1.022304e+00   8.351077e-05
  -9.020117e-07   3.021354e-06  -2.479206e-10   3.005603e-01  -1.006749e+00   8.260991e-05
  -1.072443e-06   2.964367e-06  -2.443715e-10   3.573500e-01  -9.877601e-01   8.142729e-05
  -1.239214e-06   2.897263e-06  -2.399883e-10   4.129200e-01  -9.654001e-01   7.996675e-05
  -1.401751e-06   2.820258e-06  -2.347850e-10   4.670790e-01  -9.397413e-01   7.823296e-05
  -1.559490e-06   2.733600e-06  -2.287781e-10   5.196393e-01  -9.108659e-01   7.623139e-05
  -1.711879e-06   2.637566e-06  -2.219864e-10   5.704171e-01  -8.788662e-01   7.396834e-05
  -1.858381e-06   2.532460e-06  -2.144313e-10   6.192332e-01  -8.438438e-01   7.145090e-05
  -1.998472e-06   2.418618e-06  -2.061365e-10   6.659131e-01  -8.059104e-01   6.868697e-05
  -2.131644e-06   2.296403e-06  -1.971280e-10   7.102875e-01  -7.651868e-01   6.568523e-05
  -2.257407e-06   2.166205e-06  -1.874343e-10   7.521930e-01  -7.218035e-01   6.245518e-05
  -2.375288e-06   2.028444e-06  -1.770861e-10   7.914722e-01  -6.759001e-01   5.900707e-05
  -2.484835e-06   1.883566e-06  -1.661167e-10   8.279746e-01  -6.276252e-01   5.535193e-05
  -2.585618e-06   1.732045e-06  -1.545614e-10   8.615566e-01  -5.771367e-01   5.150156e-05
  -2.677229e-06   1.574380e-06  -1.424577e-10   8.920825e-01  -5.246009e-01   4.746850e-05
  -2.759286e-06   1.411096e-06  -1.298457e-10   9.194246e-01  -4.701928e-01   4.326604e-05
  -2.831431e-06   1.242743e-06  -1.167673e-10   9.434642e-01  -4.140959e-01   3.890816e-05
  -2.893336e-06   1.069896e-06  -1.032666e-10   9.640918e-01  -3.565014e-01   3.440957e-05
  -2.944703e-06   8.931526e-07  -8.938973e-11   9.812078e-01  -2.976084e-01   2.978565e-05
  -2.985264e-06   7.131313e-07  -7.518486e-11   9.947232e-01  -2.376233e-01   2.505243e-05
  -3.014786e-06   5.304728e-07  -6.070196e-11   1.004560e+00  -1.767594e-01   2.022657e-05
  -3.033070e-06   3.458369e-07  -4.599279e-11   1.010652e+00  -1.152367e-01   1.532531e-05
  -3.039954e-06   1.599012e-07  -3.111075e-11   1.012946e+00  -5.328087e-02   1.036645e-05
  -3.035316e-06  -2.664052e-08  -1.611080e-11   1.011401e+00   8.876918e-03   5.368298e-06
  -3.019074e-06  -2.130804e-07  -1.049256e-12   1.005989e+00   7.100076e-02   3.496238e-07
  -2.991188e-06  -3.986986e-07   1.401634e-11   9.966970e-01   1.328508e-01  -4.670398e-06
  -2.951663e-06  -5.827653e-07   2.902739e-11   9.835270e-01   1.941839e-01  -9.672248e-06
  -2.900551e-06  -7.645442e-07   4.392448e-11   9.664957e-01   2.547546e-01  -1.463612e-05
  -2.837947e-06  -9.432942e-07   5.864756e-11   9.456355e-01   3.143161e-01  -1.954202e-05
  -2.763999e-06  -1.118273e-06   7.313620e-11   9.209951e-01   3.726211e-01  -2.436979e-05
  -2.678901e-06  -1.288742e-06   8.732983e-11   8.926397e-01   4.294231e-01  -2.909927e-05
  -2.582901e-06  -1.453965e-06   1.011680e-10   8.606514e-01   4.844774e-01  -3.371031e-05
  -2.476296e-06  -1.613219e-06   1.145908e-10   8.251292e-01   5.375423e-01  -3.818294e-05
  -2.359433e-06  -1.765790e-06   1.275390e-10   7.861893e-01   5.883808e-01  -4.249741e-05
  -2.232714e-06  -1.910985e-06   1.399544e-10   7.439651e-01   6.367613e-01  -4.663435e-05
  -2.096590e-06  -2.048130e-06   1.517802e-10   6.986070e-01   6.824595e-01  -5.057485e-05
  -1.951562e-06  -2.176577e-06   1.629615e-10   6.502822e-01   7.252596e-01  -5.430058e-05
  -1.798182e-06  -2.295709e-06   1.734453e-10   5.991743e-01   7.649558e-01  -5.779391e-05
  -1.637049e-06  -2.404943e-06   1.831813e-10   5.454830e-01   8.013537e-01  -6.103805e-05
  -1.468808e-06  -2.503733e-06   1.921219e-10   4.894230e-01   8.342718e-01  -6.401714e-05
  -1.294145e-06  -2.591579e-06   2.002226e-10   4.312235e-01   8.635428e-01  -6.671638e-05
  -1.113790e-06  -2.668024e-06   2.074425e-10   3.711271e-01   8.890153e-01  -6.912215e-05
  -9.285065e-07  -2.732666e-06   2.137447e-10   3.093887e-01   9.105545e-01  -7.122210e-05
  -7.390937e-07  -2.785153e-06   2.190962e-10   2.462742e-01   9.280438e-01  -7.300527e-05
  -5.463781e-07  -2.825194e-06   2.234685e-10   1.820592e-01   9.413860e-01  -7.446220e-05
  -3.512105e-07  -2.852557e-06   2.268381e-10   1.170272e-01   9.505036e-01  -7.558498e-05
  -1.544613e-07  -2.867073e-06   2.291861e-10   5.146821e-02   9.553406e-01  -7.636736e-05
   4.298571e-08  -2.868638e-06   2.304988e-10  -1.432331e-02   9.558621e-01  -7.680477e-05
   2.402380e-07  -2.857215e-06   2.307679e-10  -8.004998e-02   9.520556e-01  -7.689442e-05
   4.364007e-07  -2.832831e-06   2.299902e-10  -1.454136e-01   9.439309e-01  -7.663530e-05
   6.305818e-07  -2.795585e-06   2.281682e-10  -2.101169e-01   9.315199e-01  -7.602819e-05
   8.218983e-07  -2.745639e-06   2.253097e-10  -2.738656e-01   9.148773e-01  -7.507571e-05
   1.009482e-06  -2.683222e-06   2.214279e-10  -3.363706e-01   8.940795e-01  -7.378224e-05
   1.192485e-06  -2.608630e-06   2.165413e-10  -3.973491e-01   8.692244e-01  -7.215396e-05
   1.370084e-06  -2.522217e-06   2.106734e-10  -4.565271e-01   8.404307e-01  -7.019873e-05
   1.541488e-06  -2.424400e-06   2.038531e-10  -5.136410e-01   8.078370e-01  -6.792610e-05
   1.705942e-06  -2.315652e-06   1.961135e-10  -5.684389e-01   7.716008e-01  -6.534720e-05
   1.862730e-06  -2.196497e-06   1.874927e-10  -6.206823e-01   7.318972e-01  -6.247464e-05
   2.011180e-06  -2.067511e-06   1.780326e-10  -6.701475e-01   6.889176e-01  -5.932244e-05
   2.150669e-06  -1.929312e-06   1.677792e-10  -7.166267e-01   6.428683e-01  -5.590591e-05
   2.280623e-06  -1.782561e-06   1.567821e-10  -7.599289e-01   5.939689e-01  -5.224153e-05
   2.400523e-06  -1.627950e-06   1.450937e-10  -7.998809e-01   5.424511e-01  -4.834685e-05
   2.509904e-06  -1.466206e-06   1.327696e-10  -8.363279e-01   4.885563e-01  -4.424031e-05
   2.608359e-06  -1.298080e-06   1.198675e-10  -8.691340e-01   4.325345e-01  -3.994118e-05
   2.695536e-06  -1.124341e-06   1.064471e-10  -8.981826e-01   3.746428e-01  -3.546936e-05
   2.771145e-06  -9.457765e-07   9.256992e-11  -9.233763e-01   3.151432e-01  -3.084532e-05
   2.834952e-06  -7.631841e-07   7.829845e-11  -9.446373e-01   2.543014e-01  -2.608991e-05
   2.886780e-06  -5.773671e-07   6.369616e-11  -9.619070e-01   1.923851e-01  -2.122427e-05
   2.926511e-06  -3.891306e-07   4.882693e-11  -9.751458e-01   1.296626e-01  -1.626968e-05
   2.954081e-06  -1.992771e-07   3.375482e-11  -9.843325e-01   6.640134e-02  -1.124748e-05
   2.969482e-06  -8.602681e-09   1.854366e-11  -9.894643e-01   2.866509e-03  -6.178952e-06
   2.972757e-06   1.821069e-07   3.256770e-12  -9.905558e-01  -6.068002e-02  -1.085192e-06
   2.964002e-06   3.720794e-07  -1.204330e-11  -9.876383e-01  -1.239810e-01   4.012960e-06
   2.943358e-06   5.605595e-07  -2.729506e-11  -9.807594e-01  -1.867846e-01   9.095016e-06
   2.911014e-06   7.468114e-07  -4.243832e-11  -9.699821e-01  -2.488459e-01   1.414092e-05
   2.867203e-06   9.301215e-07  -5.741441e-11  -9.553838e-01  -3.099268e-01   1.913112e-05
   2.812198e-06   1.109800e-06  -7.216636e-11  -9.370557e-01  -3.697978e-01   2.404663e-05
   2.746312e-06   1.285185e-06  -8.663907e-11  -9.151018e-01  -4.282379e-01   2.886910e-05
   2.669893e-06   1.455640e-06  -1.007795e-10  -8.896380e-01  -4.850356e-01   3.358084e-05
   2.583322e-06   1.620561e-06  -1.145367e-10  -8.607916e-01  -5.399889e-01   3.816489e-05
   2.487011e-06   1.779372e-06  -1.278621e-10  -8.286998e-01  -5.929064e-01   4.260506e-05
   2.381402e-06   1.931530e-06  -1.407094e-10  -7.935095e-01  -6.436071e-01   4.688593e-05
   2.266960e-06   2.076523e-06  -1.530348e-10  -7.553762e-01  -6.919207e-01   5.099290e-05
   2.144176e-06   2.213876e-06  -1.647971e-10  -7.144631e-01  -7.376880e-01   5.491222e-05
   2.013560e-06   2.343142e-06  -1.759575e-10  -6.709405e-01  -7.807610e-01   5.863098e-05
   1.875643e-06   2.463913e-06  -1.864798e-10  -6.249852e-01  -8.210030e-01   6.213715e-05
   1.730973e-06   2.575811e-06  -1.963307e-10  -5.767793e-01  -8.582887e-01   6.541957e-05
   1.580110e-06   2.678494e-06  -2.054792e-10  -5.265101e-01  -8.925040e-01   6.846796e-05
   1.423629e-06   2.771655e-06  -2.138972e-10  -4.743691e-01  -9.235463e-01   7.127294e-05
   1.262117e-06   2.855020e-06  -2.215593e-10  -4.205515e-01  -9.513245e-01   7.382601e-05
   1.096169e-06   2.928349e-06  -2.284424e-10  -3.652555e-01  -9.757584e-01   7.611956e-05
   9.263858e-07   2.991436e-06  -2.345266e-10  -3.086820e-01  -9.967796e-01   7.814687e-05
   7.533778e-07   3.044107e-06  -2.397943e-10  -2.510338e-01  -1.014330e+00   7.990212e-05
   5.777578e-07   3.086225e-06  -2.442306e-10  -1.925153e-01  -1.028364e+00   8.138034e-05
   4.001421e-07   3.117682e-06  -2.478232e-10  -1.333318e-01  -1.038846e+00   8.257745e-05
   2.211488e-07   3.138406e-06  -2.505627e-10  -7.368923e-02  -1.045752e+00   8.349026e-05
   4.139616e-08   3.148354e-06  -2.524418e-10  -1.379366e-02  -1.049066e+00   8.411642e-05
  -1.384983e-07   3.147518e-06  -2.534563e-10   4.614916e-02  -1.048788e+00   8.445445e-05
  -3.179191e-07   3.135920e-06  -2.536042e-10   1.059342e-01  -1.044923e+00   8.450373e-05
  -4.962545e-07   3.113616e-06  -2.528862e-10   1.653575e-01  -1.037491e+00   8.426448e-05
  -6.728970e-07   3.080689e-06  -2.513055e-10   2.242167e-01  -1.026520e+00   8.373777e-05
  -8.472448e-07   3.037257e-06  -2.488678e-10   2.823114e-01  -1.012048e+00   8.292551e-05
  -1.018703e-06   2.983467e-06  -2.455814e-10   3.394432e-01  -9.941244e-01   8.183044e-05
  -1.186685e-06   2.919496e-06  -2.414569e-10   3.954167e-01  -9.728086e-01   8.045613e-05
  -1.350614e-06   2.845552e-06  -2.365076e-10   4.500395e-01  -9.481695e-01   7.880697e-05
  -1.509921e-06   2.761871e-06  -2.307491e-10   5.031224e-01  -9.202862e-01   7.688818e-05
  -1.664051e-06   2.668722e-06  -2.241995e-10   5.544803e-01  -8.892478e-01   7.470577e-05
  -1.812462e-06   2.566400e-06  -2.168793e-10   6.039325e-01  -8.551529e-01   7.226659e-05
  -1.954625e-06   2.455230e-06  -2.088114e-10   6.513026e-01  -8.181099e-01   6.957827e-05
  -2.090025e-06   2.335567e-06  -2.000211e-10   6.964196e-01  -7.782368e-01   6.664926e-05
  -2.218167e-06   2.207792e-06  -1.905362e-10   7.391180e-01  -7.356609e-01   6.348878e-05
  -2.338572e-06   2.072317e-06  -1.803867e-10   7.792383e-01  -6.905189e-01   6.010684e-05
  -2.450781e-06   1.929578e-06  -1.696049e-10   8.166275e-01  -6.429568e-01   5.651424e-05
  -2.554356e-06   1.780041e-06  -1.582256e-10   8.511396e-01  -5.931295e-01   5.272254e-05
  -2.648880e-06   1.624198e-06  -1.462858e-10   8.826362e-01  -5.412008e-01   4.874404e-05
  -2.733963e-06   1.462566e-06  -1.338245e-10   9.109869e-01  -4.873431e-01   4.459181e-05
  -2.809240e-06   1.295687e-06  -1.208832e-10   9.360699e-01  -4.317373e-01   4.027963e-05
  -2.874371e-06   1.124130e-06  -1.075054e-10   9.577724e-01  -3.745724e-01   3.582198e-05
  -2.929049e-06   9.484836e-07  -9.373655e-11   9.759917e-01  -3.160453e-01   3.123406e-05
  -2.972996e-06   7.693627e-07  -7.962431e-11   9.906353e-01  -2.563602e-01   2.653170e-05
  -3.005966e-06   5.874013e-07  -6.521809e-11   1.001621e+00  -1.957286e-01   2.173139e-05
  -3.027751e-06   4.032540e-07  -5.056917e-11   1.008880e+00  -1.343687e-01   1.685021e-05
  -3.038175e-06   2.175937e-07  -3.573053e-11   1.012354e+00  -7.250464e-02   1.190581e-05
  -3.037104e-06   3.111014e-08  -2.075669e-11   1.011997e+00  -1.036625e-02   6.916360e-06
  -3.024443e-06  -1.554921e-07  -5.703647e-12   1.007778e+00   5.181171e-02   1.900519e-06
  -3.000140e-06  -3.414958e-07   9.371354e-12   9.996799e-01   1.137902e-01  -3.122639e-06
  -2.964185e-06  -5.261732e-07   2.440996e-11   9.876992e-01   1.753268e-01  -8.133669e-06
  -2.916613e-06  -7.087887e-07   3.935291e-11   9.718480e-01   2.361763e-01  -1.311283e-05
  -2.857510e-06  -8.886016e-07   5.414025e-11   9.521539e-01   2.960919e-01  -1.804013e-05
  -2.787004e-06  -1.064869e-06   6.871157e-11   9.286608e-01   3.548261e-01  -2.289546e-05
  -2.705278e-06  -1.236849e-06   8.300626e-11   9.014288e-01   4.121318e-01  -2.765861e-05
  -2.612563e-06  -1.403805e-06   9.696374e-11   8.705348e-01   4.677633e-01  -3.230940e-05
  -2.509139e-06  -1.565007e-06   1.105238e-10   8.360730e-01   5.214776e-01  -3.682776e-05
  -2.395342e-06  -1.719738e-06   1.236269e-10   7.981544e-01   5.730358e-01  -4.119386e-05
  -2.271555e-06  -1.867298e-06   1.362145e-10   7.569074e-01   6.222044e-01  -4.538818e-05
  -2.138216e-06  -2.007005e-06   1.482293e-10   7.124774e-01   6.687565e-01  -4.939163e-05
  -1.995812e-06  -2.138204e-06   1.596156e-10   6.650268e-01   7.124734e-01  -5.318569e-05
  -1.844881e-06  -2.260267e-06   1.703199e-10   6.147347e-01   7.531459e-01  -5.675248e-05
  -1.686006e-06  -2.372598e-06   1.802910e-10   5.617960e-01   7.905760e-01  -6.007495e-05
  -1.519821e-06  -2.474642e-06   1.894803e-10   5.064213e-01   8.245781e-01  -6.313692e-05
  -1.347001e-06  -2.565882e-06   1.978424e-10   4.488358e-01   8.549805e-01  -6.592327e-05
  -1.168263e-06  -2.645850e-06   2.053353e-10   3.892784e-01   8.816267e-01  -6.842000e-05
  -9.843630e-07  -2.714126e-06   2.119208e-10   3.280007e-01   9.043768e-01  -7.061436e-05
  -7.960891e-07  -2.770342e-06   2.175648e-10   2.652657e-01   9.231087e-01  -7.249499e-05
  -6.042609e-07  -2.814190e-06   2.222374e-10   2.013464e-01   9.377194e-01  -7.405196e-05
  -4.097234e-07  -2.845420e-06   2.259135e-10   1.365244e-01   9.481256e-01  -7.527690e-05
  -2.133419e-07  -2.863844e-06   2.285730e-10   7.108788e-02   9.542647e-01  -7.616305e-05
  -1.599723e-08  -2.869340e-06   2.302005e-10   5.330453e-03   9.560958e-01  -7.670536e-05
   1.814198e-07  -2.861848e-06   2.307862e-10  -6.045110e-02   9.535997e-01  -7.690051e-05
   3.780142e-07  -2.841381e-06   2.303254e-10  -1.259585e-01   9.467796e-01  -7.674697e-05
   5.728925e-07  -2.808013e-06   2.288189e-10  -1.908941e-01   9.356612e-01  -7.624501e-05
   7.651683e-07  -2.761890e-06   2.262730e-10  -2.549626e-01   9.202925e-01  -7.539669e-05
   9.539686e-07  -2.703222e-06   2.226994e-10  -3.178729e-01   9.007436e-01  -7.420590e-05
   1.138439e-06  -2.632284e-06   2.181148e-10  -3.793404e-01   8.771062e-01  -7.267829e-05
   1.317749e-06  -2.549414e-06   2.125417e-10  -4.390884e-01   8.494930e-01  -7.082124e-05
   1.491097e-06  -2.455011e-06   2.060070e-10  -4.968502e-01   8.180370e-01  -6.864382e-05
   1.657718e-06  -2.349532e-06   1.985429e-10  -5.523702e-01   7.828901e-01  -6.615669e-05
   1.816885e-06  -2.233486e-06   1.901858e-10  -6.054061e-01   7.442225e-01  -6.337204e-05
   1.967911e-06  -2.107435e-06   1.809768e-10  -6.557298e-01   7.022207e-01  -6.030348e-05
   2.110160e-06  -1.971984e-06   1.709606e-10  -7.031288e-01   6.570869e-01  -5.696596e-05
   2.243044e-06  -1.827781e-06   1.601856e-10  -7.474073e-01   6.090369e-01  -5.337562e-05
   2.366028e-06  -1.675510e-06   1.487036e-10  -7.883867e-01   5.582986e-01  -4.954968e-05
   2.478630e-06  -1.515888e-06   1.365691e-10  -8.259071e-01   5.051107e-01  -4.550634e-05
   2.580427e-06  -1.349657e-06   1.238392e-10  -8.598268e-01   4.497208e-01  -4.126461e-05
   2.671051e-06  -1.177583e-06   1.105732e-10  -8.900238e-01   3.923837e-01  -3.684422e-05
   2.750194e-06  -1.000447e-06   9.683187e-11  -9.163950e-01   3.333600e-01  -3.226545e-05
   2.817604e-06  -8.190429e-07   8.267745e-11  -9.388569e-01   2.729142e-01  -2.754904e-05
   2.873089e-06  -6.341724e-07   6.817311e-11  -9.573452e-01   2.113133e-01  -2.271604e-05
   2.916514e-06  -4.466397e-07   5.338258e-11  -9.718147e-01   1.488253e-01  -1.778767e-05
   2.947797e-06  -2.572478e-07   3.836985e-11  -9.822388e-01   8.571783e-02  -1.278526e-05
   2.966916e-06  -6.679427e-08   2.319875e-11  -9.886093e-01   2.225659e-02  -7.730083e-06
   2.973897e-06   1.239325e-07   7.932759e-12  -9.909354e-01  -4.129570e-02  -2.643283e-06
   2.968819e-06   3.141569e-07  -7.365401e-12  -9.892435e-01  -1.046806e-01   2.454233e-06
   2.951812e-06   5.031187e-07  -2.263396e-11  -9.835764e-01  -1.676447e-01   7.541888e-06
   2.923049e-06   6.900770e-07  -3.781239e-11  -9.739923e-01  -2.299413e-01   1.259951e-05
   2.882750e-06   8.743117e-07  -5.284158e-11  -9.605641e-01  -2.913304e-01   1.760740e-05
   2.831175e-06   1.055127e-06  -6.766409e-11  -9.433790e-01  -3.515800e-01   2.254643e-05
   2.768625e-06   1.231852e-06  -8.222431e-11  -9.225367e-01  -4.104666e-01   2.739805e-05
   2.695438e-06   1.403843e-06  -9.646857e-11  -8.981497e-01  -4.677761e-01   3.214440e-05
   2.611982e-06   1.570487e-06  -1.103454e-10  -8.703415e-01  -5.233037e-01   3.676830e-05
   2.518662e-06   1.731200e-06  -1.238054e-10  -8.392461e-01  -5.768550e-01   4.125334e-05
   2.415908e-06   1.885428e-06  -1.368018e-10  -8.050075e-01  -6.282456e-01   4.558387e-05
   2.304179e-06   2.032652e-06  -1.492899e-10  -7.677782e-01  -6.773023e-01   4.974505e-05
   2.183958e-06   2.172384e-06  -1.612277e-10  -7.277189e-01  -7.238625e-01   5.372287e-05
   2.055747e-06   2.304169e-06  -1.725758e-10  -6.849976e-01  -7.677748e-01   5.750418e-05
   1.920071e-06   2.427588e-06  -1.832972e-10  -6.397889e-01  -8.088991e-01   6.107667e-05
   1.777471e-06   2.542252e-06  -1.933576e-10  -5.922730e-01  -8.471065e-01   6.442891e-05
   1.628504e-06   2.647809e-06  -2.027254e-10  -5.426356e-01  -8.822794e-01   6.755037e-05
   1.473740e-06   2.743941e-06  -2.113716e-10  -4.910666e-01  -9.143117e-01   7.043137e-05
   1.313761e-06   2.830364e-06  -2.192698e-10  -4.377599e-01  -9.431086e-01   7.306313e-05
   1.149159e-06   2.906826e-06  -2.263964e-10  -3.829127e-01  -9.685866e-01   7.543778e-05
   9.805339e-07   2.973111e-06  -2.327303e-10  -3.267248e-01  -9.906735e-01   7.754831e-05
   8.084915e-07   3.029035e-06  -2.382532e-10  -2.693984e-01  -1.009308e+00   7.938860e-05
   6.336437e-07   3.074448e-06  -2.429494e-10  -2.111371e-01  -1.024440e+00   8.095342e-05
   4.566055e-07   3.109235e-06  -2.468057e-10  -1.521460e-01  -1.036031e+00   8.223841e-05
   2.779943e-07   3.133309e-06  -2.498118e-10  -9.263079e-02  -1.044053e+00   8.324007e-05
   9.842810e-08   3.146620e-06  -2.519597e-10  -3.279733e-02  -1.048489e+00   8.395578e-05
  -8.147540e-08   3.149147e-06  -2.532442e-10   2.714851e-02  -1.049331e+00   8.438379e-05
  -2.611002e-07   3.140904e-06  -2.536626e-10   8.700150e-02  -1.046584e+00   8.452319e-05
  -4.398334e-07   3.121934e-06  -2.532146e-10   1.465574e-01  -1.040263e+00   8.437392e-05
  -6.170658e-07   3.092313e-06  -2.519027e-10   2.056132e-01  -1.030393e+00   8.393678e-05
  -7.921940e-07   3.052146e-06  -2.497318e-10   2.639678e-01  -1.017009e+00   8.321340e-05
  -9.646206e-07   3.001571e-06  -2.467092e-10   3.214223e-01  -1.000157e+00   8.220625e-05
  -1.133756e-06   2.940754e-06  -2.428449e-10   3.777801e-01  -9.798919e-01   8.091861e-05
  -1.299019e-06   2.869894e-06  -2.381512e-10   4.328477e-01  -9.562807e-01   7.935463e-05
  -1.459840e-06   2.789219e-06  -2.326430e-10   4.864349e-01  -9.293988e-01   7.751923e-05
  -1.615658e-06   2.698985e-06  -2.263375e-10   5.383551e-01  -8.993319e-01   7.541818e-05
  -1.765925e-06   2.599480e-06  -2.192546e-10   5.884259e-01  -8.661756e-01   7.305806e-05
  -1.910109e-06   2.491019e-06  -2.114162e-10   6.364695e-01  -8.300352e-01   7.044623e-05
  -2.047690e-06   2.373947e-06  -2.028471e-10   6.823131e-01  -7.910256e-01   6.759090e-05
  -2.178166e-06   2.248638e-06  -1.935740e-10   7.257889e-01  -7.492712e-01   6.450102e-05
  -2.301051e-06   2.115493e-06  -1.836264e-10   7.667356e-01  -7.049057e-01   6.118637e-05
  -2.415879e-06   1.974941e-06  -1.730359e-10   8.049978e-01  -6.580721e-01   5.765750e-05
  -2.522206e-06   1.827438e-06  -1.618365e-10   8.404271e-01  -6.089227e-01   5.392572e-05
  -2.619608e-06   1.673469e-06  -1.500644e-10   8.728823e-01  -5.576186e-01   5.000311e-05
  -2.707684e-06   1.513544e-06  -1.377580e-10   9.022304e-01  -5.043295e-01   4.590251e-05
  -2.786061e-06   1.348196e-06  -1.249583e-10   9.283466e-01  -4.492338e-01   4.163748e-05
  -2.854392e-06   1.177986e-06  -1.117079e-10   9.511151e-01  -3.925182e-01   3.722230e-05
  -2.912357e-06   1.003499e-06  -9.805182e-11   9.704297e-01  -3.343771e-01   3.267195e-05
  -2.959669e-06   8.253414e-07  -8.403709e-11   9.861944e-01  -2.750129e-01   2.800209e-05
  -2.996071e-06   6.441412e-07  -6.971261e-11   9.983241e-01  -2.146350e-01   2.322902e-05
  -3.021342e-06   4.605480e-07  -5.512913e-11   1.006745e+00  -1.534597e-01   1.836964e-05
  -3.035297e-06   2.752298e-07  -4.033917e-11   1.011395e+00  -9.170963e-02   1.344146e-05
  -3.037789e-06   8.887213e-08  -2.539686e-11   1.012225e+00  -2.961318e-02   8.462514e-06
  -3.028708e-06  -9.782408e-08  -1.035780e-11   1.009199e+00   3.259607e-02   3.451333e-06
  -3.007990e-06  -2.841444e-07   4.721061e-12   1.002296e+00   9.468007e-02  -1.573110e-06
  -2.975611e-06  -4.693632e-07   1.978162e-11   9.915067e-01   1.563970e-01  -6.591455e-06
  -2.931593e-06  -6.527462e-07   3.476480e-11   9.768395e-01   2.175023e-01  -1.158402e-05
  -2.876006e-06  -8.335529e-07   4.961078e-11   9.583170e-01   2.777491e-01  -1.653086e-05
  -2.808964e-06  -1.011040e-06   6.425918e-11   9.359780e-01   3.368898e-01  -2.141187e-05
  -2.730634e-06  -1.184464e-06   7.864935e-11   9.098777e-01   3.946767e-01  -2.620684e-05
  -2.641233e-06  -1.353086e-06   9.272062e-11   8.800881e-01   4.508632e-01  -3.089554e-05
  -2.541026e-06  -1.516172e-06   1.064126e-10   8.466981e-01   5.052053e-01  -3.545785e-05
  -2.430332e-06  -1.673001e-06   1.196653e-10   8.098136e-01   5.574623e-01  -3.987382e-05
  -2.309521e-06  -1.822865e-06   1.324200e-10   7.695582e-01   6.073988e-01  -4.412381e-05
  -2.179015e-06  -1.965077e-06   1.446187e-10   7.260721e-01   6.547855e-01  -4.818857e-05
  -2.039287e-06  -2.098972e-06   1.562054e-10   6.795130e-01   6.994008e-01  -5.204937e-05
  -1.890859e-06  -2.223913e-06   1.671257e-10   6.300551e-01   7.410324e-01  -5.568813e-05
  -1.734303e-06  -2.339294e-06   1.773276e-10   5.778889e-01   7.794787e-01  -5.908751e-05
  -1.570237e-06  -2.444547e-06   1.867617e-10   5.232205e-01   8.145500e-01  -6.223106e-05
  -1.399326e-06  -2.539142e-06   1.953815e-10   4.662711e-01   8.460703e-01  -6.510330e-05
  -1.222276e-06  -2.622596e-06   2.031442e-10   4.072759e-01   8.738782e-01  -6.768989e-05
  -1.039830e-06  -2.694475e-06   2.100101e-10   3.464830e-01   8.978289e-01  -6.997771e-05
  -8.527696e-07  -2.754395e-06   2.159440e-10   2.841523e-01   9.177949e-01  -7.195495e-05
  -6.619054e-07  -2.802029e-06   2.209148e-10   2.205542e-01   9.336673e-01  -7.361125e-05
  -4.680759e-07  -2.837111e-06   2.248958e-10   1.559681e-01   9.453569e-01  -7.493778e-05
  -2.721414e-07  -2.859433e-06   2.278654e-10   9.068052e-02   9.527950e-01  -7.592729e-05
  -7.497895e-08  -2.868855e-06   2.298070e-10   2.498382e-02   9.559342e-01  -7.657423e-05
   1.225226e-07  -2.865298e-06   2.307089e-10  -4.082591e-02   9.547490e-01  -7.687477e-05
   3.194689e-07  -2.848753e-06   2.305651e-10  -1.064506e-01   9.492362e-01  -7.682685e-05
   5.149650e-07  -2.819278e-06   2.293748e-10  -1.715921e-01   9.394147e-01  -7.643021e-05
   7.081221e-07  -2.776997e-06   2.271425e-10  -2.359541e-01   9.253261e-01  -7.568641e-05
   8.980624e-07  -2.722101e-06   2.238785e-10  -2.992444e-01   9.070342e-01  -7.459879e-05
   1.083926e-06  -2.654847e-06   2.195980e-10  -3.611760e-01   8.846244e-01  -7.317250e-05
   1.264874e-06  -2.575555e-06   2.143219e-10  -4.214700e-01   8.582034e-01  -7.141442e-05
   1.440098e-06  -2.484606e-06   2.080757e-10  -4.798565e-01   8.278983e-01  -6.933313e-05
   1.608820e-06  -2.382441e-06   2.008902e-10  -5.360766e-01   7.938557e-01  -6.693883e-05
   1.770302e-06  -2.269553e-06   1.928005e-10  -5.898842e-01   7.562403e-01  -6.424328e-05
   1.923846e-06  -2.146490e-06   1.838465e-10  -6.410469e-01   7.152342e-01  -6.125968e-05
   2.068801e-06  -2.013843e-06   1.740716e-10  -6.893475e-01   6.710348e-01  -5.800258e-05
   2.204565e-06  -1.872249e-06   1.635233e-10  -7.345855e-01   6.238541e-01  -5.448778e-05
   2.330586e-06  -1.722381e-06   1.522524e-10  -7.765772e-01   5.739165e-01  -5.073219e-05
   2.446369e-06  -1.564946e-06   1.403126e-10  -8.151573e-01   5.214575e-01  -4.675372e-05
   2.551472e-06  -1.400680e-06   1.277603e-10  -8.501787e-01   4.667221e-01  -4.257115e-05
   2.645511e-06  -1.230340e-06   1.146540e-10  -8.815138e-01   4.099630e-01  -3.820399e-05
   2.728162e-06  -1.054704e-06   1.010541e-10  -9.090538e-01   3.514390e-01  -3.367235e-05
   2.799155e-06  -8.745605e-07   8.702244e-11  -9.327096e-01   2.914133e-01  -2.899684e-05
   2.858282e-06  -6.907096e-07   7.262183e-11  -9.524112e-01   2.301521e-01  -2.419840e-05
   2.905389e-06  -5.039543e-07   5.791583e-11  -9.681077e-01   1.679232e-01  -1.929820e-05
   2.940380e-06  -3.150974e-07   4.296832e-11  -9.797672e-01   1.049939e-01  -1.431752e-05
   2.963214e-06  -1.249377e-07   2.784316e-11  -9.873759e-01   4.163064e-02  -9.277652e-06
   2.973904e-06   6.573399e-08   1.260389e-11  -9.909378e-01  -2.190329e-02  -4.199756e-06
   2.972513e-06   2.561387e-07  -2.686584e-12  -9.904743e-01  -8.534825e-02   8.951995e-07
   2.959154e-06   4.455121e-07  -1.796624e-11  -9.860231e-01  -1.484496e-01   5.986551e-06
   2.933989e-06   6.331080e-07  -3.317422e-11  -9.776377e-01  -2.109586e-01   1.105402e-05
   2.897223e-06   8.182006e-07  -4.825102e-11  -9.653867e-01  -2.726335e-01   1.607777e-05
   2.849103e-06   1.000087e-06  -6.313874e-11  -9.493527e-01  -3.332401e-01   2.103853e-05
   2.789918e-06   1.178089e-06  -7.778125e-11  -9.296317e-01  -3.925524e-01   2.591758e-05
   2.719994e-06   1.351556e-06  -9.212434e-11  -9.063321e-01  -4.503536e-01   3.069685e-05
   2.639689e-06   1.519866e-06  -1.061159e-10  -8.795738e-01  -5.064362e-01   3.535899e-05
   2.549398e-06   1.682425e-06  -1.197059e-10  -8.494877e-01  -5.606027e-01   3.988735e-05
   2.449542e-06   1.838672e-06  -1.328469e-10  -8.162145e-01  -6.126660e-01   4.426605e-05
   2.340570e-06   1.988077e-06  -1.454934e-10  -7.799038e-01  -6.624493e-01   4.848003e-05
   2.222957e-06   2.130142e-06  -1.576029e-10  -7.407139e-01  -7.097869e-01   5.251502e-05
   2.097199e-06   2.264403e-06  -1.691349e-10  -6.988101e-01  -7.545241e-01   5.635761e-05
   1.963815e-06   2.390428e-06  -1.800518e-10  -6.543650e-01  -7.965172e-01   5.999525e-05
   1.823339e-06   2.507821e-06  -1.903185e-10  -6.075568e-01  -8.356339e-01   6.341623e-05
   1.676323e-06   2.616219e-06  -1.999025e-10  -5.585693e-01  -8.717533e-01   6.660973e-05
   1.523331e-06   2.715292e-06  -2.087740e-10  -5.075909e-01  -9.047655e-01   6.956583e-05
   1.364943e-06   2.804745e-06  -2.169059e-10  -4.548143e-01  -9.345722e-01   7.227546e-05
   1.201746e-06   2.884317e-06  -2.242736e-10  -4.004352e-01  -9.610864e-01   7.473046e-05
   1.034338e-06   2.953780e-06  -2.308553e-10  -3.446528e-01  -9.842322e-01   7.692354e-05
   8.633210e-07   3.012940e-06  -2.366317e-10  -2.876682e-01  -1.003945e+00   7.884832e-05
   6.893062e-07   3.061636e-06  -2.415864e-10  -2.296845e-01  -1.020171e+00   8.049926e-05
   5.129068e-07   3.099741e-06  -2.457053e-10  -1.709062e-01  -1.032868e+00   8.187172e-05
   3.347392e-07   3.127160e-06  -2.489771e-10  -1.115388e-01  -1.042004e+00   8.296194e-05
   1.554211e-07   3.143830e-06  -2.513932e-10  -5.178804e-02  -1.047559e+00   8.376700e-05
  -2.442989e-08   3.149722e-06  -2.529474e-10   8.140311e-03  -1.049522e+00   8.428488e-05
  -2.041973e-07   3.144837e-06  -2.536361e-10   6.804081e-02  -1.047895e+00   8.451437e-05
  -3.832671e-07   3.129209e-06  -2.534584e-10   1.277089e-01  -1.042687e+00   8.445516e-05
  -5.610291e-07   3.102903e-06  -2.524158e-10   1.869411e-01  -1.033922e+00   8.410774e-05
  -7.368777e-07   3.066015e-06  -2.505123e-10   2.455358e-01  -1.021630e+00   8.347349e-05
  -9.102136e-07   3.018671e-06  -2.477546e-10   3.032933e-01  -1.005855e+00   8.255459e-05
  -1.080444e-06   2.961029e-06  -2.441517e-10   3.600160e-01  -9.866479e-01   8.135405e-05
  -1.246986e-06   2.893278e-06  -2.397152e-10   4.155096e-01  -9.640723e-01   7.987575e-05
  -1.409264e-06   2.815634e-06  -2.344590e-10   4.695825e-01  -9.382005e-01   7.812435e-05
  -1.566715e-06   2.728346e-06  -2.283998e-10   5.220469e-01  -9.091150e-01   7.610534e-05
  -1.718787e-06   2.631690e-06  -2.215564e-10   5.727189e-01  -8.769082e-01   7.382504e-05
  -1.864941e-06   2.525973e-06  -2.139501e-10   6.214191e-01  -8.416823e-01   7.129056e-05
  -2.004653e-06   2.411531e-06  -2.056049e-10   6.679728e-01  -8.035491e-01   6.850983e-05
  -2.137415e-06   2.288729e-06  -1.965468e-10   7.122106e-01  -7.626298e-01   6.549157e-05
  -2.262736e-06   2.157958e-06  -1.868044e-10   7.539687e-01  -7.190554e-01   6.224529e-05
  -2.380142e-06   2.019639e-06  -1.764086e-10   7.930898e-01  -6.729660e-01   5.878131e-05
  -2.489181e-06   1.874220e-06  -1.653927e-10   8.294229e-01  -6.245110e-01   5.511069e-05
  -2.589423e-06   1.722177e-06  -1.537922e-10   8.628244e-01  -5.738486e-01   5.124528e-05
  -2.680458e-06   1.564012e-06  -1.416450e-10   8.931584e-01  -5.211461e-01   4.719769e-05
  -2.761905e-06   1.400251e-06  -1.289911e-10   9.202973e-01  -4.665793e-01   4.298125e-05
  -2.833406e-06   1.231448e-06  -1.158726e-10   9.441223e-01  -4.103323e-01   3.861004e-05
  -2.894633e-06   1.058180e-06  -1.023340e-10   9.645238e-01  -3.525975e-01   3.409884e-05
  -2.945288e-06   8.810476e-07  -8.842168e-11   9.814026e-01  -2.935748e-01   2.946309e-05
  -2.985104e-06   7.006724e-07  -7.418393e-11   9.946697e-01  -2.334718e-01   2.471891e-05
  -3.013848e-06   5.176984e-07  -5.967104e-11   1.004248e+00  -1.725029e-01   1.988305e-05
  -3.031324e-06   3.327888e-07  -4.493503e-11   1.010071e+00  -1.108889e-01   1.497285e-05
  -3.037370e-06   1.466244e-07  -3.002961e-11   1.012086e+00  -4.885688e-02   1.000620e-05
  -3.031868e-06  -4.009745e-08  -1.501000e-11   1.010252e+00   1.336091e-02   5.001500e-06
  -3.014737e-06  -2.266655e-07   6.717422e-14   1.004544e+00   7.552747e-02  -2.238319e-08
  -2.985940e-06  -4.123565e-07   1.514409e-11   9.949483e-01   1.374018e-01  -5.046179e-06
  -2.945486e-06  -5.964377e-07   3.016189e-11   9.814686e-01   1.987396e-01  -1.005028e-05
  -2.893429e-06  -7.781692e-07   4.506086e-11   9.641226e-01   2.592946e-01  -1.501478e-05
  -2.829870e-06  -9.568076e-07   5.978072e-11   9.429442e-01   3.188189e-01  -1.991960e-05
  -2.754961e-06  -1.131608e-06   7.426080e-11   9.179837e-01   3.770644e-01  -2.474452e-05
  -2.668902e-06  -1.301829e-06   8.844033e-11   8.893079e-01   4.337839e-01  -2.946930e-05
  -2.571945e-06  -1.466734e-06   1.022587e-10   8.570006e-01   4.887320e-01  -3.407374e-05
  -2.464392e-06  -1.625596e-06   1.156558e-10   8.211629e-01   5.416667e-01  -3.853781e-05
  -2.346599e-06  -1.777704e-06   1.285724e-10   7.819129e-01   5.923506e-01  -4.284175e-05
  -2.218972e-06  -1.922362e-06   1.409501e-10   7.393862e-01   6.405522e-01  -4.696614e-05
  -2.081970e-06  -2.058897e-06   1.527323e-10   6.937354e-01   6.860473e-01  -5.089210e-05
  -1.936100e-06  -2.186663e-06   1.638640e-10   6.451299e-01   7.286204e-01  -5.460129e-05
  -1.781920e-06  -2.305044e-06   1.742924e-10   5.937555e-01   7.680664e-01  -5.807615e-05
  -1.620037e-06  -2.413460e-06   1.839672e-10   5.398142e-01   8.041917e-01  -6.129992e-05
  -1.451100e-06  -2.511369e-06   1.928412e-10   4.835228e-01   8.368160e-01  -6.425682e-05
  -1.275805e-06  -2.598273e-06   2.008701e-10   4.251125e-01   8.657734e-01  -6.693215e-05
  -1.094886e-06  -2.673722e-06   2.080135e-10   3.648282e-01   8.909139e-01  -6.931240e-05
  -9.091127e-07  -2.737318e-06   2.142347e-10   3.029264e-01   9.121048e-01  -7.138537e-05
  -7.192884e-07  -2.788717e-06   2.195013e-10   2.396749e-01   9.292314e-01  -7.314026e-05
  -5.262446e-07  -2.827633e-06   2.237854e-10   1.753505e-01   9.421988e-01  -7.456777e-05
  -3.308359e-07  -2.853843e-06   2.270638e-10   1.102382e-01   9.509320e-01  -7.566018e-05
  -1.339354e-07  -2.867184e-06   2.293184e-10   4.462877e-02   9.553775e-01  -7.641144e-05
   6.357062e-08  -2.867561e-06   2.305362e-10  -2.118243e-02   9.555033e-01  -7.681721e-05
   2.607886e-07  -2.854945e-06   2.307093e-10  -8.689766e-02   9.512995e-01  -7.687490e-05
   4.568231e-07  -2.829374e-06   2.298355e-10  -1.522185e-01   9.427788e-01  -7.658374e-05
   6.507828e-07  -2.790952e-06   2.279178e-10  -2.168481e-01   9.299761e-01  -7.594475e-05
   8.417862e-07  -2.739851e-06   2.249648e-10  -2.804925e-01   9.129487e-01  -7.496076e-05
   1.028967e-06  -2.676309e-06   2.209902e-10  -3.428633e-01   8.917759e-01  -7.363639e-05
   1.211481e-06  -2.600628e-06   2.160133e-10  -4.036790e-01   8.665583e-01  -7.197803e-05
   1.388510e-06  -2.513172e-06   2.100583e-10  -4.626668e-01   8.374169e-01  -6.999376e-05
   1.559266e-06  -2.414364e-06   2.031544e-10  -5.195648e-01   8.044929e-01  -6.769332e-05
   1.723000e-06  -2.304682e-06   1.953357e-10  -5.741228e-01   7.679457e-01  -6.508801e-05
   1.879002e-06  -2.184658e-06   1.866403e-10  -6.261044e-01   7.279525e-01  -6.219063e-05
   2.026608e-06  -2.054872e-06   1.771109e-10  -6.752882e-01   6.847062e-01  -5.901533e-05
   2.165200e-06  -1.915946e-06   1.667938e-10  -7.214686e-01   6.384145e-01  -5.557756e-05
   2.294212e-06  -1.768544e-06   1.557388e-10  -7.644569e-01   5.892984e-01  -5.189389e-05
   2.413133e-06  -1.613362e-06   1.439987e-10  -8.040826e-01   5.375900e-01  -4.798195e-05
   2.521505e-06  -1.451127e-06   1.316291e-10  -8.401933e-01   4.835316e-01  -4.386027e-05
   2.618927e-06  -1.282591e-06   1.186879e-10  -8.726556e-01   4.273736e-01  -3.954812e-05
   2.705058e-06  -1.108525e-06   1.052350e-10  -9.013552e-01   3.693728e-01  -3.506546e-05
   2.779611e-06  -9.297148e-07   9.133169e-11  -9.261974e-01   3.097913e-01  -3.043273e-05
   2.842362e-06  -7.469566e-07   7.704056e-11  -9.471064e-01   2.488942e-01  -2.567077e-05
   2.893139e-06  -5.610519e-07   6.242491e-11  -9.640259e-01   1.869487e-01  -2.080067e-05
   2.931830e-06  -3.728034e-07   4.754847e-11  -9.769183e-01   1.242222e-01  -1.584368e-05
   2.958378e-06  -1.830108e-07   3.247510e-11  -9.857643e-01   6.098123e-02  -1.082106e-05
   2.972778e-06   7.533223e-09   1.726839e-11  -9.905627e-01  -2.510154e-03  -5.754018e-06
   2.975080e-06   1.980466e-07   1.991393e-12  -9.913298e-01  -6.599132e-02  -6.635541e-07
   2.965382e-06   3.877611e-07  -1.329363e-11  -9.880982e-01  -1.292063e-01   4.429587e-06
   2.943830e-06   5.759256e-07  -2.852552e-11  -9.809168e-01  -1.919048e-01   9.505020e-06
   2.910616e-06   7.618086e-07  -4.364440e-11  -9.698494e-01  -2.538431e-01   1.454280e-05
   2.865974e-06   9.447007e-07  -5.859194e-11  -9.549744e-01  -3.147847e-01   1.952348e-05
   2.810182e-06   1.123917e-06  -7.331149e-11  -9.363837e-01  -3.745016e-01   2.442820e-05
   2.743551e-06   1.298799e-06  -8.774832e-11  -9.141817e-01  -4.327742e-01   2.923871e-05
   2.666432e-06   1.468715e-06  -1.018497e-10  -8.884849e-01  -4.893923e-01   3.393745e-05
   2.579207e-06   1.633065e-06  -1.155650e-10  -8.594205e-01  -5.441555e-01   3.850755e-05
   2.482289e-06   1.791277e-06  -1.288460e-10  -8.271262e-01  -5.968735e-01   4.293293e-05
   2.376117e-06   1.942813e-06  -1.416467e-10  -7.917486e-01  -6.473667e-01   4.719827e-05
   2.261159e-06   2.087163e-06  -1.539237e-10  -7.534432e-01  -6.954660e-01   5.128907e-05
   2.137903e-06   2.223855e-06  -1.656358e-10  -7.123730e-01  -7.410132e-01   5.519167e-05
   2.006860e-06   2.352447e-06  -1.767446e-10  -6.687082e-01  -7.838614e-01   5.889325e-05
   1.868560e-06   2.472531e-06  -1.872142e-10  -6.226250e-01  -8.238749e-01   6.238184e-05
   1.723548e-06   2.583735e-06  -1.970113e-10  -5.743054e-01  -8.609291e-01   6.564636e-05
   1.572385e-06   2.685717e-06  -2.061054e-10  -5.239363e-01  -8.949108e-01   6.867660e-05
   1.415645e-06   2.778173e-06  -2.144683e-10  -4.717086e-01  -9.257180e-01   7.146323e-05
   1.253911e-06   2.860830e-06  -2.220749e-10  -4.178171e-01  -9.532602e-01   7.399781e-05
   1.087778e-06   2.933449e-06  -2.289022e-10  -3.624598e-01  -9.774579e-01   7.627277e-05
   9.178474e-07   2.995827e-06  -2.349304e-10  -3.058369e-01  -9.982428e-01   7.828142e-05
   7.447262e-07   3.047792e-06  -2.401420e-10  -2.481510e-01  -1.015558e+00   8.001798e-05
   5.690267e-07   3.089205e-06  -2.445222e-10  -1.896060e-01  -1.029357e+00   8.147751e-05
   3.913642e-07   3.119960e-06  -2.480588e-10  -1.304069e-01  -1.039605e+00   8.265596e-05
   2.123558e-07   3.139986e-06  -2.507424e-10  -7.075930e-02  -1.046278e+00   8.355014e-05
   3.261891e-08   3.149241e-06  -2.525658e-10  -1.086898e-02  -1.049362e+00   8.415774e-05
  -1.472296e-07   3.147717e-06  -2.535248e-10   4.905854e-02  -1.048854e+00   8.447728e-05
  -3.265750e-07   3.135437e-06  -2.536175e-10   1.088184e-01  -1.044763e+00   8.450815e-05
  -5.048058e-07   3.112456e-06  -2.528445e-10   1.682069e-01  -1.037105e+00   8.425059e-05
  -6.813149e-07   3.078859e-06  -2.512092e-10   2.270217e-01  -1.025910e+00   8.370568e-05
  -8.555006e-07   3.034763e-06  -2.487172e-10   2.850623e-01  -1.011217e+00   8.287534e-05
  -1.026768e-06   2.980315e-06  -2.453769e-10   3.421306e-01  -9.930742e-01   8.176230e-05
  -1.194531e-06   2.915694e-06  -2.411989e-10   3.980310e-01  -9.715417e-01   8.037017e-05
  -1.358211e-06   2.841107e-06  -2.361966e-10   4.525709e-01  -9.466885e-01   7.870333e-05
  -1.517240e-06   2.756793e-06  -2.303855e-10   5.055613e-01  -9.185940e-01   7.676702e-05
  -1.671063e-06   2.663018e-06  -2.237839e-10   5.568168e-01  -8.873472e-01   7.456728e-05
  -1.819137e-06   2.560081e-06  -2.164122e-10   6.061565e-01  -8.530473e-01   7.211096e-05
  -1.960931e-06   2.448307e-06  -2.082936e-10   6.534038e-01  -8.158029e-01   6.940574e-05
  -2.095931e-06   2.328051e-06  -1.994534e-10   6.983876e-01  -7.757324e-01   6.646009e-05
  -2.223642e-06   2.199697e-06  -1.899194e-10   7.409421e-01  -7.329635e-01   6.328325e-05
  -2.343582e-06   2.063657e-06  -1.797218e-10   7.809076e-01  -6.876335e-01   5.988529e-05
  -2.455293e-06   1.920371e-06  -1.688931e-10   8.181310e-01  -6.398889e-01   5.627705e-05
  -2.558336e-06   1.770305e-06  -1.574681e-10   8.524661e-01  -5.898853e-01   5.247013e-05
  -2.652296e-06   1.613953e-06  -1.454841e-10   8.837743e-01  -5.377872e-01   4.847690e-05
  -2.736779e-06   1.451836e-06  -1.329802e-10   9.119252e-01  -4.837677e-01   4.431049e-05
  -2.811421e-06   1.284497e-06  -1.199982e-10   9.367968e-01  -4.280087e-01   3.998473e-05
  -2.875884e-06   1.112508e-06  -1.065817e-10   9.582766e-01  -3.707000e-01   3.551421e-05
  -2.929860e-06   9.364617e-07  -9.277653e-11   9.762618e-01  -3.120394e-01   3.091417e-05
  -2.973070e-06   7.569748e-07  -7.863048e-11   9.906600e-01  -2.522324e-01   2.620055e-05
  -3.005272e-06   5.746848e-07  -6.419328e-11   1.001390e+00  -1.914914e-01   2.138991e-05
  -3.026256e-06   3.902498e-07  -4.951646e-11   1.008382e+00  -1.300356e-01   1.649943e-05
  -3.035851e-06   2.043460e-07  -3.465328e-11   1.011579e+00  -6.809036e-02   1.154686e-05
  -3.033922e-06   1.766662e-08  -1.965857e-11   1.010936e+00  -5.886715e-03   6.550453e-06
  -3.020378e-06  -1.690804e-07  -4.588593e-12   1.006423e+00   5.633947e-02   1.528970e-06
  -2.995168e-06  -3.551744e-07   1.049910e-11   9.980234e-01   1.183481e-01  -3.498418e-06
  -2.958287e-06  -5.398844e-07   2.554589e-11   9.857341e-01   1.798955e-01  -8.512173e-06
  -2.909774e-06  -7.224716e-07   4.049223e-11   9.695691e-01   2.407355e-01  -1.349246e-05
  -2.849717e-06  -9.021923e-07   5.527791e-11   9.495573e-01   3.006205e-01  -1.841921e-05
  -2.778251e-06  -1.078301e-06   6.984229e-11   9.257440e-01   3.593019e-01  -2.327223e-05
  -2.695561e-06  -1.250054e-06   8.412454e-11   8.981909e-01   4.165319e-01  -2.803123e-05
  -2.601885e-06  -1.416712e-06   9.806390e-11   8.669770e-01   4.720641e-01  -3.267598e-05
  -2.497510e-06  -1.577544e-06   1.116000e-10   8.321979e-01   5.256552e-01  -3.718636e-05
  -2.382775e-06  -1.731833e-06   1.246732e-10   7.939670e-01   5.770659e-01  -4.154250e-05
  -2.258072e-06  -1.878877e-06   1.372249e-10   7.524147e-01   6.260625e-01  -4.572485e-05
  -2.123844e-06  -2.017995e-06   1.491977e-10   7.076885e-01   6.724183e-01  -4.971433e-05
  -1.980586e-06  -2.148533e-06   1.605361e-10   6.599532e-01   7.159149e-01  -5.349241e-05
  -1.828840e-06  -2.269864e-06   1.711866e-10   6.093899e-01   7.563437e-01  -5.704128e-05
  -1.669200e-06  -2.381396e-06   1.810981e-10   5.561959e-01   7.935075e-01  -6.034390e-05
  -1.502303e-06  -2.482575e-06   1.902223e-10   5.005839e-01   8.272216e-01  -6.338418e-05
  -1.328831e-06  -2.572890e-06   1.985141e-10   4.427813e-01   8.573156e-01  -6.614709e-05
  -1.149509e-06  -2.651877e-06   2.059317e-10   3.830290e-01   8.836347e-01  -6.861874e-05
  -9.650956e-07  -2.719119e-06   2.124375e-10   3.215806e-01   9.060408e-01  -7.078652e-05
  -7.763867e-07  -2.774259e-06   2.179976e-10   2.587007e-01   9.244138e-01  -7.263920e-05
  -5.842058e-07  -2.816991e-06   2.225828e-10   1.946638e-01   9.386527e-01  -7.416704e-05
  -3.894015e-07  -2.847074e-06   2.261685e-10   1.297529e-01   9.486768e-01  -7.536185e-05
  -1.928426e-07  -2.864329e-06   2.287351e-10   6.425730e-02   9.544261e-01  -7.621707e-05
   4.587791e-09  -2.868639e-06   2.302680e-10  -1.528703e-03   9.558622e-01  -7.672785e-05
   2.019974e-07  -2.859955e-06   2.307580e-10  -6.730778e-02   9.529689e-01  -7.689111e-05
   3.984906e-07  -2.838297e-06   2.302010e-10  -1.327815e-01   9.457522e-01  -7.670553e-05
   5.931741e-07  -2.803750e-06   2.285986e-10  -1.976522e-01   9.342405e-01  -7.617161e-05
   7.851630e-07  -2.756465e-06   2.259578e-10  -2.616250e-01   9.184847e-01  -7.529165e-05
   9.735861e-07  -2.696662e-06   2.222908e-10  -3.244097e-01   8.985578e-01  -7.406976e-05
   1.157592e-06  -2.624625e-06   2.176153e-10  -3.857225e-01   8.745540e-01  -7.251182e-05
   1.336354e-06  -2.540698e-06   2.119540e-10  -4.452881e-01   8.465888e-01  -7.062542e-05
   1.509077e-06  -2.445289e-06   2.053347e-10  -5.028412e-01   8.147973e-01  -6.841982e-05
   1.674999e-06  -2.338859e-06   1.977901e-10  -5.581281e-01   7.793338e-01  -6.590587e-05
   1.833398e-06  -2.221926e-06   1.893573e-10  -6.109085e-01   7.403703e-01  -6.309594e-05
   1.983597e-06  -2.095054e-06   1.800774e-10  -6.609564e-01   6.980953e-01  -6.000379e-05
   2.124964e-06  -1.958855e-06   1.699958e-10  -7.080615e-01   6.527121e-01  -5.664450e-05
   2.256919e-06  -1.813979e-06   1.591613e-10  -7.520305e-01   6.044379e-01  -5.303430e-05
   2.378934e-06  -1.661114e-06   1.476257e-10  -7.926872e-01   5.535016e-01  -4.919053e-05
   2.490536e-06  -1.500978e-06   1.354440e-10  -8.298742e-01   5.001425e-01  -4.513143e-05
   2.591307e-06  -1.334315e-06   1.226732e-10  -8.634524e-01   4.446084e-01  -4.087608e-05
   2.680889e-06  -1.161889e-06   1.093728e-10  -8.933020e-01   3.871545e-01  -3.644422e-05
   2.758979e-06  -9.844840e-07   9.560349e-11  -9.193226e-01   3.280410e-01  -3.185614e-05
   2.825334e-06  -8.028910e-07   8.142756e-11  -9.414328e-01   2.675322e-01  -2.713257e-05
   2.879768e-06  -6.179102e-07   6.690804e-11  -9.595705e-01   2.058945e-01  -2.229450e-05
   2.922150e-06  -4.303436e-07   5.210852e-11  -9.736927e-01   1.433953e-01  -1.736314e-05
   2.952407e-06  -2.409913e-07   3.709279e-11  -9.837747e-01   8.030097e-02  -1.235973e-05
   2.970519e-06  -5.064765e-08   2.192447e-11  -9.898099e-01   1.687636e-02  -7.305477e-06
   2.976519e-06   1.399025e-07   6.666760e-12  -9.918092e-01  -4.661706e-02  -2.221439e-06
   2.970491e-06   3.298873e-07  -8.617891e-12  -9.898005e-01  -1.099221e-01   2.871577e-06
   2.952566e-06   5.185508e-07  -2.386803e-11  -9.838277e-01  -1.727869e-01   7.953092e-06
   2.922922e-06   7.051563e-07  -3.902343e-11  -9.739502e-01  -2.349659e-01   1.300304e-05
   2.881782e-06   8.889881e-07  -5.402535e-11  -9.602417e-01  -2.962207e-01   1.800185e-05
   2.829407e-06   1.069355e-06  -6.881666e-11  -9.427900e-01  -3.563208e-01   2.293047e-05
   2.766101e-06   1.245589e-06  -8.334208e-11  -9.216956e-01  -4.150442e-01   2.777051e-05
   2.692201e-06   1.417053e-06  -9.754831e-11  -8.970712e-01  -4.721779e-01   3.250418e-05
   2.608079e-06   1.583137e-06  -1.113842e-10  -8.690407e-01  -5.275189e-01   3.711444e-05
   2.514137e-06   1.743261e-06  -1.248007e-10  -8.377384e-01  -5.808738e-01   4.158496e-05
   2.410808e-06   1.896875e-06  -1.377512e-10  -8.033080e-01  -6.320597e-01   4.590021e-05
   2.298549e-06   2.043463e-06  -1.501914e-10  -7.659021e-01  -6.809045e-01   5.004545e-05
   2.177842e-06   2.182541e-06  -1.620797e-10  -7.256813e-01  -7.272468e-01   5.400675e-05
   2.049191e-06   2.313657e-06  -1.733767e-10  -6.828133e-01  -7.709361e-01   5.777104e-05
   1.913119e-06   2.436393e-06  -1.840458e-10  -6.374723e-01  -8.118333e-01   6.132610e-05
   1.770165e-06   2.550367e-06  -1.940529e-10  -5.898385e-01  -8.498105e-01   6.466058e-05
   1.620885e-06   2.655226e-06  -2.033666e-10  -5.400968e-01  -8.847508e-01   6.776399e-05
   1.465848e-06   2.750655e-06  -2.119579e-10  -4.884369e-01  -9.165489e-01   7.062673e-05
   1.305636e-06   2.836371e-06  -2.198008e-10  -4.350523e-01  -9.451105e-01   7.324008e-05
   1.140837e-06   2.912126e-06  -2.268718e-10  -3.801396e-01  -9.703526e-01   7.559619e-05
   9.720518e-07   2.977702e-06  -2.331498e-10  -3.238985e-01  -9.922035e-01   7.768811e-05
   7.998847e-07   3.032920e-06  -2.386167e-10  -2.665304e-01  -1.010603e+00   7.950975e-05
   6.249460e-07   3.077629e-06  -2.432569e-10  -2.082390e-01  -1.025500e+00   8.105589e-05
   4.478500e-07   3.111713e-06  -2.470573e-10  -1.492286e-01  -1.036857e+00   8.232222e-05
   2.692127e-07   3.135089e-06  -2.500075e-10  -8.970467e-02  -1.044646e+00   8.330526e-05
   8.965162e-08   3.147706e-06  -2.520997e-10  -2.987291e-02  -1.048850e+00   8.400241e-05
  -9.021649e-08   3.149544e-06  -2.533286e-10   3.006114e-02  -1.049463e+00   8.441191e-05
  -2.697762e-07   3.140617e-06  -2.536917e-10   8.989243e-02  -1.046488e+00   8.453289e-05
  -4.484150e-07   3.120969e-06  -2.531887e-10   1.494169e-01  -1.039941e+00   8.436528e-05
  -6.255242e-07   3.090674e-06  -2.518221e-10   2.084316e-01  -1.029847e+00   8.390991e-05
  -8.005004e-07   3.049841e-06  -2.495967e-10   2.667356e-01  -1.016241e+00   8.316840e-05
  -9.727464e-07   2.998605e-06  -2.465201e-10   3.241299e-01  -9.991686e-01   8.214323e-05
  -1.141672e-06   2.937136e-06  -2.426021e-10   3.804179e-01  -9.786863e-01   8.083771e-05
  -1.306697e-06   2.865631e-06  -2.378552e-10   4.354061e-01  -9.548600e-01   7.925598e-05
  -1.467250e-06   2.784318e-06  -2.322942e-10   4.889041e-01  -9.277656e-01   7.740299e-05
  -1.622771e-06   2.693455e-06  -2.259364e-10   5.407252e-01  -8.974892e-01   7.528453e-05
  -1.772711e-06   2.593330e-06  -2.188018e-10   5.906870e-01  -8.641265e-01   7.290718e-05
  -1.916537e-06   2.484260e-06  -2.109124e-10   6.386112e-01  -8.277832e-01   7.027836e-05
  -2.053728e-06   2.366591e-06  -2.022930e-10   6.843249e-01  -7.885744e-01   6.740626e-05
  -2.183782e-06   2.240697e-06  -1.929705e-10   7.276604e-01  -7.466252e-01   6.429990e-05
  -2.306213e-06   2.106982e-06  -1.829744e-10   7.684558e-01  -7.020696e-01   6.096909e-05
  -2.420554e-06   1.965875e-06  -1.723364e-10   8.065556e-01  -6.550514e-01   5.742442e-05
  -2.526360e-06   1.817836e-06  -1.610908e-10   8.418113e-01  -6.057233e-01   5.367725e-05
  -2.623207e-06   1.663351e-06  -1.492739e-10   8.740816e-01  -5.542471e-01   4.973972e-05
  -2.710694e-06   1.502931e-06  -1.369244e-10   9.032333e-01  -5.007933e-01   4.562472e-05
  -2.788447e-06   1.337114e-06  -1.240832e-10   9.291415e-01  -4.455413e-01   4.134589e-05
  -2.856119e-06   1.166463e-06  -1.107934e-10   9.516905e-01  -3.886784e-01   3.691758e-05
  -2.913391e-06   9.915644e-07  -9.710012e-11   9.707741e-01  -3.304003e-01   3.235484e-05
  -2.959975e-06   8.130284e-07  -8.305069e-11   9.862967e-01  -2.709101e-01   2.767341e-05
  -2.995618e-06   6.314869e-07  -6.869424e-11   9.981731e-01  -2.104185e-01   2.288968e-05
  -3.020098e-06   4.475923e-07  -5.408181e-11   1.006330e+00  -1.491427e-01   1.802066e-05
  -3.033231e-06   2.620160e-07  -3.926619e-11   1.010706e+00  -8.730665e-02   1.308393e-05
  -3.034871e-06   7.544700e-08  -2.430180e-11   1.011253e+00  -2.513978e-02   8.097628e-06
  -3.024913e-06  -1.114103e-07  -9.244530e-12   1.007935e+00   3.712316e-02   3.080380e-06
  -3.003294e-06  -2.978382e-07   5.848374e-12   1.000731e+00   9.924299e-02  -1.948743e-06
  -2.969993e-06  -4.831076e-07   2.091853e-11   9.896348e-01   1.609768e-01  -6.970287e-06
  -2.925037e-06  -6.664810e-07   3.590659e-11   9.746548e-01   2.220789e-01  -1.196448e-05
  -2.868497e-06  -8.472151e-07   5.075246e-11   9.558150e-01   2.823015e-01  -1.691128e-05
  -2.800495e-06  -1.024564e-06   6.539553e-11   9.331559e-01   3.413960e-01  -2.179052e-05
  -2.721201e-06  -1.197781e-06   7.977491e-11   9.067343e-01   3.991140e-01  -2.658189e-05
  -2.630836e-06  -1.366126e-06   9.382974e-11   8.766237e-01   4.552083e-01  -3.126511e-05
  -2.529673e-06  -1.528863e-06   1.074994e-10   8.429150e-01   5.094342e-01  -3.582001e-05
  -2.418035e-06  -1.685270e-06   1.207241e-10   8.057162e-01   5.615507e-01  -4.022660e-05
  -2.296300e-06  -1.834639e-06   1.334445e-10   7.651527e-01   6.113222e-01  -4.446519e-05
  -2.164896e-06  -1.976283e-06   1.456031e-10   7.213673e-01   6.585195e-01  -4.851655e-05
  -2.024301e-06  -2.109537e-06   1.571435e-10   6.745195e-01   7.029213e-01  -5.236195e-05
  -1.875045e-06  -2.233766e-06   1.680116e-10   6.247859e-01   7.443157e-01  -5.598333e-05
  -1.717708e-06  -2.348367e-06   1.781555e-10   5.723592e-01   7.825019e-01  -5.936340e-05
  -1.552913e-06  -2.452773e-06   1.875261e-10   5.174479e-01   8.172911e-01  -6.248576e-05
  -1.381332e-06  -2.546459e-06   1.960770e-10   4.602752e-01   8.485085e-01  -6.533505e-05
  -1.203676e-06  -2.628947e-06   2.037657e-10   4.010783e-01   8.759944e-01  -6.789700e-05
  -1.020696e-06  -2.699807e-06   2.105531e-10   3.401073e-01   8.996056e-01  -7.015863e-05
  -8.331774e-07  -2.758661e-06   2.164042e-10   2.776240e-01   9.192165e-01  -7.210829e-05
  -6.419361e-07  -2.805190e-06   2.212885e-10   2.139002e-01   9.347203e-01  -7.373577e-05
  -4.478146e-07  -2.839132e-06   2.251798e-10   1.492168e-01   9.460304e-01  -7.503242e-05
  -2.516765e-07  -2.860290e-06   2.280572e-10   8.386141e-02   9.530804e-01  -7.599120e-05
  -5.440175e-08  -2.868529e-06   2.299046e-10   1.812727e-02   9.558258e-01  -7.660675e-05
   1.431193e-07  -2.863781e-06   2.307110e-10  -4.768895e-02   9.542437e-01  -7.687547e-05
   3.399913e-07  -2.846045e-06   2.304711e-10  -1.132889e-01   9.483336e-01  -7.679553e-05
   5.353195e-07  -2.815385e-06   2.291847e-10  -1.783744e-01   9.381176e-01  -7.636688e-05
   7.282158e-07  -2.771936e-06   2.268572e-10  -2.426496e-01   9.236399e-01  -7.559132e-05
   9.178047e-07  -2.715897e-06   2.234993e-10  -3.058227e-01   9.049671e-01  -7.447243e-05
   1.103228e-06  -2.647533e-06   2.191271e-10  -3.676080e-01   8.821874e-01  -7.301557e-05
   1.283653e-06  -2.567172e-06   2.137619e-10  -4.277274e-01   8.554101e-01  -7.122784e-05
   1.458273e-06  -2.475202e-06   2.074301e-10  -4.859126e-01   8.247646e-01  -6.911803e-05
   1.626316e-06  -2.372069e-06   2.001630e-10  -5.419066e-01   7.903999e-01  -6.669652e-05
   1.787050e-06  -2.258276e-06   1.919961e-10  -5.954650e-01   7.524826e-01  -6.397524e-05
   1.939784e-06  -2.134373e-06   1.829698e-10  -6.463576e-01   7.111966e-01  -6.096755e-05
   2.083873e-06  -2.000957e-06   1.731279e-10  -6.943696e-01   6.667411e-01  -5.768815e-05
   2.218721e-06  -1.858668e-06   1.625184e-10  -7.393026e-01   6.193290e-01  -5.415295e-05
   2.343786e-06  -1.708184e-06   1.511923e-10  -7.809754e-01   5.691858e-01  -5.037895e-05
   2.458577e-06  -1.550212e-06   1.392034e-10  -8.192252e-01   5.165479e-01  -4.638413e-05
   2.562662e-06  -1.385490e-06   1.266084e-10  -8.539075e-01   4.616606e-01  -4.218732e-05
   2.655665e-06  -1.214776e-06   1.134658e-10  -8.848970e-01   4.047768e-01  -3.780807e-05
   2.737266e-06  -1.038846e-06   9.983613e-11  -9.120875e-01   3.461551e-01  -3.326651e-05
   2.807205e-06  -8.584910e-07   8.578109e-11  -9.353920e-01   2.860587e-01  -2.858321e-05
   2.865279e-06  -6.745071e-07   7.136347e-11  -9.547429e-01   2.247533e-01  -2.377910e-05
   2.911342e-06  -4.876956e-07   5.664669e-11  -9.700914e-01   1.625056e-01  -1.887530e-05
   2.945303e-06  -2.988568e-07   4.169444e-11  -9.814075e-01   9.958242e-02  -1.389305e-05
   2.967126e-06  -1.087865e-07   2.657036e-11  -9.886792e-01   3.624886e-02  -8.853539e-06
   2.976828e-06   8.172827e-08   1.133775e-11  -9.919121e-01  -2.723277e-02  -3.777864e-06
   2.974478e-06   2.719121e-07  -3.940765e-12  -9.911291e-01  -9.060414e-02   1.313107e-06
   2.960193e-06   4.610049e-07  -1.920347e-11  -9.863692e-01  -1.536120e-01   6.398809e-06
   2.934137e-06   6.482646e-07  -3.438981e-11  -9.776871e-01  -2.160090e-01   1.145907e-05
   2.896519e-06   8.329696e-07  -4.944063e-11  -9.651521e-01  -2.775547e-01   1.647417e-05
   2.847587e-06   1.014421e-06  -6.429836e-11  -9.488478e-01  -3.380165e-01   2.142493e-05
   2.787634e-06   1.191947e-06  -7.890720e-11  -9.288706e-01  -3.971698e-01   2.629275e-05
   2.716984e-06   1.364898e-06  -9.321328e-11  -9.053294e-01  -4.547993e-01   3.105970e-05
   2.636000e-06   1.532659e-06  -1.071648e-10  -8.783446e-01  -5.106988e-01   3.570850e-05
   2.545075e-06   1.694638e-06  -1.207122e-10  -8.480471e-01  -5.646722e-01   4.022263e-05
   2.444629e-06   1.850279e-06  -1.338080e-10  -8.145776e-01  -6.165336e-01   4.458631e-05
   2.335114e-06   1.999056e-06  -1.464074e-10  -7.780860e-01  -6.661076e-01   4.878457e-05
   2.217003e-06   2.140473e-06  -1.584679e-10  -7.387300e-01  -7.132294e-01   5.280325e-05
   2.090792e-06   2.274070e-06  -1.699493e-10  -6.966751e-01  -7.577455e-01   5.662901e-05
   1.956998e-06   2.399420e-06  -1.808144e-10  -6.520934e-01  -7.995132e-01   6.024937e-05
   1.816154e-06   2.516126e-06  -1.910282e-10  -6.051628e-01  -8.384011e-01   6.365272e-05
   1.668812e-06   2.623829e-06  -2.005584e-10  -5.560667e-01  -8.742889e-01   6.682829e-05
   1.515536e-06   2.722202e-06  -2.093755e-10  -5.049933e-01  -9.070678e-01   6.976623e-05
   1.356901e-06   2.810950e-06  -2.174523e-10  -4.521346e-01  -9.366399e-01   7.245752e-05
   1.193496e-06   2.889816e-06  -2.247646e-10  -3.976861e-01  -9.629187e-01   7.489404e-05
   1.025915e-06   2.958572e-06  -2.312905e-10  -3.418464e-01  -9.858289e-01   7.706857e-05
   8.547625e-07   3.017025e-06  -2.370111e-10  -2.848164e-01  -1.005306e+00   7.897472e-05
   6.806455e-07   3.065017e-06  -2.419098e-10  -2.267986e-01  -1.021298e+00   8.060702e-05
   5.041771e-07   3.102419e-06  -2.459727e-10  -1.679974e-01  -1.033761e+00   8.196084e-05
   3.259726e-07   3.129139e-06  -2.491887e-10  -1.086177e-01  -1.042664e+00   8.303244e-05
   1.466488e-07   3.145115e-06  -2.515491e-10  -4.886502e-02  -1.047987e+00   8.381894e-05
  -3.317731e-08   3.150316e-06  -2.530477e-10   1.105505e-02  -1.049720e+00   8.431830e-05
  -2.128900e-07   3.144746e-06  -2.536811e-10   7.093732e-02  -1.047864e+00   8.452935e-05
  -3.918758e-07   3.128438e-06  -2.534483e-10   1.305774e-01  -1.042430e+00   8.445177e-05
  -5.695247e-07   3.101457e-06  -2.523508e-10   1.897720e-01  -1.033440e+00   8.408609e-05
  -7.452315e-07   3.063900e-06  -2.503928e-10   2.483194e-01  -1.020925e+00   8.343367e-05
  -9.183967e-07   3.015894e-06  -2.475809e-10   3.060200e-01  -1.004929e+00   8.249670e-05
  -1.088428e-06   2.957596e-06  -2.439242e-10   3.626763e-01  -9.855039e-01   8.127824e-05
  -1.254742e-06   2.889196e-06  -2.394342e-10   4.180938e-01  -9.627122e-01   7.978213e-05
  -1.416762e-06   2.810911e-06  -2.341251e-10   4.720809e-01  -9.366269e-01   7.801307e-05
  -1.573926e-06   2.722990e-06  -2.280133e-10   5.244496e-01  -9.073306e-01   7.597657e-05
  -1.725681e-06   2.625711e-06  -2.211179e-10   5.750159e-01  -8.749161e-01   7.367895e-05
  -1.871487e-06   2.519381e-06  -2.134604e-10   6.236002e-01  -8.394857e-01   7.112737e-05
  -2.010820e-06   2.404337e-06  -2.050645e-10   6.700275e-01  -8.011518e-01   6.832977e-05
  -2.143171e-06   2.280944e-06  -1.959566e-10   7.141283e-01  -7.600359e-01   6.529491e-05
  -2.268048e-06   2.149597e-06  -1.861653e-10   7.557386e-01  -7.162695e-01   6.203233e-05
  -2.384977e-06   2.010717e-06  -1.757216e-10   7.947008e-01  -6.699933e-01   5.855240e-05
  -2.493506e-06   1.864755e-06  -1.646590e-10   8.308638e-01  -6.213571e-01   5.486622e-05
  -2.593202e-06   1.712188e-06  -1.530132e-10   8.640838e-01  -5.705201e-01   5.098570e-05
  -2.683659e-06   1.553520e-06  -1.408222e-10   8.942249e-01  -5.176501e-01   4.692351e-05
  -2.764491e-06   1.389281e-06  -1.281261e-10   9.211592e-01  -4.629239e-01   4.269305e-05
  -2.835344e-06   1.220026e-06  -1.149675e-10   9.447680e-01  -4.065264e-01   3.830846e-05
  -2.895888e-06   1.046336e-06  -1.013909e-10   9.649419e-01  -3.486508e-01   3.378459e-05
  -2.945825e-06   8.688137e-07  -8.744300e-11   9.815816e-01  -2.894984e-01   2.913698e-05
  -2.984890e-06   6.880845e-07  -7.317233e-11   9.945985e-01  -2.292774e-01   2.438183e-05
  -3.012851e-06   5.047957e-07  -5.862946e-11   1.003915e+00  -1.682035e-01   1.953599e-05
  -3.029512e-06   3.196136e-07  -4.386668e-11   1.009467e+00  -1.064988e-01   1.461687e-05
  -3.034715e-06   1.332226e-07  -2.893800e-11   1.011201e+00  -4.439126e-02   9.642463e-06
  -3.028342e-06  -5.367654e-08  -1.389893e-11   1.009077e+00   1.788562e-02   4.631278e-06
  -3.010315e-06  -2.403691e-07   1.193627e-12   1.003070e+00   8.009367e-02  -3.977296e-07
  -2.980601e-06  -4.261286e-07   1.628155e-11   9.931694e-01   1.419908e-01  -5.425193e-06
  -2.939212e-06  -6.102187e-07   3.130569e-11   9.793780e-01   2.033317e-01  -1.043140e-05
  -2.886205e-06  -7.918970e-07   4.620610e-11   9.617155e-01   2.638689e-01  -1.539639e-05
  -2.821686e-06  -9.704168e-07   6.092221e-11   9.402172e-01   3.233536e-01  -2.029996e-05
  -2.745812e-06  -1.145031e-06   7.539314e-11   9.149350e-01   3.815371e-01  -2.512183e-05
  -2.658787e-06  -1.314996e-06   8.955792e-11   8.859374e-01   4.381711e-01  -2.984169e-05
  -2.560869e-06  -1.479573e-06   1.033558e-10   8.533101e-01   4.930100e-01  -3.443929e-05
  -2.452368e-06  -1.638035e-06   1.167265e-10   8.171561e-01   5.458113e-01  -3.889455e-05
  -2.333643e-06  -1.789668e-06   1.296106e-10   7.775957e-01   5.963373e-01  -4.318768e-05
  -2.205108e-06  -1.933779e-06   1.419498e-10   7.347665e-01   6.443565e-01  -4.729925e-05
  -2.067228e-06  -2.069693e-06   1.536875e-10   6.888233e-01   6.896448e-01  -5.121037e-05
  -1.920518e-06  -2.196768e-06   1.647686e-10   6.399378e-01   7.319873e-01  -5.490274e-05
  -1.765542e-06  -2.314387e-06   1.751407e-10   5.882981e-01   7.711795e-01  -5.835882e-05
  -1.602912e-06  -2.421974e-06   1.847535e-10   5.341082e-01   8.070288e-01  -6.156193e-05
  -1.433287e-06  -2.518991e-06   1.935601e-10   4.775873e-01   8.393559e-01  -6.449636e-05
  -1.257367e-06  -2.604944e-06   2.015164e-10   4.189688e-01   8.679964e-01  -6.714751e-05
  -1.075892e-06  -2.679389e-06   2.085825e-10   3.584992e-01   8.928020e-01  -6.950200e-05
  -8.896377e-07  -2.741931e-06   2.147220e-10   2.964372e-01   9.136418e-01  -7.154775e-05
  -6.994123e-07  -2.792234e-06   2.199031e-10   2.330519e-01   9.304034e-01  -7.327414e-05
  -5.060513e-07  -2.830020e-06   2.240983e-10   1.686219e-01   9.429939e-01  -7.467205e-05
  -3.104132e-07  -2.855071e-06   2.272852e-10   1.034331e-01   9.513412e-01  -7.573394e-05
  -1.133739e-07  -2.867234e-06   2.294460e-10   3.777746e-02   9.553941e-01  -7.645396e-05
   8.417841e-08  -2.866421e-06   2.305686e-10  -2.804918e-02   9.551234e-01  -7.682800e-05
   2.813491e-07  -2.852613e-06   2.306457e-10  -9.374864e-02   9.505222e-01  -7.685370e-05
   4.772425e-07  -2.825854e-06   2.296757e-10  -1.590225e-01   9.416058e-01  -7.653050e-05
   6.709681e-07  -2.786258e-06   2.276625e-10  -2.235740e-01   9.284121e-01  -7.585966e-05
   8.616458e-07  -2.734006e-06   2.246151e-10  -2.871100e-01   9.110012e-01  -7.484424e-05
   1.048412e-06  -2.669344e-06   2.205481e-10  -3.493426e-01   8.894552e-01  -7.348908e-05
   1.230426e-06  -2.592582e-06   2.154814e-10  -4.099917e-01   8.638771e-01  -7.180079e-05
   1.406874e-06  -2.504090e-06   2.094398e-10  -4.687859e-01   8.343907e-01  -6.978765e-05
   1.576973e-06  -2.404299e-06   2.024531e-10  -5.254648e-01   8.011392e-01  -6.745961e-05
   1.739979e-06  -2.293694e-06   1.945558e-10  -5.797802e-01   7.642842e-01  -6.482815e-05
   1.895188e-06  -2.172811e-06   1.857868e-10  -6.314978e-01   7.240048e-01  -6.190621e-05
   2.041943e-06  -2.042235e-06   1.761889e-10  -6.803981e-01   6.804954e-01  -5.870810e-05
   2.179634e-06  -1.902594e-06   1.658089e-10  -7.262781e-01   6.339653e-01  -5.524937e-05
   2.307701e-06  -1.754552e-06   1.546969e-10  -7.689516e-01   5.846362e-01  -5.154672e-05
   2.425641e-06  -1.598810e-06   1.429059e-10  -8.082504e-01   5.327413e-01  -4.761784e-05
   2.533002e-06  -1.436096e-06   1.304918e-10  -8.440245e-01   4.785232e-01  -4.348132e-05
   2.629394e-06  -1.267162e-06   1.175125e-10  -8.761432e-01   4.222326e-01  -3.915647e-05
   2.714479e-06  -1.092780e-06   1.040279e-10  -9.044946e-01   3.641265e-01  -3.466326e-05
   2.787981e-06  -9.137346e-07   9.009942e-11  -9.289862e-01   3.044665e-01  -3.002213e-05
   2.849679e-06  -7.308204e-07   7.578944e-11  -9.495446e-01   2.435175e-01  -2.525388e-05
   2.899410e-06  -5.448372e-07   6.116120e-11  -9.661155e-01   1.815458e-01  -2.037959e-05
   2.937067e-06  -3.565853e-07   4.627827e-11  -9.786633e-01   1.188182e-01  -1.542043e-05
   2.962598e-06  -1.668611e-07   3.120428e-11  -9.871706e-01   5.559997e-02  -1.039761e-05
   2.976005e-06   2.354594e-08   1.600259e-11  -9.916380e-01  -7.845770e-03  -5.332240e-06
   2.977341e-06   2.138575e-07   7.359841e-13  -9.920831e-01  -7.125968e-02  -2.452381e-07
   2.966708e-06   4.033093e-07  -1.453358e-11  -9.885399e-01  -1.343871e-01   4.842750e-06
   2.944255e-06   5.911543e-07  -2.974524e-11  -9.810584e-01  -1.969792e-01   9.911444e-06
   2.910178e-06   7.766654e-07  -4.483946e-11  -9.697036e-01  -2.587935e-01   1.494101e-05
   2.864714e-06   9.591375e-07  -5.975824e-11  -9.545545e-01  -3.195953e-01   1.991211e-05
   2.808141e-06   1.137890e-06  -7.444527e-11  -9.357036e-01  -3.791576e-01   2.480599e-05
   2.740773e-06   1.312269e-06  -8.884614e-11  -9.132560e-01  -4.372625e-01   2.960452e-05
   2.662962e-06   1.481647e-06  -1.029085e-10  -8.873284e-01  -4.937012e-01   3.429024e-05
   2.575089e-06   1.645427e-06  -1.165820e-10  -8.580483e-01  -5.482746e-01   3.884641e-05
   2.477568e-06   1.803042e-06  -1.298187e-10  -8.255533e-01  -6.007938e-01   4.325703e-05
   2.370840e-06   1.953957e-06  -1.425729e-10  -7.899902e-01  -6.510802e-01   4.750689e-05
   2.255370e-06   2.097667e-06  -1.548015e-10  -7.515144e-01  -6.989660e-01   5.158158e-05
   2.131648e-06   2.233701e-06  -1.664636e-10  -7.102886e-01  -7.442941e-01   5.546753e-05
   2.000182e-06   2.361622e-06  -1.775211e-10  -6.664828e-01  -7.869186e-01   5.915200e-05
   1.861501e-06   2.481024e-06  -1.879382e-10  -6.202729e-01  -8.267047e-01   6.262310e-05
   1.716151e-06   2.591536e-06  -1.976819e-10  -5.718405e-01  -8.635286e-01   6.586982e-05
   1.564690e-06   2.692821e-06  -2.067218e-10  -5.213720e-01  -8.972778e-01   6.888200e-05
   1.407691e-06   2.784574e-06  -2.150300e-10  -4.690581e-01  -9.278511e-01   7.165038e-05
   1.245736e-06   2.866527e-06  -2.225813e-10  -4.150932e-01  -9.551585e-01   7.416655e-05
   1.079420e-06   2.938440e-06  -2.293531e-10  -3.596746e-01  -9.791210e-01   7.642299e-05
   9.093409e-07   3.000112e-06  -2.353255e-10  -3.030025e-01  -9.996708e-01   7.841307e-05
   7.361061e-07   3.051373e-06  -2.404812e-10  -2.452787e-01  -1.016751e+00   8.013101e-05
   5.603264e-07   3.092083e-06  -2.448055e-10  -1.867070e-01  -1.030316e+00   8.157192e-05
   3.826161e-07   3.122140e-06  -2.482863e-10  -1.274919e-01  -1.040332e+00   8.273177e-05
   2.035912e-07   3.141470e-06  -2.509141e-10  -6.783884e-02  -1.046773e+00   8.360738e-05
   2.386857e-08   3.150034e-06  -2.526820e-10  -7.953273e-03  -1.049626e+00   8.419645e-05
  -1.559357e-07   3.147823e-06  -2.535856e-10   5.195950e-02  -1.048889e+00   8.449754e-05
  -3.352074e-07   3.134861e-06  -2.536231e-10   1.116948e-01  -1.044570e+00   8.451003e-05
  -5.133353e-07   3.111203e-06  -2.527952e-10   1.710490e-01  -1.036687e+00   8.423417e-05
  -6.897127e-07   3.076935e-06  -2.511052e-10   2.298199e-01  -1.025269e+00   8.367106e-05
  -8.637380e-07   3.032174e-06  -2.485590e-10   2.878071e-01  -1.010354e+00   8.282261e-05
  -1.034816e-06   2.977068e-06  -2.451647e-10   3.448123e-01  -9.919922e-01   8.169159e-05
  -1.202361e-06   2.911796e-06  -2.409331e-10   4.006400e-01  -9.702426e-01   8.028159e-05
  -1.365793e-06   2.836565e-06  -2.358776e-10   4.550975e-01  -9.451748e-01   7.859703e-05
  -1.524546e-06   2.751614e-06  -2.300138e-10   5.079956e-01  -9.168683e-01   7.664315e-05
  -1.678062e-06   2.657212e-06  -2.233600e-10   5.591488e-01  -8.854126e-01   7.442602e-05
  -1.825797e-06   2.553657e-06  -2.159367e-10   6.083759e-01  -8.509068e-01   7.195251e-05
  -1.967222e-06   2.441276e-06  -2.077671e-10   6.555003e-01  -8.134601e-01   6.923031e-05
  -2.101823e-06   2.320425e-06  -1.988767e-10   7.003506e-01  -7.731912e-01   6.626793e-05
  -2.229100e-06   2.191489e-06  -1.892934e-10   7.427607e-01  -7.302285e-01   6.307467e-05
  -2.348574e-06   2.054882e-06  -1.790475e-10   7.825709e-01  -6.847095e-01   5.966061e-05
  -2.459785e-06   1.911045e-06  -1.681716e-10   8.196276e-01  -6.367816e-01   5.603665e-05
  -2.562294e-06   1.760448e-06  -1.567008e-10   8.537847e-01  -5.866008e-01   5.221444e-05
  -2.655684e-06   1.603585e-06  -1.446723e-10   8.849034e-01  -5.343325e-01   4.820641e-05
  -2.739564e-06   1.440980e-06  -1.321257e-10   9.128531e-01  -4.801506e-01   4.402575e-05
  -2.813568e-06   1.273180e-06  -1.191028e-10   9.375119e-01  -4.242377e-01   3.968637e-05
  -2.877357e-06   1.100758e-06  -1.056475e-10   9.587673e-01  -3.667848e-01   3.520292e-05
  -2.930625e-06   9.243107e-07  -9.180588e-11   9.765167e-01  -3.079906e-01   3.059074e-05
  -2.973094e-06   7.444575e-07  -7.762597e-11   9.906678e-01  -2.480615e-01   2.586584e-05
  -3.004521e-06   5.618395e-07  -6.315778e-11   1.001140e+00  -1.872112e-01   2.104487e-05
  -3.024699e-06   3.771179e-07  -4.845311e-11   1.007863e+00  -1.256599e-01   1.614511e-05
  -3.033457e-06   1.909724e-07  -3.356550e-11   1.010781e+00  -6.363413e-02   1.118440e-05
  -3.030664e-06   4.099803e-09  -1.855009e-11   1.009851e+00  -1.366100e-03   6.181096e-06
  -3.016230e-06  -1.827886e-07  -3.463422e-12   1.005041e+00   6.090718e-02   1.154051e-06
  -2.990108e-06  -3.689686e-07   1.163667e-11   9.963372e-01   1.229444e-01  -3.877466e-06
  -2.952295e-06  -5.537060e-07   2.669126e-11   9.837375e-01   1.845010e-01  -8.893823e-06
  -2.902835e-06  -7.362590e-07   4.164054e-11   9.672567e-01   2.453297e-01  -1.387509e-05
  -2.841818e-06  -9.158809e-07   5.642406e-11   9.469254e-01   3.051817e-01  -1.880112e-05
  -2.769386e-06  -1.091824e-06   7.098093e-11   9.227903e-01   3.638078e-01  -2.365163e-05
  -2.685729e-06  -1.263341e-06   8.525009e-11   8.949149e-01   4.209593e-01  -2.840628e-05
  -2.591089e-06  -1.429692e-06   9.917063e-11   8.633797e-01   4.763893e-01  -3.304475e-05
  -2.485760e-06  -1.590145e-06   1.126820e-10   8.282827e-01   5.298540e-01  -3.754690e-05
  -2.370086e-06  -1.743981e-06   1.257245e-10   7.897390e-01   5.811138e-01  -4.189281e-05
  -2.244467e-06  -1.890498e-06   1.382395e-10   7.478812e-01   6.299350e-01  -4.606292e-05
  -2.109351e-06  -2.029017e-06   1.501695e-10   7.028591e-01   6.760910e-01  -5.003814e-05
  -1.965240e-06  -2.158883e-06   1.614591e-10   6.548396e-01   7.193637e-01  -5.379996e-05
  -1.812683e-06  -2.279471e-06   1.720549e-10   6.040062e-01   7.595451e-01  -5.733059e-05
  -1.652281e-06  -2.390193e-06   1.819059e-10   5.505583e-01   7.964389e-01  -6.061307e-05
  -1.484677e-06  -2.490498e-06   1.909642e-10   4.947109e-01   8.298616e-01  -6.363138e-05
  -1.310561e-06  -2.579878e-06   1.991848e-10   4.366934e-01   8.596440e-01  -6.637057e-05
  -1.130661e-06  -2.657874e-06   2.065264e-10   3.767489e-01   8.856330e-01  -6.881688e-05
  -9.457449e-07  -2.724076e-06   2.129516e-10   3.151327e-01   9.076923e-01  -7.095783e-05
  -7.566111e-07  -2.778130e-06   2.184272e-10   2.521112e-01   9.257038e-01  -7.278236e-05
  -5.640882e-07  -2.819741e-06   2.229244e-10   1.879604e-01   9.395689e-01  -7.428088e-05
  -3.690289e-07  -2.848672e-06   2.264192e-10   1.229645e-01   9.492092e-01  -7.544539e-05
  -1.723047e-07  -2.864753e-06   2.288926e-10   5.741385e-02   9.545674e-01  -7.626955e-05
   2.519876e-08  -2.867875e-06   2.303306e-10  -8.396506e-03   9.556078e-01  -7.674872e-05
   2.225880e-07  -2.857999e-06   2.307247e-10  -7.416881e-02   9.523169e-01  -7.688003e-05
   4.189670e-07  -2.835151e-06   2.300716e-10  -1.396045e-01   9.447037e-01  -7.666240e-05
   6.134430e-07  -2.799425e-06   2.283734e-10  -2.044060e-01   9.327994e-01  -7.609654e-05
   8.051323e-07  -2.750982e-06   2.256378e-10  -2.682790e-01   9.166577e-01  -7.518501e-05
   9.931663e-07  -2.690049e-06   2.218778e-10  -3.309340e-01   8.963543e-01  -7.393213e-05
   1.176697e-06  -2.616918e-06   2.171116e-10  -3.920883e-01   8.719863e-01  -7.234400e-05
   1.354901e-06  -2.531943e-06   2.113628e-10  -4.514680e-01   8.436714e-01  -7.042842e-05
   1.526988e-06  -2.435535e-06   2.046596e-10  -5.088092e-01   8.115473e-01  -6.819484e-05
   1.692201e-06  -2.328165e-06   1.970352e-10  -5.638602e-01   7.757703e-01  -6.565432e-05
   1.849826e-06  -2.210354e-06   1.885272e-10  -6.163826e-01   7.365143e-01  -6.281937e-05
   1.999191e-06  -2.082672e-06   1.791774e-10  -6.661526e-01   6.939696e-01  -5.970390e-05
   2.139671e-06  -1.945736e-06   1.690313e-10  -7.129622e-01   6.483409e-01  -5.632311e-05
   2.270694e-06  -1.800199e-06   1.581381e-10  -7.566204e-01   5.998464e-01  -5.269337e-05
   2.391738e-06  -1.646752e-06   1.465500e-10  -7.969538e-01   5.487159e-01  -4.883207e-05
   2.502339e-06  -1.486113e-06   1.343219e-10  -8.338070e-01   4.951894e-01  -4.475754e-05
   2.602086e-06  -1.319029e-06   1.215112e-10  -8.670438e-01   4.395150e-01  -4.048887e-05
   2.690627e-06  -1.146264e-06   1.081772e-10  -8.965466e-01   3.819479e-01  -3.604584e-05
   2.767667e-06  -9.685999e-07   9.438084e-11  -9.222174e-01   3.227482e-01  -3.144874e-05
   2.832970e-06  -7.868280e-07   8.018423e-11  -9.439772e-01   2.621798e-01  -2.671827e-05
   2.886356e-06  -6.017462e-07   6.565031e-11  -9.617659e-01   2.005085e-01  -2.187541e-05
   2.927701e-06  -4.141542e-07   5.084252e-11  -9.755426e-01   1.380008e-01  -1.694129e-05
   2.956938e-06  -2.248493e-07   3.582445e-11  -9.852845e-01   7.492228e-02  -1.193711e-05
   2.974050e-06  -3.462246e-08   2.065950e-11  -9.909866e-01   1.153659e-02  -6.883975e-06
   2.979077e-06   1.557451e-07   5.410595e-12  -9.926616e-01  -5.189598e-02  -1.802870e-06
   2.972106e-06   3.454853e-07  -9.860103e-12  -9.903386e-01  -1.151195e-01   3.285496e-06
   2.953271e-06   5.338466e-07  -2.509145e-11  -9.840626e-01  -1.778836e-01   8.360748e-06
   2.922754e-06   7.200962e-07  -4.022354e-11  -9.738941e-01  -2.399440e-01   1.340293e-05
   2.880780e-06   9.035229e-07  -5.519795e-11  -9.599078e-01  -3.010638e-01   1.839257e-05
   2.827613e-06   1.083439e-06  -6.995790e-11  -9.421921e-01  -3.610140e-01   2.331075e-05
   2.763557e-06   1.259183e-06  -8.444845e-11  -9.208480e-01  -4.195738e-01   2.813916e-05
   2.688952e-06   1.430120e-06  -9.861662e-11  -8.959886e-01  -4.765320e-01   3.286015e-05
   2.604169e-06   1.595645e-06  -1.124115e-10  -8.677380e-01  -5.316866e-01   3.745677e-05
   2.509612e-06   1.755180e-06  -1.257846e-10  -8.362307e-01  -5.848456e-01   4.191281e-05
   2.405713e-06   1.908182e-06  -1.386893e-10  -8.016104e-01  -6.358275e-01   4.621283e-05
   2.292930e-06   2.054137e-06  -1.510819e-10  -7.640296e-01  -6.844612e-01   5.034217e-05
   2.171743e-06   2.192563e-06  -1.629208e-10  -7.236488e-01  -7.305864e-01   5.428701e-05
   2.042655e-06   2.323013e-06  -1.741670e-10  -6.806354e-01  -7.740539e-01   5.803437e-05
   1.906189e-06   2.445072e-06  -1.847840e-10  -6.351634e-01  -8.147252e-01   6.157209e-05
   1.762884e-06   2.558358e-06  -1.947381e-10  -5.874124e-01  -8.524733e-01   6.488889e-05
   1.613293e-06   2.662523e-06  -2.039978e-10  -5.375671e-01  -8.871822e-01   6.797435e-05
   1.457985e-06   2.757252e-06  -2.125347e-10  -4.858169e-01  -9.187471e-01   7.081892e-05
   1.297540e-06   2.842266e-06  -2.203226e-10  -4.323547e-01  -9.470745e-01   7.341394e-05
   1.132546e-06   2.917316e-06  -2.273382e-10  -3.773769e-01  -9.720819e-01   7.575160e-05
   9.636009e-07   2.982187e-06  -2.335606e-10  -3.210825e-01  -9.936980e-01   7.782498e-05
   7.913087e-07   3.036701e-06  -2.389718e-10  -2.636728e-01  -1.011862e+00   7.962804e-05
   6.162787e-07   3.080707e-06  -2.435561e-10  -2.053509e-01  -1.026526e+00   8.115560e-05
   4.391237e-07   3.114092e-06  -2.473007e-10  -1.463209e-01  -1.037650e+00   8.240333e-05
   2.604593e-07   3.136772e-06  -2.501952e-10  -8.678792e-02  -1.045207e+00   8.336780e-05
   8.090178e-08   3.148696e-06  -2.522318e-10  -2.695737e-02  -1.049180e+00   8.404642e-05
  -9.893254e-08   3.149846e-06  -2.534053e-10   3.296542e-02  -1.049564e+00   8.443746e-05
  -2.784289e-07   3.140236e-06  -2.537131e-10   9.277559e-02  -1.046361e+00   8.454003e-05
  -4.569751e-07   3.119909e-06  -2.531551e-10   1.522692e-01  -1.039588e+00   8.435410e-05
  -6.339628e-07   3.088942e-06  -2.517338e-10   2.112434e-01  -1.029270e+00   8.388049e-05
  -8.087886e-07   3.047442e-06  -2.494540e-10   2.694973e-01  -1.015441e+00   8.312084e-05
  -9.808554e-07   2.995545e-06  -2.463232e-10   3.268319e-01  -9.981490e-01   8.207764e-05
  -1.149573e-06   2.933422e-06  -2.423515e-10   3.830506e-01  -9.774487e-01   8.075420e-05
  -1.314361e-06   2.861269e-06  -2.375512e-10   4.379597e-01  -9.534067e-01   7.915469e-05
  -1.474647e-06   2.779317e-06  -2.319372e-10   4.913688e-01  -9.260992e-01   7.728407e-05
  -1.629871e-06   2.687823e-06  -2.255271e-10   5.430911e-01  -8.956125e-01   7.514813e-05
  -1.779484e-06   2.587076e-06  -2.183405e-10   5.929437e-01  -8.620426e-01   7.275349e-05
  -1.922951e-06   2.477395e-06  -2.103999e-10   6.407485e-01  -8.254954e-01   7.010759e-05
  -2.059752e-06   2.359125e-06  -2.017300e-10   6.863321e-01  -7.860867e-01   6.721866e-05
  -2.189383e-06   2.232644e-06  -1.923578e-10   7.295267e-01  -7.439417e-01   6.409574e-05
  -2.311358e-06   2.098355e-06  -1.823129e-10   7.701702e-01  -6.991952e-01   6.074869e-05
  -2.425210e-06   1.956692e-06  -1.716274e-10   8.081069e-01  -6.519914e-01   5.718814e-05
  -2.530492e-06   1.808114e-06  -1.603353e-10   8.431881e-01  -6.024836e-01   5.342550e-05
  -2.626780e-06   1.653110e-06  -1.484734e-10   8.752723e-01  -5.508345e-01   4.947298e-05
  -2.713674e-06   1.492193e-06  -1.360805e-10   9.042263e-01  -4.972154e-01   4.534353e-05
  -2.790799e-06   1.325905e-06  -1.231977e-10   9.299251e-01  -4.418064e-01   4.105084e-05
  -2.857807e-06   1.154811e-06  -1.098683e-10   9.522530e-01  -3.847958e-01   3.660934e-05
  -2.914381e-06   9.795002e-07  -9.613779e-11   9.711041e-01  -3.263803e-01   3.203418e-05
  -2.960233e-06   8.005859e-07  -8.205359e-11   9.863826e-01  -2.667641e-01   2.734117e-05
  -2.995110e-06   6.187033e-07  -6.766516e-11   9.980039e-01  -2.061588e-01   2.254678e-05
  -3.018792e-06   4.345082e-07  -5.302381e-11   1.005895e+00  -1.447830e-01   1.766812e-05
  -3.031096e-06   2.486755e-07  -3.818263e-11   1.009995e+00  -8.286142e-02   1.272288e-05
  -3.031879e-06   6.189751e-08  -2.319631e-11   1.010256e+00  -2.062494e-02   7.729268e-06
  -3.021038e-06  -1.251178e-07  -8.121056e-12   1.006643e+00   4.169063e-02   2.706026e-06
  -2.998511e-06  -3.116491e-07   6.985609e-12   9.991373e-01   1.038449e-01  -2.327683e-06
  -2.964283e-06  -4.969642e-07   2.206501e-11   9.877319e-01   1.655940e-01  -7.352307e-06
  -2.918382e-06  -6.803223e-07   3.705753e-11   9.724371e-01   2.266910e-01  -1.234798e-05
  -2.860884e-06  -8.609773e-07   5.190280e-11   9.532784e-01   2.868872e-01  -1.729459e-05
  -2.791916e-06  -1.038180e-06   6.653997e-11   9.302976e-01   3.459331e-01  -2.217186e-05
  -2.711653e-06  -1.211183e-06   8.090794e-11   9.035530e-01   4.035796e-01  -2.695942e-05
  -2.620322e-06  -1.379242e-06   9.494565e-11   8.731203e-01   4.595786e-01  -3.163694e-05
  -2.518199e-06  -1.541621e-06   1.085924e-10   8.390920e-01   5.136851e-01  -3.618418e-05
  -2.405617e-06  -1.697596e-06   1.217880e-10   8.015783e-01   5.656579e-01  -4.058112e-05
  -2.282957e-06  -1.846460e-06   1.344735e-10   7.607066e-01   6.152610e-01  -4.480805e-05
  -2.150654e-06  -1.987525e-06   1.465909e-10   7.166218e-01   6.622653e-01  -4.884573e-05
  -2.009194e-06  -2.120127e-06   1.580843e-10   6.694859e-01   7.064500e-01  -5.267543e-05
  -1.859114e-06  -2.243633e-06   1.688993e-10   6.194776e-01   7.476036e-01  -5.627913e-05
  -1.700999e-06  -2.357442e-06   1.789844e-10   5.667918e-01   7.855260e-01  -5.963959e-05
  -1.535481e-06  -2.460991e-06   1.882905e-10   5.116392e-01   8.200296e-01  -6.274048e-05
  -1.363236e-06  -2.553759e-06   1.967717e-10   4.542453e-01   8.509409e-01  -6.556653e-05
  -1.184982e-06  -2.635271e-06   2.043857e-10   3.948493e-01   8.781017e-01  -6.810358e-05
  -1.001477e-06  -2.705103e-06   2.110938e-10   3.337031e-01   9.013704e-01  -7.033879e-05
  -8.135095e-07  -2.762884e-06   2.168614e-10   2.710704e-01   9.206236e-01  -7.226063e-05
  -6.219017e-07  -2.808300e-06   2.216586e-10   2.072245e-01   9.357568e-01  -7.385910e-05
  -4.274996e-07  -2.841098e-06   2.254598e-10   1.424476e-01   9.466855e-01  -7.512570e-05
  -2.311701e-07  -2.861088e-06   2.282445e-10   7.702845e-02   9.533462e-01  -7.605361e-05
  -3.379555e-08  -2.868142e-06   2.299974e-10   1.126105e-02   9.556967e-01  -7.663768e-05
   1.637321e-07  -2.862201e-06   2.307081e-10  -5.455737e-02   9.537172e-01  -7.687451e-05
   3.605169e-07  -2.843273e-06   2.303720e-10  -1.201282e-01   9.474100e-01  -7.676251e-05
   5.556642e-07  -2.811431e-06   2.289896e-10  -1.851535e-01   9.367999e-01  -7.630188e-05
   7.482873e-07  -2.766817e-06   2.265669e-10  -2.493376e-01   9.219341e-01  -7.549462e-05
   9.375125e-07  -2.709639e-06   2.231155e-10  -3.123896e-01   9.028819e-01  -7.434455e-05
   1.122485e-06  -2.640171e-06   2.186519e-10  -3.740245e-01   8.797342e-01  -7.285725e-05
   1.302375e-06  -2.558747e-06   2.131983e-10  -4.339657e-01   8.526029e-01  -7.104004e-05
   1.476381e-06  -2.465764e-06   2.067815e-10  -4.919465e-01   8.216198e-01  -6.890189e-05
   1.643737e-06  -2.361674e-06   1.994333e-10  -5.477114e-01   7.869359e-01  -6.645340e-05
   1.803716e-06  -2.246984e-06   1.911900e-10  -6.010181e-01   7.487201e-01  -6.370664e-05
   1.955632e-06  -2.122252e-06   1.820922e-10  -6.516385e-01   7.071579e-01  -6.067515e-05
   2.098850e-06  -1.988078e-06   1.721843e-10  -6.993600e-01   6.624498e-01  -5.737373e-05
   2.232778e-06  -1.845107e-06   1.615145e-10  -7.439866e-01   6.148101e-01  -5.381842e-05
   2.356883e-06  -1.694017e-06   1.501340e-10  -7.853397e-01   5.644654e-01  -5.002632e-05
   2.470682e-06  -1.535520e-06   1.380970e-10  -8.232588e-01   5.116524e-01  -4.601546e-05
   2.573750e-06  -1.370354e-06   1.254602e-10  -8.576020e-01   4.566170e-01  -4.180473e-05
   2.665717e-06  -1.199276e-06   1.122823e-10  -8.882464e-01   3.996122e-01  -3.741370e-05
   2.746271e-06  -1.023065e-06   9.862365e-11  -9.150880e-01   3.408966e-01  -3.286249e-05
   2.815160e-06  -8.425078e-07   8.454608e-11  -9.380425e-01   2.807330e-01  -2.817169e-05
   2.872186e-06  -6.584004e-07   7.011224e-11  -9.570442e-01   2.193863e-01  -2.336218e-05
   2.917209e-06  -4.715415e-07   5.538541e-11  -9.720464e-01   1.571229e-01  -1.845503e-05
   2.950145e-06  -2.827289e-07   4.042910e-11  -9.830210e-01   9.420839e-02  -1.347142e-05
   2.970963e-06  -9.275486e-08   2.530672e-11  -9.899578e-01   3.090695e-02  -8.432479e-06
   2.979685e-06   9.759677e-08   1.008130e-11  -9.928642e-01  -3.252033e-02  -3.359202e-06
   2.976384e-06   2.875546e-07  -5.184790e-12  -9.917641e-01  -9.581638e-02   1.727630e-06
   2.961180e-06   4.763625e-07  -2.043015e-11  -9.866981e-01  -1.587293e-01   6.807552e-06
   2.934241e-06   6.632825e-07  -3.559454e-11  -9.777217e-01  -2.210131e-01   1.186050e-05
   2.895778e-06   8.475975e-07  -5.061914e-11  -9.649053e-01  -2.824289e-01   1.686686e-05
   2.846043e-06   1.028613e-06  -6.544670e-11  -9.483331e-01  -3.427454e-01   2.180757e-05
   2.785328e-06   1.205661e-06  -8.002177e-11  -9.281021e-01  -4.017395e-01   2.666414e-05
   2.713961e-06   1.378097e-06  -9.429081e-11  -9.043218e-01  -4.591973e-01   3.141874e-05
   2.632303e-06   1.545308e-06  -1.082023e-10  -8.771126e-01  -5.149139e-01   3.605422e-05
   2.540749e-06   1.706710e-06  -1.217070e-10  -8.466058e-01  -5.686947e-01   4.055414e-05
   2.439721e-06   1.861747e-06  -1.347579e-10  -8.129421e-01  -6.203548e-01   4.490284e-05
   2.329668e-06   2.009897e-06  -1.473103e-10  -7.762711e-01  -6.697201e-01   4.908543e-05
   2.211063e-06   2.150670e-06  -1.593220e-10  -7.367507e-01  -7.166271e-01   5.308785e-05
   2.084402e-06   2.283607e-06  -1.707532e-10  -6.945460e-01  -7.609232e-01   5.689685e-05
   1.950202e-06   2.408283e-06  -1.815666e-10  -6.498288e-01  -8.024665e-01   6.050002e-05
   1.808994e-06   2.524306e-06  -1.917278e-10  -6.027768e-01  -8.411267e-01   6.388582e-05
   1.661328e-06   2.631318e-06  -2.012045e-10  -5.535730e-01  -8.767842e-01   6.704356e-05
   1.507768e-06   2.728993e-06  -2.099673e-10  -5.024051e-01  -9.093308e-01   6.996343e-05
   1.348889e-06   2.817041e-06  -2.179893e-10  -4.494647e-01  -9.386694e-01   7.263646e-05
   1.185276e-06   2.895204e-06  -2.252464e-10  -3.949471e-01  -9.647140e-01   7.505460e-05
   1.017524e-06   2.963256e-06  -2.317169e-10  -3.390503e-01  -9.873897e-01   7.721065e-05
   8.462344e-07   3.021006e-06  -2.373818e-10  -2.819747e-01  -1.006633e+00   7.909826e-05
   6.720147e-07   3.068295e-06  -2.422248e-10  -2.239227e-01  -1.022390e+00   8.071199e-05
   4.954763e-07   3.104998e-06  -2.462320e-10  -1.650982e-01  -1.034620e+00   8.204724e-05
   3.172338e-07   3.131021e-06  -2.493923e-10  -1.057058e-01  -1.043291e+00   8.310028e-05
   1.379029e-07   3.146304e-06  -2.516970e-10  -4.595079e-02  -1.048383e+00   8.386825e-05
  -4.189994e-08   3.150816e-06  -2.531402e-10   1.396153e-02  -1.049887e+00   8.434913e-05
  -2.215596e-07   3.144561e-06  -2.537183e-10   7.382613e-02  -1.047803e+00   8.454176e-05
  -4.004631e-07   3.127573e-06  -2.534304e-10   1.334387e-01  -1.042142e+00   8.444584e-05
  -5.780007e-07   3.099917e-06  -2.522782e-10   1.925962e-01  -1.032927e+00   8.406189e-05
  -7.535673e-07   3.061691e-06  -2.502656e-10   2.510970e-01  -1.020189e+00   8.339129e-05
  -9.265635e-07   3.013022e-06  -2.473995e-10   3.087413e-01  -1.003972e+00   8.243625e-05
  -1.096397e-06   2.954067e-06  -2.436888e-10   3.653316e-01  -9.843280e-01   8.119982e-05
  -1.262483e-06   2.885017e-06  -2.391453e-10   4.206734e-01  -9.613197e-01   7.968587e-05
  -1.424247e-06   2.806089e-06  -2.337830e-10   4.745750e-01  -9.350201e-01   7.789910e-05
  -1.581124e-06   2.717534e-06  -2.276186e-10   5.268482e-01  -9.055124e-01   7.584505e-05
  -1.732562e-06   2.619628e-06  -2.206711e-10   5.773089e-01  -8.728893e-01   7.353007e-05
  -1.878020e-06   2.512682e-06  -2.129620e-10   6.257771e-01  -8.372537e-01   7.096131e-05
  -2.016973e-06   2.397033e-06  -2.045153e-10   6.720779e-01  -7.987181e-01   6.814677e-05
  -2.148912e-06   2.273048e-06  -1.953573e-10   7.160412e-01  -7.574047e-01   6.509522e-05
  -2.273343e-06   2.141121e-06  -1.855169e-10   7.575032e-01  -7.134454e-01   6.181627e-05
  -2.389794e-06   2.001678e-06  -1.750251e-10   7.963058e-01  -6.669814e-01   5.832030e-05
  -2.497809e-06   1.855170e-06  -1.639156e-10   8.322978e-01  -6.181632e-01   5.461849e-05
  -2.596958e-06   1.702076e-06  -1.522242e-10   8.653352e-01  -5.671507e-01   5.072280e-05
  -2.686831e-06   1.542903e-06  -1.399891e-10   8.952821e-01  -5.141126e-01   4.664594e-05
  -2.767046e-06   1.378184e-06  -1.272508e-10   9.220104e-01  -4.592262e-01   4.240139e-05
  -2.837245e-06   1.208476e-06  -1.140519e-10   9.454015e-01  -4.026777e-01   3.800337e-05
  -2.897100e-06   1.034363e-06  -1.004372e-10   9.653460e-01  -3.446611e-01   3.346680e-05
  -2.946315e-06   8.564499e-07  -8.645362e-11   9.817448e-01  -2.853786e-01   2.880730e-05
  -2.984623e-06   6.753669e-07  -7.215000e-11   9.945096e-01  -2.250398e-01   2.404118e-05
  -3.011795e-06   4.917639e-07  -5.757716e-11   1.003564e+00  -1.638612e-01   1.918535e-05
  -3.027636e-06   3.063108e-07  -4.278770e-11   1.008842e+00  -1.020662e-01   1.425734e-05
  -3.031989e-06   1.196954e-07  -2.783590e-11   1.010292e+00  -3.988385e-02   9.275231e-06
  -3.024738e-06  -6.737802e-08  -1.277756e-11   1.007876e+00   2.245110e-02   4.257626e-06
