Method       t0       tn       N         h
 Euler        0        1  100000     1e-05

x  -  y  -  z  .........
  -9.228356e-07   0.000000e+00   0.000000e+00   3.074991e-01   0.000000e+00   0.000000e+00
  -9.222030e-07  -3.732551e-08   0.000000e+00   3.072883e-01   1.243727e-02   0.000000e+00
  -9.203189e-07  -7.460037e-08   0.000000e+00   3.066605e-01   2.485767e-02   0.000000e+00
  -9.171874e-07  -1.117741e-07   0.000000e+00   3.056170e-01   3.724438e-02   0.000000e+00
  -9.128154e-07  -1.487967e-07   0.000000e+00   3.041602e-01   4.958073e-02   0.000000e+00
  -9.072124e-07  -1.856187e-07   0.000000e+00   3.022932e-01   6.185021e-02   0.000000e+00
  -9.003904e-07  -2.221913e-07   0.000000e+00   3.000201e-01   7.403660e-02   0.000000e+00
  -8.923640e-07  -2.584667e-07   0.000000e+00   2.973456e-01   8.612398e-02   0.000000e+00
  -8.831502e-07  -2.943983e-07   0.000000e+00   2.942755e-01   9.809678e-02   0.000000e+00
  -8.727685e-07  -3.299406e-07   0.000000e+00   2.908162e-01   1.099399e-01   0.000000e+00
  -8.612405e-07  -3.650495e-07   0.000000e+00   2.869749e-01   1.216386e-01   0.000000e+00
  -8.485897e-07  -3.996827e-07   0.000000e+00   2.827595e-01   1.331787e-01   0.000000e+00
  -8.348419e-07  -4.337993e-07   0.000000e+00   2.781786e-01   1.445467e-01   0.000000e+00
  -8.200244e-07  -4.673601e-07   0.000000e+00   2.732412e-01   1.557296e-01   0.000000e+00
  -8.041664e-07  -5.003279e-07   0.000000e+00   2.679572e-01   1.667148e-01   0.000000e+00
  -7.872984e-07  -5.326675e-07   0.000000e+00   2.623366e-01   1.774907e-01   0.000000e+00
  -7.694524e-07  -5.643455e-07   0.000000e+00   2.563901e-01   1.880462e-01   0.000000e+00
  -7.506615e-07  -5.953305e-07   0.000000e+00   2.501287e-01   1.983707e-01   0.000000e+00
  -7.309597e-07  -6.255933e-07   0.000000e+00   2.435639e-01   2.084546e-01   0.000000e+00
  -7.103822e-07  -6.551068e-07   0.000000e+00   2.367072e-01   2.182888e-01   0.000000e+00
  -6.889647e-07  -6.838457e-07   0.000000e+00   2.295707e-01   2.278650e-01   0.000000e+00
  -6.667435e-07  -7.117870e-07   0.000000e+00   2.221663e-01   2.371753e-01   0.000000e+00
  -6.437554e-07  -7.389097e-07   0.000000e+00   2.145064e-01   2.462129e-01   0.000000e+00
  -6.200374e-07  -7.651948e-07   0.000000e+00   2.066033e-01   2.549714e-01   0.000000e+00
  -5.956268e-07  -7.906253e-07   0.000000e+00   1.984695e-01   2.634451e-01   0.000000e+00
  -5.705609e-07  -8.151862e-07   0.000000e+00   1.901172e-01   2.716291e-01   0.000000e+00
  -5.448770e-07  -8.388642e-07   0.000000e+00   1.815591e-01   2.795189e-01   0.000000e+00
  -5.186121e-07  -8.616480e-07   0.000000e+00   1.728073e-01   2.871107e-01   0.000000e+00
  -4.918031e-07  -8.835279e-07   0.000000e+00   1.638743e-01   2.944013e-01   0.000000e+00
  -4.644865e-07  -9.044961e-07   0.000000e+00   1.547721e-01   3.013882e-01   0.000000e+00
  -4.366983e-07  -9.245463e-07   0.000000e+00   1.455127e-01   3.080691e-01   0.000000e+00
  -4.084742e-07  -9.436737e-07   0.000000e+00   1.361081e-01   3.144425e-01   0.000000e+00
  -3.798491e-07  -9.618750e-07   0.000000e+00   1.265699e-01   3.205074e-01   0.000000e+00
  -3.508575e-07  -9.791484e-07   0.000000e+00   1.169096e-01   3.262631e-01   0.000000e+00
  -3.215331e-07  -9.954934e-07   0.000000e+00   1.071384e-01   3.317094e-01   0.000000e+00
  -2.919089e-07  -1.010911e-06   0.000000e+00   9.726728e-02   3.368466e-01   0.000000e+00
  -2.620173e-07  -1.025402e-06   0.000000e+00   8.730706e-02   3.416753e-01   0.000000e+00
  -2.318897e-07  -1.038970e-06   0.000000e+00   7.726823e-02   3.461964e-01   0.000000e+00
  -2.015570e-07  -1.051620e-06   0.000000e+00   6.716103e-02   3.504113e-01   0.000000e+00
  -1.710490e-07  -1.063355e-06   0.000000e+00   5.699542e-02   3.543216e-01   0.000000e+00
  -1.403948e-07  -1.074182e-06   0.000000e+00   4.678111e-02   3.579294e-01   0.000000e+00
  -1.096227e-07  -1.084108e-06   0.000000e+00   3.652751e-02   3.612367e-01   0.000000e+00
  -7.876016e-08  -1.093139e-06   0.000000e+00   2.624376e-02   3.642461e-01   0.000000e+00
  -4.783367e-08  -1.101285e-06   0.000000e+00   1.593871e-02   3.669602e-01   0.000000e+00
  -1.686901e-08  -1.108553e-06   0.000000e+00   5.620942e-03   3.693821e-01   0.000000e+00
   1.410893e-08  -1.114953e-06   0.000000e+00  -4.701252e-03   3.715146e-01   0.000000e+00
   4.507608e-08  -1.120495e-06   0.000000e+00  -1.501985e-02   3.733613e-01   0.000000e+00
   7.600919e-08  -1.125189e-06   0.000000e+00  -2.532711e-02   3.749254e-01   0.000000e+00
   1.068858e-07  -1.129046e-06   0.000000e+00  -3.561554e-02   3.762106e-01   0.000000e+00
   1.376843e-07  -1.132077e-06   0.000000e+00  -4.587794e-02   3.772206e-01   0.000000e+00
   1.683838e-07  -1.134293e-06   0.000000e+00  -5.610735e-02   3.779592e-01   0.000000e+00
   1.989642e-07  -1.135707e-06   0.000000e+00  -6.629708e-02   3.784303e-01   0.000000e+00
   2.294062e-07  -1.136331e-06   0.000000e+00  -7.644068e-02   3.786380e-01   0.000000e+00
   2.596910e-07  -1.136176e-06   0.000000e+00  -8.653193e-02   3.785863e-01   0.000000e+00
   2.898009e-07  -1.135255e-06   0.000000e+00  -9.656488e-02   3.782794e-01   0.000000e+00
   3.197186e-07  -1.133581e-06   0.000000e+00  -1.065338e-01   3.777216e-01   0.000000e+00
   3.494275e-07  -1.131166e-06   0.000000e+00  -1.164331e-01   3.769171e-01   0.000000e+00
   3.789118e-07  -1.128024e-06   0.000000e+00  -1.262576e-01   3.758702e-01   0.000000e+00
   4.081561e-07  -1.124168e-06   0.000000e+00  -1.360021e-01   3.745853e-01   0.000000e+00
   4.371459e-07  -1.119611e-06   0.000000e+00  -1.456619e-01   3.730667e-01   0.000000e+00
   4.658671e-07  -1.114365e-06   0.000000e+00  -1.552321e-01   3.713189e-01   0.000000e+00
   4.943062e-07  -1.108445e-06   0.000000e+00  -1.647083e-01   3.693461e-01   0.000000e+00
   5.224503e-07  -1.101863e-06   0.000000e+00  -1.740862e-01   3.671529e-01   0.000000e+00
   5.502870e-07  -1.094632e-06   0.000000e+00  -1.833617e-01   3.647437e-01   0.000000e+00
   5.778044e-07  -1.086767e-06   0.000000e+00  -1.925308e-01   3.621228e-01   0.000000e+00
   6.049911e-07  -1.078279e-06   0.000000e+00  -2.015898e-01   3.592946e-01   0.000000e+00
   6.318364e-07  -1.069183e-06   0.000000e+00  -2.105349e-01   3.562636e-01   0.000000e+00
   6.583297e-07  -1.059491e-06   0.000000e+00  -2.193628e-01   3.530342e-01   0.000000e+00
   6.844611e-07  -1.049216e-06   0.000000e+00  -2.280700e-01   3.496106e-01   0.000000e+00
   7.102210e-07  -1.038372e-06   0.000000e+00  -2.366535e-01   3.459972e-01   0.000000e+00
   7.356002e-07  -1.026972e-06   0.000000e+00  -2.451102e-01   3.421984e-01   0.000000e+00
   7.605901e-07  -1.015028e-06   0.000000e+00  -2.534371e-01   3.382185e-01   0.000000e+00
   7.851823e-07  -1.002553e-06   0.000000e+00  -2.616315e-01   3.340617e-01   0.000000e+00
   8.093688e-07  -9.895596e-07   0.000000e+00  -2.696907e-01   3.297322e-01   0.000000e+00
   8.331419e-07  -9.760611e-07   0.000000e+00  -2.776121e-01   3.252344e-01   0.000000e+00
   8.564943e-07  -9.620697e-07   0.000000e+00  -2.853934e-01   3.205723e-01   0.000000e+00
   8.794192e-07  -9.475980e-07   0.000000e+00  -2.930322e-01   3.157502e-01   0.000000e+00
   9.019097e-07  -9.326582e-07   0.000000e+00  -3.005263e-01   3.107721e-01   0.000000e+00
   9.239595e-07  -9.172627e-07   0.000000e+00  -3.078736e-01   3.056421e-01   0.000000e+00
   9.455626e-07  -9.014237e-07   0.000000e+00  -3.150720e-01   3.003644e-01   0.000000e+00
   9.667132e-07  -8.851532e-07   0.000000e+00  -3.221196e-01   2.949429e-01   0.000000e+00
   9.874057e-07  -8.684633e-07   0.000000e+00  -3.290145e-01   2.893816e-01   0.000000e+00
   1.007635e-06  -8.513658e-07   0.000000e+00  -3.357551e-01   2.836845e-01   0.000000e+00
   1.027396e-06  -8.338726e-07   0.000000e+00  -3.423396e-01   2.778556e-01   0.000000e+00
   1.046683e-06  -8.159952e-07   0.000000e+00  -3.487664e-01   2.718987e-01   0.000000e+00
   1.065493e-06  -7.977454e-07   0.000000e+00  -3.550341e-01   2.658176e-01   0.000000e+00
   1.083821e-06  -7.791345e-07   0.000000e+00  -3.611410e-01   2.596163e-01   0.000000e+00
   1.101662e-06  -7.601741e-07   0.000000e+00  -3.670860e-01   2.532984e-01   0.000000e+00
   1.119013e-06  -7.408753e-07   0.000000e+00  -3.728676e-01   2.468679e-01   0.000000e+00
   1.135870e-06  -7.212495e-07   0.000000e+00  -3.784845e-01   2.403283e-01   0.000000e+00
   1.152230e-06  -7.013077e-07   0.000000e+00  -3.839357e-01   2.336835e-01   0.000000e+00
   1.168088e-06  -6.810610e-07   0.000000e+00  -3.892200e-01   2.269371e-01   0.000000e+00
   1.183443e-06  -6.605202e-07   0.000000e+00  -3.943362e-01   2.200927e-01   0.000000e+00
   1.198290e-06  -6.396964e-07   0.000000e+00  -3.992834e-01   2.131539e-01   0.000000e+00
   1.212627e-06  -6.186001e-07   0.000000e+00  -4.040606e-01   2.061244e-01   0.000000e+00
   1.226450e-06  -5.972422e-07   0.000000e+00  -4.086669e-01   1.990077e-01   0.000000e+00
   1.239759e-06  -5.756332e-07   0.000000e+00  -4.131014e-01   1.918074e-01   0.000000e+00
   1.252549e-06  -5.537837e-07   0.000000e+00  -4.173633e-01   1.845269e-01   0.000000e+00
   1.264819e-06  -5.317041e-07   0.000000e+00  -4.214518e-01   1.771697e-01   0.000000e+00
   1.276567e-06  -5.094048e-07   0.000000e+00  -4.253662e-01   1.697393e-01   0.000000e+00
   1.287790e-06  -4.868962e-07   0.000000e+00  -4.291058e-01   1.622392e-01   0.000000e+00
   1.298486e-06  -4.641885e-07   0.000000e+00  -4.326699e-01   1.546727e-01   0.000000e+00
   1.308654e-06  -4.412918e-07   0.000000e+00  -4.360579e-01   1.470433e-01   0.000000e+00
   1.318291e-06  -4.182164e-07   0.000000e+00  -4.392693e-01   1.393543e-01   0.000000e+00
   1.327397e-06  -3.949723e-07   0.000000e+00  -4.423035e-01   1.316091e-01   0.000000e+00
   1.335970e-06  -3.715695e-07   0.000000e+00  -4.451601e-01   1.238111e-01   0.000000e+00
   1.344008e-06  -3.480179e-07   0.000000e+00  -4.478384e-01   1.159634e-01   0.000000e+00
   1.351510e-06  -3.243276e-07   0.000000e+00  -4.503382e-01   1.080696e-01   0.000000e+00
   1.358475e-06  -3.005084e-07   0.000000e+00  -4.526590e-01   1.001327e-01   0.000000e+00
   1.364902e-06  -2.765702e-07   0.000000e+00  -4.548005e-01   9.215625e-02   0.000000e+00
   1.370789e-06  -2.525226e-07   0.000000e+00  -4.567622e-01   8.414334e-02   0.000000e+00
   1.376137e-06  -2.283756e-07   0.000000e+00  -4.585440e-01   7.609728e-02   0.000000e+00
   1.380943e-06  -2.041387e-07   0.000000e+00  -4.601455e-01   6.802130e-02   0.000000e+00
   1.385208e-06  -1.798218e-07   0.000000e+00  -4.615666e-01   5.991863e-02   0.000000e+00
   1.388930e-06  -1.554345e-07   0.000000e+00  -4.628069e-01   5.179250e-02   0.000000e+00
   1.392109e-06  -1.309864e-07   0.000000e+00  -4.638663e-01   4.364613e-02   0.000000e+00
   1.394745e-06  -1.064872e-07   0.000000e+00  -4.647446e-01   3.548272e-02   0.000000e+00
   1.396837e-06  -8.194648e-08   0.000000e+00  -4.654417e-01   2.730548e-02   0.000000e+00
   1.398386e-06  -5.737382e-08   0.000000e+00  -4.659576e-01   1.911759e-02   0.000000e+00
   1.399389e-06  -3.277883e-08   0.000000e+00  -4.662921e-01   1.092227e-02   0.000000e+00
   1.399849e-06  -8.171092e-09   0.000000e+00  -4.664451e-01   2.722699e-03   0.000000e+00
   1.399763e-06   1.643983e-08   0.000000e+00  -4.664167e-01  -5.477933e-03   0.000000e+00
   1.399134e-06   4.104435e-08   0.000000e+00  -4.662069e-01  -1.367643e-02   0.000000e+00
   1.397960e-06   6.563291e-08   0.000000e+00  -4.658156e-01  -2.186961e-02   0.000000e+00
   1.396241e-06   9.019591e-08   0.000000e+00  -4.652431e-01  -3.005428e-02   0.000000e+00
   1.393979e-06   1.147238e-07   0.000000e+00  -4.644892e-01  -3.822723e-02   0.000000e+00
   1.391173e-06   1.392069e-07   0.000000e+00  -4.635543e-01  -4.638528e-02   0.000000e+00
   1.387824e-06   1.636357e-07   0.000000e+00  -4.624383e-01  -5.452522e-02   0.000000e+00
   1.383932e-06   1.880004e-07   0.000000e+00  -4.611415e-01  -6.264383e-02   0.000000e+00
   1.379498e-06   2.122916e-07   0.000000e+00  -4.596641e-01  -7.073791e-02   0.000000e+00
   1.374523e-06   2.364994e-07   0.000000e+00  -4.580063e-01  -7.880422e-02   0.000000e+00
   1.369007e-06   2.606142e-07   0.000000e+00  -4.561684e-01  -8.683954e-02   0.000000e+00
   1.362951e-06   2.846262e-07   0.000000e+00  -4.541506e-01  -9.484062e-02   0.000000e+00
   1.356357e-06   3.085257e-07   0.000000e+00  -4.519532e-01  -1.028042e-01   0.000000e+00
   1.349225e-06   3.323029e-07   0.000000e+00  -4.495767e-01  -1.107270e-01   0.000000e+00
   1.341556e-06   3.559479e-07   0.000000e+00  -4.470213e-01  -1.186058e-01   0.000000e+00
   1.333352e-06   3.794509e-07   0.000000e+00  -4.442876e-01  -1.264372e-01   0.000000e+00
   1.324614e-06   4.028019e-07   0.000000e+00  -4.413759e-01  -1.342181e-01   0.000000e+00
   1.315343e-06   4.259909e-07   0.000000e+00  -4.382868e-01  -1.419449e-01   0.000000e+00
   1.305541e-06   4.490079e-07   0.000000e+00  -4.350207e-01  -1.496144e-01   0.000000e+00
   1.295209e-06   4.718428e-07   0.000000e+00  -4.315781e-01  -1.572233e-01   0.000000e+00
   1.284350e-06   4.944855e-07   0.000000e+00  -4.279598e-01  -1.647681e-01   0.000000e+00
   1.272966e-06   5.169257e-07   0.000000e+00  -4.241663e-01  -1.722454e-01   0.000000e+00
   1.261057e-06   5.391533e-07   0.000000e+00  -4.201983e-01  -1.796519e-01   0.000000e+00
   1.248627e-06   5.611578e-07   0.000000e+00  -4.160564e-01  -1.869840e-01   0.000000e+00
   1.235678e-06   5.829289e-07   0.000000e+00  -4.117415e-01  -1.942384e-01   0.000000e+00
   1.222211e-06   6.044561e-07   0.000000e+00  -4.072543e-01  -2.014115e-01   0.000000e+00
   1.208230e-06   6.257289e-07   0.000000e+00  -4.025957e-01  -2.084998e-01   0.000000e+00
   1.193737e-06   6.467365e-07   0.000000e+00  -3.977665e-01  -2.154998e-01   0.000000e+00
   1.178735e-06   6.674684e-07   0.000000e+00  -3.927677e-01  -2.224079e-01   0.000000e+00
   1.163228e-06   6.879138e-07   0.000000e+00  -3.876003e-01  -2.292205e-01   0.000000e+00
   1.147217e-06   7.080617e-07   0.000000e+00  -3.822654e-01  -2.359340e-01   0.000000e+00
   1.130706e-06   7.279012e-07   0.000000e+00  -3.767639e-01  -2.425447e-01   0.000000e+00
   1.113700e-06   7.474213e-07   0.000000e+00  -3.710972e-01  -2.490491e-01   0.000000e+00
   1.096201e-06   7.666108e-07   0.000000e+00  -3.652663e-01  -2.554432e-01   0.000000e+00
   1.078213e-06   7.854585e-07   0.000000e+00  -3.592726e-01  -2.617235e-01   0.000000e+00
   1.059741e-06   8.039532e-07   0.000000e+00  -3.531173e-01  -2.678861e-01   0.000000e+00
   1.040788e-06   8.220833e-07   0.000000e+00  -3.468020e-01  -2.739273e-01   0.000000e+00
   1.021359e-06   8.398374e-07   0.000000e+00  -3.403281e-01  -2.798432e-01   0.000000e+00
   1.001458e-06   8.572039e-07   0.000000e+00  -3.336971e-01  -2.856299e-01   0.000000e+00
   9.810917e-07   8.741711e-07   0.000000e+00  -3.269106e-01  -2.912835e-01   0.000000e+00
   9.602635e-07   8.907271e-07   0.000000e+00  -3.199704e-01  -2.968002e-01   0.000000e+00
   9.389792e-07   9.068601e-07   0.000000e+00  -3.128783e-01  -3.021758e-01   0.000000e+00
   9.172446e-07   9.225580e-07   0.000000e+00  -3.056361e-01  -3.074066e-01   0.000000e+00
   8.950654e-07   9.378089e-07   0.000000e+00  -2.982457e-01  -3.124883e-01   0.000000e+00
   8.724479e-07   9.526004e-07   0.000000e+00  -2.907093e-01  -3.174170e-01   0.000000e+00
   8.493985e-07   9.669202e-07   0.000000e+00  -2.830290e-01  -3.221886e-01   0.000000e+00
   8.259239e-07   9.807561e-07   0.000000e+00  -2.752070e-01  -3.267988e-01   0.000000e+00
   8.020313e-07   9.940955e-07   0.000000e+00  -2.672457e-01  -3.312437e-01   0.000000e+00
   7.777279e-07   1.006926e-06   0.000000e+00  -2.591476e-01  -3.355189e-01   0.000000e+00
   7.530217e-07   1.019234e-06   0.000000e+00  -2.509152e-01  -3.396202e-01   0.000000e+00
   7.279206e-07   1.031009e-06   0.000000e+00  -2.425512e-01  -3.435435e-01   0.000000e+00
   7.024332e-07   1.042235e-06   0.000000e+00  -2.340585e-01  -3.472844e-01   0.000000e+00
   6.765682e-07   1.052902e-06   0.000000e+00  -2.254400e-01  -3.508387e-01   0.000000e+00
   6.503350e-07   1.062996e-06   0.000000e+00  -2.166988e-01  -3.542019e-01   0.000000e+00
   6.237432e-07   1.072503e-06   0.000000e+00  -2.078382e-01  -3.573699e-01   0.000000e+00
   5.968030e-07   1.081411e-06   0.000000e+00  -1.988614e-01  -3.603382e-01   0.000000e+00
   5.695248e-07   1.089707e-06   0.000000e+00  -1.897720e-01  -3.631024e-01   0.000000e+00
   5.419197e-07   1.097377e-06   0.000000e+00  -1.805737e-01  -3.656582e-01   0.000000e+00
   5.139992e-07   1.104408e-06   0.000000e+00  -1.712702e-01  -3.680011e-01   0.000000e+00
   4.857754e-07   1.110788e-06   0.000000e+00  -1.618657e-01  -3.701268e-01   0.000000e+00
   4.572606e-07   1.116502e-06   0.000000e+00  -1.523643e-01  -3.720308e-01   0.000000e+00
   4.284681e-07   1.121538e-06   0.000000e+00  -1.427703e-01  -3.737088e-01   0.000000e+00
   3.994115e-07   1.125882e-06   0.000000e+00  -1.330883e-01  -3.751564e-01   0.000000e+00
   3.701049e-07   1.129522e-06   0.000000e+00  -1.233230e-01  -3.763692e-01   0.000000e+00
   3.405631e-07   1.132444e-06   0.000000e+00  -1.134794e-01  -3.773428e-01   0.000000e+00
   3.108017e-07   1.134635e-06   0.000000e+00  -1.035626e-01  -3.780729e-01   0.000000e+00
   2.808366e-07   1.136082e-06   0.000000e+00  -9.357787e-02  -3.785552e-01   0.000000e+00
   2.506846e-07   1.136773e-06   0.000000e+00  -8.353088e-02  -3.787855e-01   0.000000e+00
   2.203630e-07   1.136695e-06   0.000000e+00  -7.342741e-02  -3.787595e-01   0.000000e+00
   1.898901e-07   1.135836e-06   0.000000e+00  -6.327348e-02  -3.784732e-01   0.000000e+00
   1.592845e-07   1.134183e-06   0.000000e+00  -5.307536e-02  -3.779224e-01   0.000000e+00
   1.285658e-07   1.131725e-06   0.000000e+00  -4.283956e-02  -3.771032e-01   0.000000e+00
   9.775439e-08   1.128449e-06   0.000000e+00  -3.257285e-02  -3.760117e-01   0.000000e+00
   6.687123e-08   1.124345e-06   0.000000e+00  -2.228224e-02  -3.746441e-01   0.000000e+00
   3.593820e-08   1.119401e-06   0.000000e+00  -1.197501e-02  -3.729967e-01   0.000000e+00
   4.977934e-09   1.113606e-06   0.000000e+00  -1.658703e-03  -3.710660e-01   0.000000e+00
  -2.598611e-08   1.106952e-06   0.000000e+00   8.658860e-03  -3.688486e-01   0.000000e+00
  -5.692965e-08   1.099427e-06   0.000000e+00   1.896959e-02  -3.663412e-01   0.000000e+00
  -8.782760e-08   1.091023e-06   0.000000e+00   2.926513e-02  -3.635409e-01   0.000000e+00
  -1.186540e-07   1.081731e-06   0.000000e+00   3.953683e-02  -3.604448e-01   0.000000e+00
  -1.493821e-07   1.071544e-06   0.000000e+00   4.977577e-02  -3.570502e-01   0.000000e+00
  -1.799842e-07   1.060453e-06   0.000000e+00   5.997274e-02  -3.533548e-01   0.000000e+00
  -2.104320e-07   1.048454e-06   0.000000e+00   7.011826e-02  -3.493564e-01   0.000000e+00
  -2.406960e-07   1.035539e-06   0.000000e+00   8.020258e-02  -3.450532e-01   0.000000e+00
  -2.707462e-07   1.021705e-06   0.000000e+00   9.021564e-02  -3.404436e-01   0.000000e+00
  -3.005517e-07   1.006948e-06   0.000000e+00   1.001472e-01  -3.355264e-01   0.000000e+00
  -3.300807e-07   9.912653e-07   0.000000e+00   1.099866e-01  -3.303006e-01   0.000000e+00
  -3.593009e-07   9.746548e-07   0.000000e+00   1.197230e-01  -3.247658e-01   0.000000e+00
  -3.881789e-07   9.571166e-07   0.000000e+00   1.293455e-01  -3.189219e-01   0.000000e+00
  -4.166808e-07   9.386515e-07   0.000000e+00   1.388427e-01  -3.127691e-01   0.000000e+00
  -4.447723e-07   9.192617e-07   0.000000e+00   1.482031e-01  -3.063082e-01   0.000000e+00
  -4.724180e-07   8.989510e-07   0.000000e+00   1.574149e-01  -2.995405e-01   0.000000e+00
  -4.995823e-07   8.777245e-07   0.000000e+00   1.664664e-01  -2.924675e-01   0.000000e+00
  -5.262291e-07   8.555888e-07   0.000000e+00   1.753454e-01  -2.850917e-01   0.000000e+00
  -5.523218e-07   8.325524e-07   0.000000e+00   1.840397e-01  -2.774157e-01   0.000000e+00
  -5.778234e-07   8.086254e-07   0.000000e+00   1.925372e-01  -2.694430e-01   0.000000e+00
  -6.026970e-07   7.838195e-07   0.000000e+00   2.008253e-01  -2.611774e-01   0.000000e+00
  -6.269052e-07   7.581485e-07   0.000000e+00   2.088918e-01  -2.526235e-01   0.000000e+00
  -6.504108e-07   7.316279e-07   0.000000e+00   2.167241e-01  -2.437865e-01   0.000000e+00
  -6.731765e-07   7.042752e-07   0.000000e+00   2.243099e-01  -2.346723e-01   0.000000e+00
  -6.951655e-07   6.761100e-07   0.000000e+00   2.316369e-01  -2.252874e-01   0.000000e+00
  -7.163410e-07   6.471538e-07   0.000000e+00   2.386928e-01  -2.156388e-01   0.000000e+00
  -7.366670e-07   6.174302e-07   0.000000e+00   2.454656e-01  -2.057346e-01   0.000000e+00
  -7.561078e-07   5.869649e-07   0.000000e+00   2.519435e-01  -1.955832e-01   0.000000e+00
  -7.746286e-07   5.557855e-07   0.000000e+00   2.581149e-01  -1.851939e-01   0.000000e+00
  -7.921957e-07   5.239219e-07   0.000000e+00   2.639684e-01  -1.745766e-01   0.000000e+00
  -8.087762e-07   4.914059e-07   0.000000e+00   2.694932e-01  -1.637419e-01   0.000000e+00
  -8.243386e-07   4.582714e-07   0.000000e+00   2.746788e-01  -1.527011e-01   0.000000e+00
  -8.388526e-07   4.245542e-07   0.000000e+00   2.795150e-01  -1.414662e-01   0.000000e+00
  -8.522896e-07   3.902919e-07   0.000000e+00   2.839923e-01  -1.300496e-01   0.000000e+00
  -8.646226e-07   3.555242e-07   0.000000e+00   2.881018e-01  -1.184646e-01   0.000000e+00
  -8.758265e-07   3.202923e-07   0.000000e+00   2.918351e-01  -1.067250e-01   0.000000e+00
  -8.858783e-07   2.846391e-07   0.000000e+00   2.951845e-01  -9.484491e-02   0.000000e+00
  -8.947567e-07   2.486090e-07   0.000000e+00   2.981429e-01  -8.283928e-02   0.000000e+00
  -9.024432e-07   2.122477e-07   0.000000e+00   3.007041e-01  -7.072329e-02   0.000000e+00
  -9.089213e-07   1.756023e-07   0.000000e+00   3.028627e-01  -5.851262e-02   0.000000e+00
  -9.141769e-07   1.387207e-07   0.000000e+00   3.046139e-01  -4.622327e-02   0.000000e+00
  -9.181988e-07   1.016519e-07   0.000000e+00   3.059540e-01  -3.387154e-02   0.000000e+00
  -9.209781e-07   6.444557e-08   0.000000e+00   3.068801e-01  -2.147398e-02   0.000000e+00
  -9.225088e-07   2.715188e-08   0.000000e+00   3.073902e-01  -9.047309e-03   0.000000e+00
  -9.227874e-07  -1.017865e-08   0.000000e+00   3.074830e-01   3.391638e-03   0.000000e+00
  -9.218132e-07  -4.749536e-08   0.000000e+00   3.071584e-01   1.582598e-02   0.000000e+00
  -9.195885e-07  -8.474765e-08   0.000000e+00   3.064171e-01   2.823886e-02   0.000000e+00
  -9.161181e-07  -1.218851e-07   0.000000e+00   3.052607e-01   4.061348e-02   0.000000e+00
  -9.114094e-07  -1.588579e-07   0.000000e+00   3.036917e-01   5.293323e-02   0.000000e+00
  -9.054727e-07  -1.956167e-07   0.000000e+00   3.017136e-01   6.518165e-02   0.000000e+00
  -8.983208e-07  -2.321130e-07   0.000000e+00   2.993305e-01   7.734261e-02   0.000000e+00
  -8.899689e-07  -2.682992e-07   0.000000e+00   2.965475e-01   8.940028e-02   0.000000e+00
  -8.804347e-07  -3.041291e-07   0.000000e+00   2.933706e-01   1.013392e-01   0.000000e+00
  -8.697382e-07  -3.395575e-07   0.000000e+00   2.898064e-01   1.131443e-01   0.000000e+00
  -8.579016e-07  -3.745409e-07   0.000000e+00   2.858623e-01   1.248012e-01   0.000000e+00
  -8.449491e-07  -4.090372e-07   0.000000e+00   2.815464e-01   1.362957e-01   0.000000e+00
  -8.309069e-07  -4.430061e-07   0.000000e+00   2.768674e-01   1.476145e-01   0.000000e+00
  -8.158028e-07  -4.764088e-07   0.000000e+00   2.718345e-01   1.587447e-01   0.000000e+00
  -7.996663e-07  -5.092088e-07   0.000000e+00   2.664577e-01   1.696740e-01   0.000000e+00
  -7.825285e-07  -5.413712e-07   0.000000e+00   2.607472e-01   1.803909e-01   0.000000e+00
  -7.644215e-07  -5.728633e-07   0.000000e+00   2.547137e-01   1.908844e-01   0.000000e+00
  -7.453788e-07  -6.036542e-07   0.000000e+00   2.483685e-01   2.011443e-01   0.000000e+00
  -7.254348e-07  -6.337154e-07   0.000000e+00   2.417229e-01   2.111610e-01   0.000000e+00
  -7.046247e-07  -6.630200e-07   0.000000e+00   2.347888e-01   2.209256e-01   0.000000e+00
  -6.829844e-07  -6.915437e-07   0.000000e+00   2.275780e-01   2.304300e-01   0.000000e+00
  -6.605505e-07  -7.192638e-07   0.000000e+00   2.201028e-01   2.396667e-01   0.000000e+00
  -6.373597e-07  -7.461599e-07   0.000000e+00   2.123753e-01   2.486288e-01   0.000000e+00
  -6.134492e-07  -7.722137e-07   0.000000e+00   2.044081e-01   2.573102e-01   0.000000e+00
  -5.888562e-07  -7.974085e-07   0.000000e+00   1.962134e-01   2.657054e-01   0.000000e+00
  -5.636181e-07  -8.217299e-07   0.000000e+00   1.878038e-01   2.738095e-01   0.000000e+00
  -5.377722e-07  -8.451651e-07   0.000000e+00   1.791917e-01   2.816184e-01   0.000000e+00
  -5.113553e-07  -8.677034e-07   0.000000e+00   1.703893e-01   2.891284e-01   0.000000e+00
  -4.844043e-07  -8.893355e-07   0.000000e+00   1.614089e-01   2.963364e-01   0.000000e+00
  -4.569555e-07  -9.100539e-07   0.000000e+00   1.522627e-01   3.032401e-01   0.000000e+00
  -4.290450e-07  -9.298529e-07   0.000000e+00   1.429626e-01   3.098373e-01   0.000000e+00
  -4.007081e-07  -9.487281e-07   0.000000e+00   1.335204e-01   3.161267e-01   0.000000e+00
  -3.719797e-07  -9.666765e-07   0.000000e+00   1.239478e-01   3.221074e-01   0.000000e+00
  -3.428940e-07  -9.836968e-07   0.000000e+00   1.142561e-01   3.277787e-01   0.000000e+00
  -3.134846e-07  -9.997887e-07   0.000000e+00   1.044566e-01   3.331407e-01   0.000000e+00
  -2.837844e-07  -1.014953e-06   0.000000e+00   9.456011e-02   3.381937e-01   0.000000e+00
  -2.538253e-07  -1.029192e-06   0.000000e+00   8.457742e-02   3.429384e-01   0.000000e+00
  -2.236388e-07  -1.042510e-06   0.000000e+00   7.451895e-02   3.473759e-01   0.000000e+00
  -1.932554e-07  -1.054909e-06   0.000000e+00   6.439484e-02   3.515076e-01   0.000000e+00
  -1.627047e-07  -1.066397e-06   0.000000e+00   5.421501e-02   3.553352e-01   0.000000e+00
  -1.320156e-07  -1.076977e-06   0.000000e+00   4.398906e-02   3.588608e-01   0.000000e+00
  -1.012162e-07  -1.086658e-06   0.000000e+00   3.372635e-02   3.620866e-01   0.000000e+00
  -7.033357e-08  -1.095447e-06   0.000000e+00   2.343593e-02   3.650152e-01   0.000000e+00
  -3.939416e-08  -1.103353e-06   0.000000e+00   1.312657e-02   3.676494e-01   0.000000e+00
  -8.423442e-09  -1.110383e-06   0.000000e+00   2.806784e-03   3.699920e-01   0.000000e+00
   2.255391e-08  -1.116548e-06   0.000000e+00  -7.515213e-03   3.720463e-01   0.000000e+00
   5.351405e-08  -1.121858e-06   0.000000e+00  -1.783147e-02   3.738156e-01   0.000000e+00
   8.443395e-08  -1.126323e-06   0.000000e+00  -2.813433e-02   3.753033e-01   0.000000e+00
   1.152914e-07  -1.129954e-06   0.000000e+00  -3.841637e-02   3.765131e-01   0.000000e+00
   1.460649e-07  -1.132761e-06   0.000000e+00  -4.867045e-02   3.774487e-01   0.000000e+00
   1.767339e-07  -1.134758e-06   0.000000e+00  -5.888970e-02   3.781140e-01   0.000000e+00
   2.072785e-07  -1.135955e-06   0.000000e+00  -6.906748e-02   3.785129e-01   0.000000e+00
   2.376794e-07  -1.136365e-06   0.000000e+00  -7.919741e-02   3.786494e-01   0.000000e+00
   2.679183e-07  -1.136000e-06   0.000000e+00  -8.927335e-02   3.785278e-01   0.000000e+00
   2.979775e-07  -1.134872e-06   0.000000e+00  -9.928940e-02   3.781521e-01   0.000000e+00
   3.278398e-07  -1.132995e-06   0.000000e+00  -1.092399e-01   3.775266e-01   0.000000e+00
   3.574890e-07  -1.130381e-06   0.000000e+00  -1.191193e-01   3.766556e-01   0.000000e+00
   3.869094e-07  -1.127043e-06   0.000000e+00  -1.289225e-01   3.755433e-01   0.000000e+00
   4.160858e-07  -1.122995e-06   0.000000e+00  -1.386444e-01   3.741943e-01   0.000000e+00
   4.450037e-07  -1.118248e-06   0.000000e+00  -1.482802e-01   3.726128e-01   0.000000e+00
   4.736493e-07  -1.112818e-06   0.000000e+00  -1.578252e-01   3.708031e-01   0.000000e+00
   5.020092e-07  -1.106715e-06   0.000000e+00  -1.672750e-01   3.687699e-01   0.000000e+00
   5.300707e-07  -1.099955e-06   0.000000e+00  -1.766254e-01   3.665173e-01   0.000000e+00
   5.578215e-07  -1.092550e-06   0.000000e+00  -1.858723e-01   3.640499e-01   0.000000e+00
   5.852498e-07  -1.084514e-06   0.000000e+00  -1.950117e-01   3.613721e-01   0.000000e+00
   6.123446e-07  -1.075859e-06   0.000000e+00  -2.040400e-01   3.584882e-01   0.000000e+00
   6.390949e-07  -1.066599e-06   0.000000e+00  -2.129535e-01   3.554026e-01   0.000000e+00
   6.654905e-07  -1.056747e-06   0.000000e+00  -2.217488e-01   3.521198e-01   0.000000e+00
   6.915215e-07  -1.046316e-06   0.000000e+00  -2.304226e-01   3.486441e-01   0.000000e+00
   7.171785e-07  -1.035319e-06   0.000000e+00  -2.389718e-01   3.449797e-01   0.000000e+00
   7.424525e-07  -1.023769e-06   0.000000e+00  -2.473934e-01   3.411311e-01   0.000000e+00
   7.673347e-07  -1.011679e-06   0.000000e+00  -2.556845e-01   3.371026e-01   0.000000e+00
   7.918171e-07  -9.990611e-07   0.000000e+00  -2.638422e-01   3.328983e-01   0.000000e+00
   8.158916e-07  -9.859290e-07   0.000000e+00  -2.718641e-01   3.285225e-01   0.000000e+00
   8.395507e-07  -9.722949e-07   0.000000e+00  -2.797476e-01   3.239794e-01   0.000000e+00
   8.627873e-07  -9.581713e-07   0.000000e+00  -2.874903e-01   3.192733e-01   0.000000e+00
   8.855943e-07  -9.435707e-07   0.000000e+00  -2.950899e-01   3.144082e-01   0.000000e+00
   9.079653e-07  -9.285055e-07   0.000000e+00  -3.025441e-01   3.093883e-01   0.000000e+00
   9.298939e-07  -9.129879e-07   0.000000e+00  -3.098510e-01   3.042177e-01   0.000000e+00
   9.513742e-07  -8.970300e-07   0.000000e+00  -3.170085e-01   2.989004e-01   0.000000e+00
   9.724005e-07  -8.806440e-07   0.000000e+00  -3.240146e-01   2.934404e-01   0.000000e+00
   9.929671e-07  -8.638418e-07   0.000000e+00  -3.308677e-01   2.878417e-01   0.000000e+00
   1.013069e-06  -8.466352e-07   0.000000e+00  -3.375659e-01   2.821083e-01   0.000000e+00
   1.032701e-06  -8.290361e-07   0.000000e+00  -3.441075e-01   2.762440e-01   0.000000e+00
   1.051859e-06  -8.110561e-07   0.000000e+00  -3.504911e-01   2.702529e-01   0.000000e+00
   1.070538e-06  -7.927066e-07   0.000000e+00  -3.567151e-01   2.641387e-01   0.000000e+00
   1.088733e-06  -7.739994e-07   0.000000e+00  -3.627780e-01   2.579052e-01   0.000000e+00
   1.106441e-06  -7.549456e-07   0.000000e+00  -3.686785e-01   2.515562e-01   0.000000e+00
   1.123658e-06  -7.355565e-07   0.000000e+00  -3.744153e-01   2.450956e-01   0.000000e+00
   1.140380e-06  -7.158435e-07   0.000000e+00  -3.799872e-01   2.385270e-01   0.000000e+00
   1.156603e-06  -6.958174e-07   0.000000e+00  -3.853930e-01   2.318541e-01   0.000000e+00
   1.172325e-06  -6.754895e-07   0.000000e+00  -3.906315e-01   2.250806e-01   0.000000e+00
   1.187541e-06  -6.548705e-07   0.000000e+00  -3.957018e-01   2.182101e-01   0.000000e+00
   1.202249e-06  -6.339713e-07   0.000000e+00  -4.006028e-01   2.112463e-01   0.000000e+00
   1.216446e-06  -6.128026e-07   0.000000e+00  -4.053335e-01   2.041926e-01   0.000000e+00
   1.230130e-06  -5.913752e-07   0.000000e+00  -4.098930e-01   1.970528e-01   0.000000e+00
   1.243298e-06  -5.696996e-07   0.000000e+00  -4.142805e-01   1.898302e-01   0.000000e+00
   1.255946e-06  -5.477863e-07   0.000000e+00  -4.184952e-01   1.825285e-01   0.000000e+00
   1.268074e-06  -5.256458e-07   0.000000e+00  -4.225363e-01   1.751510e-01   0.000000e+00
   1.279679e-06  -5.032884e-07   0.000000e+00  -4.264031e-01   1.677013e-01   0.000000e+00
   1.290758e-06  -4.807245e-07   0.000000e+00  -4.300949e-01   1.601827e-01   0.000000e+00
   1.301311e-06  -4.579643e-07   0.000000e+00  -4.336111e-01   1.525988e-01   0.000000e+00
   1.311334e-06  -4.350179e-07   0.000000e+00  -4.369510e-01   1.449528e-01   0.000000e+00
   1.320827e-06  -4.118954e-07   0.000000e+00  -4.401142e-01   1.372481e-01   0.000000e+00
   1.329788e-06  -3.886071e-07   0.000000e+00  -4.431000e-01   1.294882e-01   0.000000e+00
   1.338215e-06  -3.651627e-07   0.000000e+00  -4.459080e-01   1.216763e-01   0.000000e+00
   1.346107e-06  -3.415724e-07   0.000000e+00  -4.485377e-01   1.138157e-01   0.000000e+00
   1.353462e-06  -3.178460e-07   0.000000e+00  -4.509887e-01   1.059098e-01   0.000000e+00
   1.360281e-06  -2.939933e-07   0.000000e+00  -4.532607e-01   9.796185e-02   0.000000e+00
   1.366561e-06  -2.700243e-07   0.000000e+00  -4.553531e-01   8.997510e-02   0.000000e+00
   1.372301e-06  -2.459487e-07   0.000000e+00  -4.572659e-01   8.195283e-02   0.000000e+00
   1.377501e-06  -2.217762e-07   0.000000e+00  -4.589985e-01   7.389829e-02   0.000000e+00
   1.382159e-06  -1.975166e-07   0.000000e+00  -4.605509e-01   6.581471e-02   0.000000e+00
   1.386276e-06  -1.731795e-07   0.000000e+00  -4.619227e-01   5.770533e-02   0.000000e+00
   1.389851e-06  -1.487746e-07   0.000000e+00  -4.631137e-01   4.957336e-02   0.000000e+00
   1.392882e-06  -1.243117e-07   0.000000e+00  -4.641237e-01   4.142203e-02   0.000000e+00
   1.395370e-06  -9.980018e-08   0.000000e+00  -4.649526e-01   3.325453e-02   0.000000e+00
   1.397313e-06  -7.524979e-08   0.000000e+00  -4.656004e-01   2.507406e-02   0.000000e+00
   1.398713e-06  -5.067009e-08   0.000000e+00  -4.660668e-01   1.688384e-02   0.000000e+00
   1.399569e-06  -2.607068e-08   0.000000e+00  -4.663518e-01   8.687040e-03   0.000000e+00
   1.399879e-06  -1.461121e-09   0.000000e+00  -4.664554e-01   4.868617e-04   0.000000e+00
   1.399646e-06   2.314901e-08   0.000000e+00  -4.663775e-01  -7.713506e-03   0.000000e+00
   1.398868e-06   4.775013e-08   0.000000e+00  -4.661182e-01  -1.591087e-02   0.000000e+00
   1.397545e-06   7.233266e-08   0.000000e+00  -4.656775e-01  -2.410205e-02   0.000000e+00
   1.395678e-06   9.688704e-08   0.000000e+00  -4.650555e-01  -3.228384e-02   0.000000e+00
   1.393268e-06   1.214037e-07   0.000000e+00  -4.642523e-01  -4.045305e-02   0.000000e+00
   1.390314e-06   1.458729e-07   0.000000e+00  -4.632680e-01  -4.860647e-02   0.000000e+00
   1.386817e-06   1.702852e-07   0.000000e+00  -4.621027e-01  -5.674091e-02   0.000000e+00
   1.382777e-06   1.946308e-07   0.000000e+00  -4.607566e-01  -6.485316e-02   0.000000e+00
   1.378195e-06   2.189002e-07   0.000000e+00  -4.592300e-01  -7.293998e-02   0.000000e+00
   1.373073e-06   2.430836e-07   0.000000e+00  -4.575231e-01  -8.099817e-02   0.000000e+00
   1.367410e-06   2.671714e-07   0.000000e+00  -4.556360e-01  -8.902447e-02   0.000000e+00
   1.361207e-06   2.911537e-07   0.000000e+00  -4.535693e-01  -9.701565e-02   0.000000e+00
   1.354466e-06   3.150209e-07   0.000000e+00  -4.513230e-01  -1.049684e-01   0.000000e+00
   1.347187e-06   3.387630e-07   0.000000e+00  -4.488977e-01  -1.128796e-01   0.000000e+00
   1.339372e-06   3.623702e-07   0.000000e+00  -4.462937e-01  -1.207458e-01   0.000000e+00
   1.331022e-06   3.858328e-07   0.000000e+00  -4.435114e-01  -1.285638e-01   0.000000e+00
   1.322139e-06   4.091406e-07   0.000000e+00  -4.405513e-01  -1.363302e-01   0.000000e+00
   1.312723e-06   4.322837e-07   0.000000e+00  -4.374138e-01  -1.440417e-01   0.000000e+00
   1.302776e-06   4.552520e-07   0.000000e+00  -4.340996e-01  -1.516950e-01   0.000000e+00
   1.292301e-06   4.780355e-07   0.000000e+00  -4.306091e-01  -1.592868e-01   0.000000e+00
   1.281299e-06   5.006241e-07   0.000000e+00  -4.269429e-01  -1.668135e-01   0.000000e+00
   1.269771e-06   5.230074e-07   0.000000e+00  -4.231017e-01  -1.742719e-01   0.000000e+00
   1.257720e-06   5.451751e-07   0.000000e+00  -4.190862e-01  -1.816584e-01   0.000000e+00
   1.245148e-06   5.671171e-07   0.000000e+00  -4.148971e-01  -1.889697e-01   0.000000e+00
   1.232057e-06   5.888227e-07   0.000000e+00  -4.105351e-01  -1.962023e-01   0.000000e+00
   1.218450e-06   6.102816e-07   0.000000e+00  -4.060011e-01  -2.033526e-01   0.000000e+00
   1.204329e-06   6.314831e-07   0.000000e+00  -4.012959e-01  -2.104172e-01   0.000000e+00
   1.189697e-06   6.524166e-07   0.000000e+00  -3.964204e-01  -2.173925e-01   0.000000e+00
   1.174557e-06   6.730715e-07   0.000000e+00  -3.913756e-01  -2.242749e-01   0.000000e+00
   1.158912e-06   6.934368e-07   0.000000e+00  -3.861624e-01  -2.310608e-01   0.000000e+00
   1.142765e-06   7.135017e-07   0.000000e+00  -3.807819e-01  -2.377467e-01   0.000000e+00
   1.126119e-06   7.332552e-07   0.000000e+00  -3.752353e-01  -2.443288e-01   0.000000e+00
   1.108978e-06   7.526863e-07   0.000000e+00  -3.695237e-01  -2.508034e-01   0.000000e+00
   1.091345e-06   7.717838e-07   0.000000e+00  -3.636482e-01  -2.571669e-01   0.000000e+00
   1.073225e-06   7.905364e-07   0.000000e+00  -3.576104e-01  -2.634155e-01   0.000000e+00
   1.054621e-06   8.089328e-07   0.000000e+00  -3.514113e-01  -2.695454e-01   0.000000e+00
   1.035538e-06   8.269615e-07   0.000000e+00  -3.450526e-01  -2.755528e-01   0.000000e+00
   1.015980e-06   8.446111e-07   0.000000e+00  -3.385357e-01  -2.814338e-01   0.000000e+00
   9.959517e-07   8.618699e-07   0.000000e+00  -3.318622e-01  -2.871846e-01   0.000000e+00
   9.754586e-07   8.787261e-07   0.000000e+00  -3.250336e-01  -2.928013e-01   0.000000e+00
   9.545055e-07   8.951680e-07   0.000000e+00  -3.180518e-01  -2.982799e-01   0.000000e+00
   9.330979e-07   9.111836e-07   0.000000e+00  -3.109186e-01  -3.036165e-01   0.000000e+00
   9.112415e-07   9.267608e-07   0.000000e+00  -3.036358e-01  -3.088070e-01   0.000000e+00
   8.889422e-07   9.418877e-07   0.000000e+00  -2.962054e-01  -3.138474e-01   0.000000e+00
   8.662063e-07   9.565518e-07   0.000000e+00  -2.886295e-01  -3.187337e-01   0.000000e+00
   8.430402e-07   9.707409e-07   0.000000e+00  -2.809104e-01  -3.234617e-01   0.000000e+00
   8.194510e-07   9.844427e-07   0.000000e+00  -2.730502e-01  -3.280272e-01   0.000000e+00
   7.954456e-07   9.976445e-07   0.000000e+00  -2.650513e-01  -3.324262e-01   0.000000e+00
   7.710316e-07   1.010334e-06   0.000000e+00  -2.569163e-01  -3.366545e-01   0.000000e+00
   7.462169e-07   1.022498e-06   0.000000e+00  -2.486478e-01  -3.407077e-01   0.000000e+00
   7.210097e-07   1.034124e-06   0.000000e+00  -2.402484e-01  -3.445817e-01   0.000000e+00
   6.954184e-07   1.045200e-06   0.000000e+00  -2.317211e-01  -3.482721e-01   0.000000e+00
   6.694521e-07   1.055711e-06   0.000000e+00  -2.230689e-01  -3.517747e-01   0.000000e+00
   6.431202e-07   1.065646e-06   0.000000e+00  -2.142948e-01  -3.550852e-01   0.000000e+00
   6.164323e-07   1.074992e-06   0.000000e+00  -2.054021e-01  -3.581991e-01   0.000000e+00
   5.893989e-07   1.083734e-06   0.000000e+00  -1.963942e-01  -3.611122e-01   0.000000e+00
   5.620305e-07   1.091861e-06   0.000000e+00  -1.872748e-01  -3.638200e-01   0.000000e+00
   5.343382e-07   1.099358e-06   0.000000e+00  -1.780474e-01  -3.663182e-01   0.000000e+00
   5.063338e-07   1.106213e-06   0.000000e+00  -1.687160e-01  -3.686024e-01   0.000000e+00
   4.780294e-07   1.112412e-06   0.000000e+00  -1.592847e-01  -3.706681e-01   0.000000e+00
   4.494376e-07   1.117943e-06   0.000000e+00  -1.497576e-01  -3.725109e-01   0.000000e+00
   4.205717e-07   1.122791e-06   0.000000e+00  -1.401392e-01  -3.741265e-01   0.000000e+00
   3.914455e-07   1.126945e-06   0.000000e+00  -1.304340e-01  -3.755105e-01   0.000000e+00
   3.620733e-07   1.130390e-06   0.000000e+00  -1.206468e-01  -3.766585e-01   0.000000e+00
   3.324701e-07   1.133114e-06   0.000000e+00  -1.107827e-01  -3.775661e-01   0.000000e+00
   3.026515e-07   1.135104e-06   0.000000e+00  -1.008468e-01  -3.782291e-01   0.000000e+00
   2.726337e-07   1.136346e-06   0.000000e+00  -9.084459e-02  -3.786431e-01   0.000000e+00
   2.424337e-07   1.136829e-06   0.000000e+00  -8.078162e-02  -3.788040e-01   0.000000e+00
   2.120691e-07   1.136539e-06   0.000000e+00  -7.066378e-02  -3.787074e-01   0.000000e+00
   1.815581e-07   1.135465e-06   0.000000e+00  -6.049717e-02  -3.783494e-01   0.000000e+00
   1.509197e-07   1.133593e-06   0.000000e+00  -5.028812e-02  -3.777258e-01   0.000000e+00
   1.201737e-07   1.130913e-06   0.000000e+00  -4.004321e-02  -3.768328e-01   0.000000e+00
   8.934058e-08   1.127413e-06   0.000000e+00  -2.976927e-02  -3.756664e-01   0.000000e+00
   5.844163e-08   1.123080e-06   0.000000e+00  -1.947340e-02  -3.742228e-01   0.000000e+00
   2.749889e-08   1.117906e-06   0.000000e+00  -9.162935e-03  -3.724985e-01   0.000000e+00
  -3.464766e-09   1.111878e-06   0.000000e+00   1.154499e-03  -3.704900e-01   0.000000e+00
  -3.442566e-08   1.104987e-06   0.000000e+00   1.147101e-02  -3.681939e-01   0.000000e+00
  -6.535930e-08   1.097223e-06   0.000000e+00   2.177844e-02  -3.656069e-01   0.000000e+00
  -9.624035e-08   1.088578e-06   0.000000e+00   3.206835e-02  -3.627262e-01   0.000000e+00
  -1.270426e-07   1.079043e-06   0.000000e+00   4.233202e-02  -3.595490e-01   0.000000e+00
  -1.577392e-07   1.068610e-06   0.000000e+00   5.256044e-02  -3.560726e-01   0.000000e+00
  -1.883021e-07   1.057272e-06   0.000000e+00   6.274434e-02  -3.522948e-01   0.000000e+00
  -2.187026e-07   1.045024e-06   0.000000e+00   7.287415e-02  -3.482135e-01   0.000000e+00
  -2.489114e-07   1.031859e-06   0.000000e+00   8.294004e-02  -3.438269e-01   0.000000e+00
  -2.788980e-07   1.017774e-06   0.000000e+00   9.293191e-02  -3.391335e-01   0.000000e+00
  -3.086313e-07   1.002764e-06   0.000000e+00   1.028394e-01  -3.341322e-01   0.000000e+00
  -3.380794e-07   9.868286e-07   0.000000e+00   1.126518e-01  -3.288222e-01   0.000000e+00
  -3.672095e-07   9.699651e-07   0.000000e+00   1.223583e-01  -3.232031e-01   0.000000e+00
  -3.959884e-07   9.521740e-07   0.000000e+00   1.319477e-01  -3.172750e-01   0.000000e+00
  -4.243819e-07   9.334566e-07   0.000000e+00   1.414088e-01  -3.110381e-01   0.000000e+00
  -4.523553e-07   9.138153e-07   0.000000e+00   1.507298e-01  -3.044934e-01   0.000000e+00
  -4.798734e-07   8.932543e-07   0.000000e+00   1.598991e-01  -2.976422e-01   0.000000e+00
  -5.069002e-07   8.717792e-07   0.000000e+00   1.689048e-01  -2.904865e-01   0.000000e+00
  -5.333995e-07   8.493970e-07   0.000000e+00   1.777346e-01  -2.830285e-01   0.000000e+00
  -5.593347e-07   8.261168e-07   0.000000e+00   1.863765e-01  -2.752713e-01   0.000000e+00
  -5.846688e-07   8.019489e-07   0.000000e+00   1.948182e-01  -2.672183e-01   0.000000e+00
  -6.093647e-07   7.769057e-07   0.000000e+00   2.030471e-01  -2.588736e-01   0.000000e+00
  -6.333850e-07   7.510014e-07   0.000000e+00   2.110509e-01  -2.502420e-01   0.000000e+00
  -6.566926e-07   7.242521e-07   0.000000e+00   2.188173e-01  -2.413288e-01   0.000000e+00
  -6.792502e-07   6.966759e-07   0.000000e+00   2.263337e-01  -2.321401e-01   0.000000e+00
  -7.010210e-07   6.682928e-07   0.000000e+00   2.335880e-01  -2.226826e-01   0.000000e+00
  -7.219685e-07   6.391250e-07   0.000000e+00   2.405679e-01  -2.129635e-01   0.000000e+00
  -7.420566e-07   6.091965e-07   0.000000e+00   2.472615e-01  -2.029910e-01   0.000000e+00
  -7.612500e-07   5.785336e-07   0.000000e+00   2.536569e-01  -1.927738e-01   0.000000e+00
  -7.795141e-07   5.471647e-07   0.000000e+00   2.597428e-01  -1.823213e-01   0.000000e+00
  -7.968155e-07   5.151200e-07   0.000000e+00   2.655078e-01  -1.716437e-01   0.000000e+00
  -8.131214e-07   4.824319e-07   0.000000e+00   2.709411e-01  -1.607517e-01   0.000000e+00
  -8.284009e-07   4.491349e-07   0.000000e+00   2.760324e-01  -1.496567e-01   0.000000e+00
  -8.426240e-07   4.152652e-07   0.000000e+00   2.807717e-01  -1.383710e-01   0.000000e+00
  -8.557626e-07   3.808612e-07   0.000000e+00   2.851496e-01  -1.269072e-01   0.000000e+00
  -8.677902e-07   3.459628e-07   0.000000e+00   2.891573e-01  -1.152786e-01   0.000000e+00
  -8.786822e-07   3.106117e-07   0.000000e+00   2.927867e-01  -1.034993e-01   0.000000e+00
  -8.884161e-07   2.748513e-07   0.000000e+00   2.960301e-01  -9.158349e-02   0.000000e+00
  -8.969713e-07   2.387262e-07   0.000000e+00   2.988808e-01  -7.954623e-02   0.000000e+00
  -9.043299e-07   2.022828e-07   0.000000e+00   3.013327e-01  -6.740287e-02   0.000000e+00
  -9.104759e-07   1.655681e-07   0.000000e+00   3.033807e-01  -5.516914e-02   0.000000e+00
  -9.153962e-07   1.286306e-07   0.000000e+00   3.050202e-01  -4.286115e-02   0.000000e+00
  -9.190801e-07   9.151940e-08   0.000000e+00   3.062477e-01  -3.049528e-02   0.000000e+00
  -9.215194e-07   5.428427e-08   0.000000e+00   3.070605e-01  -1.808812e-02   0.000000e+00
  -9.227089e-07   1.697552e-08   0.000000e+00   3.074569e-01  -5.656432e-03   0.000000e+00
  -9.226459e-07  -2.035627e-08   0.000000e+00   3.074359e-01   6.782935e-03   0.000000e+00
  -9.213305e-07  -5.766043e-08   0.000000e+00   3.069976e-01   1.921310e-02   0.000000e+00
  -9.187656e-07  -9.488640e-08   0.000000e+00   3.061429e-01   3.161720e-02   0.000000e+00
  -9.149567e-07  -1.319839e-07   0.000000e+00   3.048737e-01   4.397851e-02   0.000000e+00
  -9.099121e-07  -1.689032e-07   0.000000e+00   3.031928e-01   5.628042e-02   0.000000e+00
  -9.036427e-07  -2.055952e-07   0.000000e+00   3.011038e-01   6.850659e-02   0.000000e+00
  -8.961620e-07  -2.420116e-07   0.000000e+00   2.986111e-01   8.064094e-02   0.000000e+00
  -8.874859e-07  -2.781052e-07   0.000000e+00   2.957201e-01   9.266774e-02   0.000000e+00
  -8.776327e-07  -3.138301e-07   0.000000e+00   2.924370e-01   1.045717e-01   0.000000e+00
  -8.666231e-07  -3.491414e-07   0.000000e+00   2.887684e-01   1.163378e-01   0.000000e+00
  -8.544798e-07  -3.839961e-07   0.000000e+00   2.847222e-01   1.279518e-01   0.000000e+00
  -8.412275e-07  -4.183525e-07   0.000000e+00   2.803064e-01   1.393997e-01   0.000000e+00
  -8.268929e-07  -4.521708e-07   0.000000e+00   2.755299e-01   1.506683e-01   0.000000e+00
  -8.115044e-07  -4.854128e-07   0.000000e+00   2.704023e-01   1.617449e-01   0.000000e+00
  -7.950918e-07  -5.180423e-07   0.000000e+00   2.649334e-01   1.726174e-01   0.000000e+00
  -7.776865e-07  -5.500251e-07   0.000000e+00   2.591338e-01   1.832745e-01   0.000000e+00
  -7.593210e-07  -5.813290e-07   0.000000e+00   2.530142e-01   1.937053e-01   0.000000e+00
  -7.400291e-07  -6.119237e-07   0.000000e+00   2.465859e-01   2.038998e-01   0.000000e+00
  -7.198455e-07  -6.417811e-07   0.000000e+00   2.398605e-01   2.138486e-01   0.000000e+00
  -6.988055e-07  -6.708752e-07   0.000000e+00   2.328497e-01   2.235431e-01   0.000000e+00
  -6.769452e-07  -6.991819e-07   0.000000e+00   2.255656e-01   2.329752e-01   0.000000e+00
  -6.543012e-07  -7.266793e-07   0.000000e+00   2.180204e-01   2.421376e-01   0.000000e+00
  -6.309105e-07  -7.533475e-07   0.000000e+00   2.102264e-01   2.510238e-01   0.000000e+00
  -6.068102e-07  -7.791687e-07   0.000000e+00   2.021959e-01   2.596276e-01   0.000000e+00
  -5.820377e-07  -8.041267e-07   0.000000e+00   1.939414e-01   2.679439e-01   0.000000e+00
  -5.566302e-07  -8.282077e-07   0.000000e+00   1.854754e-01   2.759680e-01   0.000000e+00
  -5.306249e-07  -8.513994e-07   0.000000e+00   1.768101e-01   2.836957e-01   0.000000e+00
  -5.040587e-07  -8.736914e-07   0.000000e+00   1.679580e-01   2.911237e-01   0.000000e+00
  -4.769684e-07  -8.950751e-07   0.000000e+00   1.589312e-01   2.982489e-01   0.000000e+00
  -4.493903e-07  -9.155433e-07   0.000000e+00   1.497418e-01   3.050692e-01   0.000000e+00
  -4.213600e-07  -9.350908e-07   0.000000e+00   1.404018e-01   3.115826e-01   0.000000e+00
  -3.929129e-07  -9.537136e-07   0.000000e+00   1.309229e-01   3.177879e-01   0.000000e+00
  -3.640837e-07  -9.714091e-07   0.000000e+00   1.213167e-01   3.236843e-01   0.000000e+00
  -3.349065e-07  -9.881762e-07   0.000000e+00   1.115946e-01   3.292713e-01   0.000000e+00
  -3.054146e-07  -1.004015e-06   0.000000e+00   1.017675e-01   3.345490e-01   0.000000e+00
  -2.756406e-07  -1.018927e-06   0.000000e+00   9.184652e-02   3.395178e-01   0.000000e+00
  -2.456165e-07  -1.032915e-06   0.000000e+00   8.184215e-02   3.441786e-01   0.000000e+00
  -2.153733e-07  -1.045981e-06   0.000000e+00   7.176478e-02   3.485326e-01   0.000000e+00
  -1.849414e-07  -1.058132e-06   0.000000e+00   6.162452e-02   3.525812e-01   0.000000e+00
  -1.543501e-07  -1.069371e-06   0.000000e+00   5.143117e-02   3.563263e-01   0.000000e+00
  -1.236282e-07  -1.079706e-06   0.000000e+00   4.119429e-02   3.597699e-01   0.000000e+00
  -9.280342e-08  -1.089143e-06   0.000000e+00   3.092313e-02   3.629145e-01   0.000000e+00
  -6.190276e-08  -1.097690e-06   0.000000e+00   2.062669e-02   3.657625e-01   0.000000e+00
  -3.095232e-08  -1.105356e-06   0.000000e+00   1.031366e-02   3.683169e-01   0.000000e+00
   2.261568e-11  -1.112150e-06   0.000000e+00  -7.535795e-06   3.705806e-01   0.000000e+00
   3.099760e-08  -1.118080e-06   0.000000e+00  -1.032875e-02   3.725568e-01   0.000000e+00
   6.194902e-08  -1.123159e-06   0.000000e+00  -2.064210e-02   3.742490e-01   0.000000e+00
   9.285406e-08  -1.127395e-06   0.000000e+00  -3.094000e-02   3.756606e-01   0.000000e+00
   1.236907e-07  -1.130800e-06   0.000000e+00  -4.121512e-02   3.767952e-01   0.000000e+00
   1.544378e-07  -1.133386e-06   0.000000e+00  -5.146038e-02   3.776567e-01   0.000000e+00
   1.850748e-07  -1.135163e-06   0.000000e+00  -6.166896e-02   3.782490e-01   0.000000e+00
   2.155820e-07  -1.136144e-06   0.000000e+00  -7.183432e-02   3.785760e-01   0.000000e+00
   2.459406e-07  -1.136342e-06   0.000000e+00  -8.195013e-02   3.786417e-01   0.000000e+00
   2.761322e-07  -1.135768e-06   0.000000e+00  -9.201031e-02   3.784504e-01   0.000000e+00
   3.061394e-07  -1.134434e-06   0.000000e+00  -1.020090e-01   3.780061e-01   0.000000e+00
   3.359452e-07  -1.132355e-06   0.000000e+00  -1.119407e-01   3.773133e-01   0.000000e+00
   3.655336e-07  -1.129542e-06   0.000000e+00  -1.217998e-01   3.763761e-01   0.000000e+00
   3.948889e-07  -1.126009e-06   0.000000e+00  -1.315814e-01   3.751988e-01   0.000000e+00
   4.239962e-07  -1.121769e-06   0.000000e+00  -1.412802e-01   3.737860e-01   0.000000e+00
   4.528412e-07  -1.116835e-06   0.000000e+00  -1.508917e-01   3.721418e-01   0.000000e+00
   4.814102e-07  -1.111220e-06   0.000000e+00  -1.604112e-01   3.702708e-01   0.000000e+00
   5.096900e-07  -1.104937e-06   0.000000e+00  -1.698344e-01   3.681773e-01   0.000000e+00
   5.376680e-07  -1.098000e-06   0.000000e+00  -1.791569e-01   3.658657e-01   0.000000e+00
   5.653320e-07  -1.090421e-06   0.000000e+00  -1.883749e-01   3.633405e-01   0.000000e+00
   5.926705e-07  -1.082215e-06   0.000000e+00  -1.974844e-01   3.606061e-01   0.000000e+00
   6.196724e-07  -1.073394e-06   0.000000e+00  -2.064817e-01   3.576668e-01   0.000000e+00
   6.463270e-07  -1.063971e-06   0.000000e+00  -2.153633e-01   3.545270e-01   0.000000e+00
   6.726241e-07  -1.053960e-06   0.000000e+00  -2.241258e-01   3.511912e-01   0.000000e+00
   6.985541e-07  -1.043373e-06   0.000000e+00  -2.327660e-01   3.476636e-01   0.000000e+00
   7.241075e-07  -1.032224e-06   0.000000e+00  -2.412807e-01   3.439486e-01   0.000000e+00
   7.492756e-07  -1.020526e-06   0.000000e+00  -2.496669e-01   3.400505e-01   0.000000e+00
   7.740496e-07  -1.008290e-06   0.000000e+00  -2.579219e-01   3.359735e-01   0.000000e+00
   7.984215e-07  -9.955313e-07   0.000000e+00  -2.660429e-01   3.317221e-01   0.000000e+00
   8.223835e-07  -9.822610e-07   0.000000e+00  -2.740273e-01   3.273003e-01   0.000000e+00
   8.459281e-07  -9.684922e-07   0.000000e+00  -2.818726e-01   3.227124e-01   0.000000e+00
   8.690482e-07  -9.542374e-07   0.000000e+00  -2.895765e-01   3.179625e-01   0.000000e+00
   8.917371e-07  -9.395089e-07   0.000000e+00  -2.971367e-01   3.130548e-01   0.000000e+00
   9.139881e-07  -9.243191e-07   0.000000e+00  -3.045510e-01   3.079934e-01   0.000000e+00
   9.357950e-07  -9.086803e-07   0.000000e+00  -3.118173e-01   3.027824e-01   0.000000e+00
   9.571521e-07  -8.926045e-07   0.000000e+00  -3.189337e-01   2.974257e-01   0.000000e+00
   9.780536e-07  -8.761039e-07   0.000000e+00  -3.258983e-01   2.919275e-01   0.000000e+00
   9.984940e-07  -8.591902e-07   0.000000e+00  -3.327093e-01   2.862917e-01   0.000000e+00
   1.018468e-06  -8.418755e-07   0.000000e+00  -3.393650e-01   2.805223e-01   0.000000e+00
   1.037972e-06  -8.241713e-07   0.000000e+00  -3.458637e-01   2.746230e-01   0.000000e+00
   1.056999e-06  -8.060894e-07   0.000000e+00  -3.522039e-01   2.685979e-01   0.000000e+00
   1.075547e-06  -7.876413e-07   0.000000e+00  -3.583841e-01   2.624508e-01   0.000000e+00
   1.093610e-06  -7.688384e-07   0.000000e+00  -3.644029e-01   2.561855e-01   0.000000e+00
   1.111184e-06  -7.496921e-07   0.000000e+00  -3.702589e-01   2.498057e-01   0.000000e+00
   1.128266e-06  -7.302137e-07   0.000000e+00  -3.759509e-01   2.433153e-01   0.000000e+00
   1.144853e-06  -7.104142e-07   0.000000e+00  -3.814776e-01   2.367179e-01   0.000000e+00
   1.160939e-06  -6.903047e-07   0.000000e+00  -3.868379e-01   2.300172e-01   0.000000e+00
   1.176523e-06  -6.698963e-07   0.000000e+00  -3.920306e-01   2.232169e-01   0.000000e+00
   1.191601e-06  -6.491999e-07   0.000000e+00  -3.970548e-01   2.163206e-01   0.000000e+00
   1.206171e-06  -6.282262e-07   0.000000e+00  -4.019095e-01   2.093319e-01   0.000000e+00
   1.220228e-06  -6.069859e-07   0.000000e+00  -4.065936e-01   2.022544e-01   0.000000e+00
   1.233771e-06  -5.854898e-07   0.000000e+00  -4.111063e-01   1.950917e-01   0.000000e+00
   1.246798e-06  -5.637483e-07   0.000000e+00  -4.154468e-01   1.878472e-01   0.000000e+00
   1.259305e-06  -5.417721e-07   0.000000e+00  -4.196142e-01   1.805245e-01   0.000000e+00
   1.271290e-06  -5.195714e-07   0.000000e+00  -4.236079e-01   1.731270e-01   0.000000e+00
   1.282752e-06  -4.971567e-07   0.000000e+00  -4.274271e-01   1.656581e-01   0.000000e+00
   1.293687e-06  -4.745382e-07   0.000000e+00  -4.310710e-01   1.581214e-01   0.000000e+00
   1.304096e-06  -4.517262e-07   0.000000e+00  -4.345392e-01   1.505202e-01   0.000000e+00
   1.313975e-06  -4.287308e-07   0.000000e+00  -4.378310e-01   1.428579e-01   0.000000e+00
   1.323323e-06  -4.055622e-07   0.000000e+00  -4.409458e-01   1.351378e-01   0.000000e+00
   1.332138e-06  -3.822303e-07   0.000000e+00  -4.438832e-01   1.273634e-01   0.000000e+00
   1.340419e-06  -3.587452e-07   0.000000e+00  -4.466426e-01   1.195379e-01   0.000000e+00
   1.348165e-06  -3.351167e-07   0.000000e+00  -4.492237e-01   1.116646e-01   0.000000e+00
   1.355375e-06  -3.113549e-07   0.000000e+00  -4.516259e-01   1.037469e-01   0.000000e+00
   1.362046e-06  -2.874696e-07   0.000000e+00  -4.538490e-01   9.578806e-02   0.000000e+00
   1.368179e-06  -2.634705e-07   0.000000e+00  -4.558925e-01   8.779130e-02   0.000000e+00
   1.373772e-06  -2.393675e-07   0.000000e+00  -4.577561e-01   7.975991e-02   0.000000e+00
   1.378825e-06  -2.151703e-07   0.000000e+00  -4.594397e-01   7.169713e-02   0.000000e+00
   1.383336e-06  -1.908886e-07   0.000000e+00  -4.609428e-01   6.360620e-02   0.000000e+00
   1.387305e-06  -1.665321e-07   0.000000e+00  -4.622653e-01   5.549034e-02   0.000000e+00
   1.390731e-06  -1.421105e-07   0.000000e+00  -4.634070e-01   4.735278e-02   0.000000e+00
   1.393614e-06  -1.176333e-07   0.000000e+00  -4.643677e-01   3.919672e-02   0.000000e+00
   1.395954e-06  -9.311025e-08   0.000000e+00  -4.651472e-01   3.102537e-02   0.000000e+00
   1.397749e-06  -6.855092e-08   0.000000e+00  -4.657455e-01   2.284193e-02   0.000000e+00
   1.399000e-06  -4.396490e-08   0.000000e+00  -4.661625e-01   1.464959e-02   0.000000e+00
   1.399707e-06  -1.936177e-08   0.000000e+00  -4.663980e-01   6.451557e-03   0.000000e+00
   1.399870e-06   5.248893e-09   0.000000e+00  -4.664521e-01  -1.748989e-03   0.000000e+00
   1.399488e-06   2.985751e-08   0.000000e+00  -4.663248e-01  -9.948855e-03   0.000000e+00
   1.398561e-06   5.445452e-08   0.000000e+00  -4.660160e-01  -1.814485e-02   0.000000e+00
   1.397090e-06   7.903033e-08   0.000000e+00  -4.655259e-01  -2.633378e-02   0.000000e+00
   1.395075e-06   1.035754e-07   0.000000e+00  -4.648545e-01  -3.451246e-02   0.000000e+00
   1.392516e-06   1.280800e-07   0.000000e+00  -4.640019e-01  -4.267768e-02   0.000000e+00
   1.389414e-06   1.525347e-07   0.000000e+00  -4.629682e-01  -5.082625e-02   0.000000e+00
   1.385769e-06   1.769298e-07   0.000000e+00  -4.617536e-01  -5.895496e-02   0.000000e+00
   1.381582e-06   2.012556e-07   0.000000e+00  -4.603583e-01  -6.706059e-02   0.000000e+00
   1.376852e-06   2.255025e-07   0.000000e+00  -4.587825e-01  -7.513993e-02   0.000000e+00
   1.371582e-06   2.496608e-07   0.000000e+00  -4.570264e-01  -8.318974e-02   0.000000e+00
   1.365772e-06   2.737208e-07   0.000000e+00  -4.550904e-01  -9.120679e-02   0.000000e+00
   1.359422e-06   2.976726e-07   0.000000e+00  -4.529746e-01  -9.918783e-02   0.000000e+00
   1.352535e-06   3.215067e-07   0.000000e+00  -4.506795e-01  -1.071296e-01   0.000000e+00
   1.345110e-06   3.452130e-07   0.000000e+00  -4.482055e-01  -1.150288e-01   0.000000e+00
   1.337149e-06   3.687818e-07   0.000000e+00  -4.455528e-01  -1.228822e-01   0.000000e+00
   1.328653e-06   3.922031e-07   0.000000e+00  -4.427220e-01  -1.306864e-01   0.000000e+00
   1.319624e-06   4.154670e-07   0.000000e+00  -4.397134e-01  -1.384382e-01   0.000000e+00
   1.310064e-06   4.385635e-07   0.000000e+00  -4.365277e-01  -1.461342e-01   0.000000e+00
   1.299973e-06   4.614824e-07   0.000000e+00  -4.331654e-01  -1.537711e-01   0.000000e+00
   1.289354e-06   4.842138e-07   0.000000e+00  -4.296269e-01  -1.613454e-01   0.000000e+00
   1.278208e-06   5.067474e-07   0.000000e+00  -4.259130e-01  -1.688539e-01   0.000000e+00
   1.266537e-06   5.290729e-07   0.000000e+00  -4.220242e-01  -1.762930e-01   0.000000e+00
   1.254344e-06   5.511802e-07   0.000000e+00  -4.179613e-01  -1.836594e-01   0.000000e+00
   1.241630e-06   5.730587e-07   0.000000e+00  -4.137250e-01  -1.909495e-01   0.000000e+00
   1.228398e-06   5.946981e-07   0.000000e+00  -4.093160e-01  -1.981600e-01   0.000000e+00
   1.214651e-06   6.160879e-07   0.000000e+00  -4.047352e-01  -2.052873e-01   0.000000e+00
   1.200391e-06   6.372174e-07   0.000000e+00  -3.999835e-01  -2.123279e-01   0.000000e+00
   1.185620e-06   6.580760e-07   0.000000e+00  -3.950617e-01  -2.192782e-01   0.000000e+00
   1.170342e-06   6.786530e-07   0.000000e+00  -3.899709e-01  -2.261347e-01   0.000000e+00
   1.154559e-06   6.989375e-07   0.000000e+00  -3.847120e-01  -2.328937e-01   0.000000e+00
   1.138276e-06   7.189186e-07   0.000000e+00  -3.792861e-01  -2.395517e-01   0.000000e+00
   1.121494e-06   7.385853e-07   0.000000e+00  -3.736944e-01  -2.461048e-01   0.000000e+00
   1.104219e-06   7.579266e-07   0.000000e+00  -3.679380e-01  -2.525495e-01   0.000000e+00
   1.086453e-06   7.769311e-07   0.000000e+00  -3.620181e-01  -2.588821e-01   0.000000e+00
   1.068200e-06   7.955877e-07   0.000000e+00  -3.559362e-01  -2.650987e-01   0.000000e+00
   1.049465e-06   8.138850e-07   0.000000e+00  -3.496935e-01  -2.711955e-01   0.000000e+00
   1.030252e-06   8.318116e-07   0.000000e+00  -3.432915e-01  -2.771688e-01   0.000000e+00
   1.010566e-06   8.493558e-07   0.000000e+00  -3.367317e-01  -2.830148e-01   0.000000e+00
   9.904104e-07   8.665060e-07   0.000000e+00  -3.300157e-01  -2.887294e-01   0.000000e+00
   9.697913e-07   8.832504e-07   0.000000e+00  -3.231452e-01  -2.943088e-01   0.000000e+00
   9.487138e-07   8.995772e-07   0.000000e+00  -3.161220e-01  -2.997491e-01   0.000000e+00
   9.271832e-07   9.154745e-07   0.000000e+00  -3.089477e-01  -3.050463e-01   0.000000e+00
   9.052055e-07   9.309302e-07   0.000000e+00  -3.016245e-01  -3.101963e-01   0.000000e+00
   8.827865e-07   9.459320e-07   0.000000e+00  -2.941543e-01  -3.151951e-01   0.000000e+00
   8.599326e-07   9.604679e-07   0.000000e+00  -2.865391e-01  -3.200386e-01   0.000000e+00
   8.366505e-07   9.745254e-07   0.000000e+00  -2.787812e-01  -3.247227e-01   0.000000e+00
   8.129471e-07   9.880921e-07   0.000000e+00  -2.708830e-01  -3.292433e-01   0.000000e+00
   7.888296e-07   1.001155e-06   0.000000e+00  -2.628468e-01  -3.335961e-01   0.000000e+00
   7.643055e-07   1.013703e-06   0.000000e+00  -2.546751e-01  -3.377771e-01   0.000000e+00
   7.393830e-07   1.025722e-06   0.000000e+00  -2.463706e-01  -3.417818e-01   0.000000e+00
   7.140701e-07   1.037199e-06   0.000000e+00  -2.379361e-01  -3.456062e-01   0.000000e+00
   6.883757e-07   1.048122e-06   0.000000e+00  -2.293744e-01  -3.492459e-01   0.000000e+00
   6.623088e-07   1.058478e-06   0.000000e+00  -2.206886e-01  -3.526965e-01   0.000000e+00
   6.358788e-07   1.068253e-06   0.000000e+00  -2.118819e-01  -3.559538e-01   0.000000e+00
   6.090958e-07   1.077435e-06   0.000000e+00  -2.029575e-01  -3.590135e-01   0.000000e+00
   5.819699e-07   1.086011e-06   0.000000e+00  -1.939188e-01  -3.618710e-01   0.000000e+00
   5.545121e-07   1.093967e-06   0.000000e+00  -1.847696e-01  -3.645221e-01   0.000000e+00
   5.267335e-07   1.101291e-06   0.000000e+00  -1.755135e-01  -3.669624e-01   0.000000e+00
   4.986461e-07   1.107968e-06   0.000000e+00  -1.661544e-01  -3.691874e-01   0.000000e+00
   4.702620e-07   1.113987e-06   0.000000e+00  -1.566965e-01  -3.711928e-01   0.000000e+00
   4.415942e-07   1.119333e-06   0.000000e+00  -1.471441e-01  -3.729741e-01   0.000000e+00
   4.126559e-07   1.123993e-06   0.000000e+00  -1.375015e-01  -3.745270e-01   0.000000e+00
   3.834612e-07   1.127955e-06   0.000000e+00  -1.277735e-01  -3.758471e-01   0.000000e+00
   3.540245e-07   1.131205e-06   0.000000e+00  -1.179649e-01  -3.769300e-01   0.000000e+00
   3.243610e-07   1.133730e-06   0.000000e+00  -1.080807e-01  -3.777713e-01   0.000000e+00
   2.944865e-07   1.135517e-06   0.000000e+00  -9.812616e-02  -3.783668e-01   0.000000e+00
   2.644173e-07   1.136554e-06   0.000000e+00  -8.810679e-02  -3.787122e-01   0.000000e+00
   2.341707e-07   1.136827e-06   0.000000e+00  -7.802827e-02  -3.788033e-01   0.000000e+00
   2.037643e-07   1.136324e-06   0.000000e+00  -6.789652e-02  -3.786359e-01   0.000000e+00
   1.732166e-07   1.135034e-06   0.000000e+00  -5.771770e-02  -3.782059e-01   0.000000e+00
   1.425469e-07   1.132943e-06   0.000000e+00  -4.749821e-02  -3.775092e-01   0.000000e+00
   1.117751e-07   1.130040e-06   0.000000e+00  -3.724470e-02  -3.765420e-01   0.000000e+00
   8.092188e-08   1.126314e-06   0.000000e+00  -2.696407e-02  -3.753004e-01   0.000000e+00
   5.000876e-08   1.121753e-06   0.000000e+00  -1.666347e-02  -3.737807e-01   0.000000e+00
   1.905802e-08   1.116347e-06   0.000000e+00  -6.350343e-03  -3.719792e-01   0.000000e+00
  -1.190727e-08   1.110085e-06   0.000000e+00   3.967633e-03  -3.698926e-01   0.000000e+00
  -4.286320e-08   1.102957e-06   0.000000e+00   1.428249e-02  -3.675175e-01   0.000000e+00
  -7.378504e-08   1.094954e-06   0.000000e+00   2.458600e-02  -3.648508e-01   0.000000e+00
  -1.046472e-07   1.086067e-06   0.000000e+00   3.486963e-02  -3.618895e-01   0.000000e+00
  -1.354234e-07   1.076288e-06   0.000000e+00   4.512459e-02  -3.586310e-01   0.000000e+00
  -1.660863e-07   1.065609e-06   0.000000e+00   5.534180e-02  -3.550726e-01   0.000000e+00
  -1.966078e-07   1.054023e-06   0.000000e+00   6.551191e-02  -3.512122e-01   0.000000e+00
  -2.269591e-07   1.041525e-06   0.000000e+00   7.562529e-02  -3.470478e-01   0.000000e+00
  -2.571103e-07   1.028110e-06   0.000000e+00   8.567201e-02  -3.425777e-01   0.000000e+00
  -2.870310e-07   1.013773e-06   0.000000e+00   9.564190e-02  -3.378005e-01   0.000000e+00
  -3.166897e-07   9.985115e-07   0.000000e+00   1.055245e-01  -3.327151e-01   0.000000e+00
  -3.460544e-07   9.823229e-07   0.000000e+00   1.153092e-01  -3.273209e-01   0.000000e+00
  -3.750921e-07   9.652065e-07   0.000000e+00   1.249848e-01  -3.216175e-01   0.000000e+00
  -4.037693e-07   9.471626e-07   0.000000e+00   1.345404e-01  -3.156051e-01   0.000000e+00
  -4.320517e-07   9.281930e-07   0.000000e+00   1.439644e-01  -3.092842e-01   0.000000e+00
  -4.599045e-07   9.083005e-07   0.000000e+00   1.532453e-01  -3.026558e-01   0.000000e+00
  -4.872922e-07   8.874896e-07   0.000000e+00   1.623712e-01  -2.957214e-01   0.000000e+00
  -5.141788e-07   8.657664e-07   0.000000e+00   1.713301e-01  -2.884830e-01   0.000000e+00
  -5.405280e-07   8.431385e-07   0.000000e+00   1.801099e-01  -2.809431e-01   0.000000e+00
  -5.663030e-07   8.196151e-07   0.000000e+00   1.886985e-01  -2.731048e-01   0.000000e+00
  -5.914668e-07   7.952072e-07   0.000000e+00   1.970833e-01  -2.649719e-01   0.000000e+00
  -6.159822e-07   7.699278e-07   0.000000e+00   2.052521e-01  -2.565485e-01   0.000000e+00
  -6.398119e-07   7.437914e-07   0.000000e+00   2.131924e-01  -2.478396e-01   0.000000e+00
  -6.629186e-07   7.168148e-07   0.000000e+00   2.208918e-01  -2.388507e-01   0.000000e+00
  -6.852654e-07   6.890166e-07   0.000000e+00   2.283380e-01  -2.295880e-01   0.000000e+00
  -7.068153e-07   6.604173e-07   0.000000e+00   2.355187e-01  -2.200584e-01   0.000000e+00
  -7.275320e-07   6.310395e-07   0.000000e+00   2.424217e-01  -2.102694e-01   0.000000e+00
  -7.473797e-07   6.009082e-07   0.000000e+00   2.490352e-01  -2.002293e-01   0.000000e+00
  -7.663231e-07   5.700499e-07   0.000000e+00   2.553474e-01  -1.899470e-01   0.000000e+00
  -7.843281e-07   5.384936e-07   0.000000e+00   2.613468e-01  -1.794320e-01   0.000000e+00
  -8.013612e-07   5.062702e-07   0.000000e+00   2.670224e-01  -1.686948e-01   0.000000e+00
  -8.173903e-07   4.734126e-07   0.000000e+00   2.723635e-01  -1.577463e-01   0.000000e+00
  -8.323847e-07   4.399558e-07   0.000000e+00   2.773598e-01  -1.465982e-01   0.000000e+00
  -8.463148e-07   4.059366e-07   0.000000e+00   2.820015e-01  -1.352626e-01   0.000000e+00
  -8.591531e-07   3.713937e-07   0.000000e+00   2.862793e-01  -1.237525e-01   0.000000e+00
  -8.708734e-07   3.363677e-07   0.000000e+00   2.901847e-01  -1.120814e-01   0.000000e+00
  -8.814518e-07   3.009006e-07   0.000000e+00   2.937095e-01  -1.002634e-01   0.000000e+00
  -8.908663e-07   2.650363e-07   0.000000e+00   2.968465e-01  -8.831303e-02   0.000000e+00
  -8.990969e-07   2.288198e-07   0.000000e+00   2.995891e-01  -7.624530e-02   0.000000e+00
  -9.061264e-07   1.922977e-07   0.000000e+00   3.019314e-01  -6.407572e-02   0.000000e+00
  -9.119394e-07   1.555174e-07   0.000000e+00   3.038683e-01  -5.182014e-02   0.000000e+00
  -9.165236e-07   1.185277e-07   0.000000e+00   3.053958e-01  -3.949474e-02   0.000000e+00
  -9.198688e-07   8.137770e-08   0.000000e+00   3.065105e-01  -2.711595e-02   0.000000e+00
  -9.219678e-07   4.411750e-08   0.000000e+00   3.072099e-01  -1.470044e-02   0.000000e+00
  -9.228160e-07   6.797444e-09   0.000000e+00   3.074925e-01  -2.264984e-03   0.000000e+00
  -9.224114e-07  -3.053183e-08   0.000000e+00   3.073577e-01   1.017355e-02   0.000000e+00
  -9.207550e-07  -6.781968e-08   0.000000e+00   3.068058e-01   2.259827e-02   0.000000e+00
  -9.178502e-07  -1.050156e-07   0.000000e+00   3.058379e-01   3.499236e-02   0.000000e+00
  -9.137035e-07  -1.420694e-07   0.000000e+00   3.044561e-01   4.733911e-02   0.000000e+00
  -9.083237e-07  -1.789316e-07   0.000000e+00   3.026635e-01   5.962199e-02   0.000000e+00
  -9.017226e-07  -2.155532e-07   0.000000e+00   3.004640e-01   7.182471e-02   0.000000e+00
  -8.939143e-07  -2.518862e-07   0.000000e+00   2.978622e-01   8.393128e-02   0.000000e+00
  -8.849154e-07  -2.878838e-07   0.000000e+00   2.948636e-01   9.592608e-02   0.000000e+00
  -8.747448e-07  -3.235003e-07   0.000000e+00   2.914747e-01   1.077939e-01   0.000000e+00
  -8.634237e-07  -3.586914e-07   0.000000e+00   2.877024e-01   1.195199e-01   0.000000e+00
  -8.509755e-07  -3.934143e-07   0.000000e+00   2.835545e-01   1.310900e-01   0.000000e+00
  -8.374255e-07  -4.276278e-07   0.000000e+00   2.790395e-01   1.424903e-01   0.000000e+00
  -8.228007e-07  -4.612927e-07   0.000000e+00   2.741663e-01   1.537078e-01   0.000000e+00
  -8.071299e-07  -4.943712e-07   0.000000e+00   2.689446e-01   1.647300e-01   0.000000e+00
  -7.904435e-07  -5.268277e-07   0.000000e+00   2.633845e-01   1.755448e-01   0.000000e+00
  -7.727731e-07  -5.586285e-07   0.000000e+00   2.574966e-01   1.861412e-01   0.000000e+00
  -7.541517e-07  -5.897419e-07   0.000000e+00   2.512917e-01   1.965086e-01   0.000000e+00
  -7.346132e-07  -6.201383e-07   0.000000e+00   2.447813e-01   2.066370e-01   0.000000e+00
  -7.141925e-07  -6.497901e-07   0.000000e+00   2.379769e-01   2.165173e-01   0.000000e+00
  -6.929252e-07  -6.786718e-07   0.000000e+00   2.308904e-01   2.261410e-01   0.000000e+00
  -6.708476e-07  -7.067600e-07   0.000000e+00   2.235339e-01   2.355003e-01   0.000000e+00
  -6.479964e-07  -7.340332e-07   0.000000e+00   2.159196e-01   2.445880e-01   0.000000e+00
  -6.244085e-07  -7.604722e-07   0.000000e+00   2.080599e-01   2.533978e-01   0.000000e+00
  -6.001213e-07  -7.860595e-07   0.000000e+00   1.999671e-01   2.619237e-01   0.000000e+00
  -5.751719e-07  -8.107797e-07   0.000000e+00   1.916537e-01   2.701608e-01   0.000000e+00
  -5.495978e-07  -8.346194e-07   0.000000e+00   1.831321e-01   2.781044e-01   0.000000e+00
  -5.234359e-07  -8.575667e-07   0.000000e+00   1.744147e-01   2.857508e-01   0.000000e+00
  -4.967232e-07  -8.796119e-07   0.000000e+00   1.655137e-01   2.930964e-01   0.000000e+00
  -4.694964e-07  -9.007466e-07   0.000000e+00   1.564414e-01   3.001388e-01   0.000000e+00
  -4.417914e-07  -9.209643e-07   0.000000e+00   1.472098e-01   3.068755e-01   0.000000e+00
  -4.136440e-07  -9.402600e-07   0.000000e+00   1.378308e-01   3.133051e-01   0.000000e+00
  -3.850893e-07  -9.586301e-07   0.000000e+00   1.283160e-01   3.194262e-01   0.000000e+00
  -3.561619e-07  -9.760726e-07   0.000000e+00   1.186771e-01   3.252382e-01   0.000000e+00
  -3.268956e-07  -9.925866e-07   0.000000e+00   1.089252e-01   3.307409e-01   0.000000e+00
  -2.973236e-07  -1.008173e-06   0.000000e+00   9.907153e-02   3.359343e-01   0.000000e+00
  -2.674783e-07  -1.022832e-06   0.000000e+00   8.912674e-02   3.408190e-01   0.000000e+00
  -2.373914e-07  -1.036568e-06   0.000000e+00   7.910145e-02   3.453961e-01   0.000000e+00
  -2.070938e-07  -1.049385e-06   0.000000e+00   6.900595e-02   3.496666e-01   0.000000e+00
  -1.766155e-07  -1.061286e-06   0.000000e+00   5.885025e-02   3.536323e-01   0.000000e+00
  -1.459858e-07  -1.072278e-06   0.000000e+00   4.864409e-02   3.572950e-01   0.000000e+00
  -1.152331e-07  -1.082367e-06   0.000000e+00   3.839696e-02   3.606568e-01   0.000000e+00
  -8.438504e-08  -1.091561e-06   0.000000e+00   2.811803e-02   3.637202e-01   0.000000e+00
  -5.346825e-08  -1.099867e-06   0.000000e+00   1.781622e-02   3.664879e-01   0.000000e+00
  -2.250867e-08  -1.107294e-06   0.000000e+00   7.500138e-03   3.689628e-01   0.000000e+00
   8.468672e-09  -1.113852e-06   0.000000e+00  -2.821855e-03   3.711478e-01   0.000000e+00
   3.943954e-08  -1.119549e-06   0.000000e+00  -1.314169e-02   3.730462e-01   0.000000e+00
   7.038054e-08  -1.124397e-06   0.000000e+00  -2.345158e-02   3.746615e-01   0.000000e+00
   1.012691e-07  -1.128405e-06   0.000000e+00  -3.374398e-02   3.759972e-01   0.000000e+00
   1.320834e-07  -1.131586e-06   0.000000e+00  -4.401165e-02   3.770570e-01   0.000000e+00
   1.628024e-07  -1.133950e-06   0.000000e+00  -5.424757e-02   3.778447e-01   0.000000e+00
   1.934060e-07  -1.135509e-06   0.000000e+00  -6.444501e-02   3.783643e-01   0.000000e+00
   2.238745e-07  -1.136276e-06   0.000000e+00  -7.459748e-02   3.786196e-01   0.000000e+00
   2.541893e-07  -1.136261e-06   0.000000e+00  -8.469871e-02   3.786149e-01   0.000000e+00
   2.843324e-07  -1.135479e-06   0.000000e+00  -9.474271e-02   3.783542e-01   0.000000e+00
   3.142863e-07  -1.133941e-06   0.000000e+00  -1.047237e-01   3.778417e-01   0.000000e+00
   3.440344e-07  -1.131660e-06   0.000000e+00  -1.146361e-01   3.770818e-01   0.000000e+00
   3.735608e-07  -1.128650e-06   0.000000e+00  -1.244746e-01   3.760787e-01   0.000000e+00
   4.028499e-07  -1.124923e-06   0.000000e+00  -1.342341e-01   3.748368e-01   0.000000e+00
   4.318871e-07  -1.120492e-06   0.000000e+00  -1.439096e-01   3.733605e-01   0.000000e+00
   4.606582e-07  -1.115371e-06   0.000000e+00  -1.534964e-01   3.716540e-01   0.000000e+00
   4.891496e-07  -1.109573e-06   0.000000e+00  -1.629901e-01   3.697219e-01   0.000000e+00
   5.173484e-07  -1.103110e-06   0.000000e+00  -1.723862e-01   3.675685e-01   0.000000e+00
   5.452419e-07  -1.095997e-06   0.000000e+00  -1.816807e-01   3.651983e-01   0.000000e+00
   5.728183e-07  -1.088246e-06   0.000000e+00  -1.908694e-01   3.626156e-01   0.000000e+00
   6.000661e-07  -1.079870e-06   0.000000e+00  -1.999487e-01   3.598248e-01   0.000000e+00
   6.269744e-07  -1.070884e-06   0.000000e+00  -2.089148e-01   3.568304e-01   0.000000e+00
   6.535325e-07  -1.061300e-06   0.000000e+00  -2.177643e-01   3.536368e-01   0.000000e+00
   6.797305e-07  -1.051130e-06   0.000000e+00  -2.264937e-01   3.502482e-01   0.000000e+00
   7.055587e-07  -1.040389e-06   0.000000e+00  -2.351000e-01   3.466691e-01   0.000000e+00
   7.310080e-07  -1.029089e-06   0.000000e+00  -2.435800e-01   3.429038e-01   0.000000e+00
   7.560694e-07  -1.017242e-06   0.000000e+00  -2.519307e-01   3.389565e-01   0.000000e+00
   7.807346e-07  -1.004863e-06   0.000000e+00  -2.601494e-01   3.348316e-01   0.000000e+00
   8.049955e-07  -9.919635e-07   0.000000e+00  -2.682334e-01   3.305332e-01   0.000000e+00
   8.288444e-07  -9.785561e-07   0.000000e+00  -2.761802e-01   3.260657e-01   0.000000e+00
   8.522740e-07  -9.646535e-07   0.000000e+00  -2.839872e-01   3.214332e-01   0.000000e+00
   8.752772e-07  -9.502683e-07   0.000000e+00  -2.916521e-01   3.166399e-01   0.000000e+00
   8.978472e-07  -9.354128e-07   0.000000e+00  -2.991727e-01   3.116899e-01   0.000000e+00
   9.199778e-07  -9.200994e-07   0.000000e+00  -3.065468e-01   3.065873e-01   0.000000e+00
   9.416627e-07  -9.043402e-07   0.000000e+00  -3.137725e-01   3.013362e-01   0.000000e+00
   9.628961e-07  -8.881474e-07   0.000000e+00  -3.208477e-01   2.959406e-01   0.000000e+00
   9.836724e-07  -8.715330e-07   0.000000e+00  -3.277706e-01   2.904045e-01   0.000000e+00
   1.003986e-06  -8.545088e-07   0.000000e+00  -3.345394e-01   2.847318e-01   0.000000e+00
   1.023833e-06  -8.370868e-07   0.000000e+00  -3.411524e-01   2.789266e-01   0.000000e+00
   1.043207e-06  -8.192785e-07   0.000000e+00  -3.476081e-01   2.729927e-01   0.000000e+00
   1.062104e-06  -8.010956e-07   0.000000e+00  -3.539048e-01   2.669339e-01   0.000000e+00
   1.080520e-06  -7.825496e-07   0.000000e+00  -3.600411e-01   2.607542e-01   0.000000e+00
   1.098450e-06  -7.636520e-07   0.000000e+00  -3.660156e-01   2.544573e-01   0.000000e+00
   1.115890e-06  -7.444140e-07   0.000000e+00  -3.718271e-01   2.480470e-01   0.000000e+00
   1.132838e-06  -7.248469e-07   0.000000e+00  -3.774741e-01   2.415270e-01   0.000000e+00
   1.149288e-06  -7.049618e-07   0.000000e+00  -3.829556e-01   2.349011e-01   0.000000e+00
   1.165238e-06  -6.847698e-07   0.000000e+00  -3.882703e-01   2.281729e-01   0.000000e+00
   1.180685e-06  -6.642818e-07   0.000000e+00  -3.934172e-01   2.213461e-01   0.000000e+00
   1.195624e-06  -6.435087e-07   0.000000e+00  -3.983952e-01   2.144242e-01   0.000000e+00
   1.210054e-06  -6.224612e-07   0.000000e+00  -4.032035e-01   2.074110e-01   0.000000e+00
   1.223972e-06  -6.011502e-07   0.000000e+00  -4.078410e-01   2.003099e-01   0.000000e+00
   1.237374e-06  -5.795861e-07   0.000000e+00  -4.123068e-01   1.931245e-01   0.000000e+00
   1.250259e-06  -5.577796e-07   0.000000e+00  -4.166002e-01   1.858584e-01   0.000000e+00
   1.262624e-06  -5.357411e-07   0.000000e+00  -4.207203e-01   1.785149e-01   0.000000e+00
   1.274467e-06  -5.134811e-07   0.000000e+00  -4.246665e-01   1.710976e-01   0.000000e+00
   1.285785e-06  -4.910098e-07   0.000000e+00  -4.284379e-01   1.636099e-01   0.000000e+00
   1.296578e-06  -4.683376e-07   0.000000e+00  -4.320340e-01   1.560553e-01   0.000000e+00
   1.306842e-06  -4.454745e-07   0.000000e+00  -4.354542e-01   1.484371e-01   0.000000e+00
   1.316576e-06  -4.224309e-07   0.000000e+00  -4.386978e-01   1.407587e-01   0.000000e+00
   1.325779e-06  -3.992168e-07   0.000000e+00  -4.417643e-01   1.330235e-01   0.000000e+00
   1.334449e-06  -3.758421e-07   0.000000e+00  -4.446532e-01   1.252348e-01   0.000000e+00
   1.342584e-06  -3.523169e-07   0.000000e+00  -4.473640e-01   1.173959e-01   0.000000e+00
   1.350184e-06  -3.286512e-07   0.000000e+00  -4.498964e-01   1.095102e-01   0.000000e+00
   1.357247e-06  -3.048547e-07   0.000000e+00  -4.522498e-01   1.015810e-01   0.000000e+00
   1.363772e-06  -2.809374e-07   0.000000e+00  -4.544239e-01   9.361146e-02   0.000000e+00
   1.369758e-06  -2.569090e-07   0.000000e+00  -4.564184e-01   8.560494e-02   0.000000e+00
   1.375203e-06  -2.327794e-07   0.000000e+00  -4.582330e-01   7.756467e-02   0.000000e+00
   1.380108e-06  -2.085582e-07   0.000000e+00  -4.598674e-01   6.949389e-02   0.000000e+00
   1.384472e-06  -1.842551e-07   0.000000e+00  -4.613213e-01   6.139584e-02   0.000000e+00
   1.388293e-06  -1.598799e-07   0.000000e+00  -4.625945e-01   5.327375e-02   0.000000e+00
   1.391571e-06  -1.354421e-07   0.000000e+00  -4.636869e-01   4.513082e-02   0.000000e+00
   1.394306e-06  -1.109515e-07   0.000000e+00  -4.645982e-01   3.697028e-02   0.000000e+00
   1.396497e-06  -8.641763e-08   0.000000e+00  -4.653283e-01   2.879531e-02   0.000000e+00
   1.398144e-06  -6.185007e-08   0.000000e+00  -4.658772e-01   2.060913e-02   0.000000e+00
   1.399247e-06  -3.725843e-08   0.000000e+00  -4.662447e-01   1.241492e-02   0.000000e+00
   1.399806e-06  -1.265230e-08   0.000000e+00  -4.664307e-01   4.215887e-03   0.000000e+00
   1.399819e-06   1.195875e-08   0.000000e+00  -4.664354e-01  -3.984790e-03   0.000000e+00
   1.399289e-06   3.656516e-08   0.000000e+00  -4.662586e-01  -1.218392e-02   0.000000e+00
   1.398214e-06   6.115733e-08   0.000000e+00  -4.659004e-01  -2.037830e-02   0.000000e+00
   1.396595e-06   8.572570e-08   0.000000e+00  -4.653608e-01  -2.856476e-02   0.000000e+00
   1.394431e-06   1.102607e-07   0.000000e+00  -4.646400e-01  -3.674008e-02   0.000000e+00
   1.391724e-06   1.347527e-07   0.000000e+00  -4.637380e-01  -4.490108e-02   0.000000e+00
   1.388474e-06   1.591920e-07   0.000000e+00  -4.626550e-01  -5.304455e-02   0.000000e+00
   1.384681e-06   1.835692e-07   0.000000e+00  -4.613911e-01  -6.116729e-02   0.000000e+00
   1.380346e-06   2.078744e-07   0.000000e+00  -4.599466e-01  -6.926607e-02   0.000000e+00
   1.375469e-06   2.320982e-07   0.000000e+00  -4.583216e-01  -7.733768e-02   0.000000e+00
   1.370052e-06   2.562306e-07   0.000000e+00  -4.565164e-01  -8.537889e-02   0.000000e+00
   1.364094e-06   2.802621e-07   0.000000e+00  -4.545313e-01  -9.338644e-02   0.000000e+00
   1.357598e-06   3.041828e-07   0.000000e+00  -4.523667e-01  -1.013571e-01   0.000000e+00
   1.350563e-06   3.279830e-07   0.000000e+00  -4.500227e-01  -1.092876e-01   0.000000e+00
   1.342992e-06   3.516528e-07   0.000000e+00  -4.474999e-01  -1.171746e-01   0.000000e+00
   1.334885e-06   3.751824e-07   0.000000e+00  -4.447986e-01  -1.250149e-01   0.000000e+00
   1.326244e-06   3.985618e-07   0.000000e+00  -4.419193e-01  -1.328052e-01   0.000000e+00
   1.317070e-06   4.217810e-07   0.000000e+00  -4.388624e-01  -1.405421e-01   0.000000e+00
   1.307365e-06   4.448301e-07   0.000000e+00  -4.356285e-01  -1.482223e-01   0.000000e+00
   1.297130e-06   4.676989e-07   0.000000e+00  -4.322181e-01  -1.558425e-01   0.000000e+00
   1.286367e-06   4.903774e-07   0.000000e+00  -4.286317e-01  -1.633992e-01   0.000000e+00
   1.275078e-06   5.128553e-07   0.000000e+00  -4.248700e-01  -1.708891e-01   0.000000e+00
   1.263264e-06   5.351223e-07   0.000000e+00  -4.209337e-01  -1.783087e-01   0.000000e+00
   1.250929e-06   5.571682e-07   0.000000e+00  -4.168235e-01  -1.856546e-01   0.000000e+00
   1.238074e-06   5.789826e-07   0.000000e+00  -4.125400e-01  -1.929234e-01   0.000000e+00
   1.224701e-06   6.005550e-07   0.000000e+00  -4.080841e-01  -2.001116e-01   0.000000e+00
   1.210814e-06   6.218749e-07   0.000000e+00  -4.034566e-01  -2.072156e-01   0.000000e+00
   1.196414e-06   6.429316e-07   0.000000e+00  -3.986584e-01  -2.142319e-01   0.000000e+00
   1.181505e-06   6.637145e-07   0.000000e+00  -3.936905e-01  -2.211570e-01   0.000000e+00
   1.166089e-06   6.842128e-07   0.000000e+00  -3.885537e-01  -2.279873e-01   0.000000e+00
   1.150169e-06   7.044157e-07   0.000000e+00  -3.832492e-01  -2.347191e-01   0.000000e+00
   1.133750e-06   7.243122e-07   0.000000e+00  -3.777780e-01  -2.413489e-01   0.000000e+00
   1.116833e-06   7.438912e-07   0.000000e+00  -3.721412e-01  -2.478728e-01   0.000000e+00
   1.099424e-06   7.631418e-07   0.000000e+00  -3.663401e-01  -2.542873e-01   0.000000e+00
   1.081524e-06   7.820526e-07   0.000000e+00  -3.603760e-01  -2.605886e-01   0.000000e+00
   1.063140e-06   8.006124e-07   0.000000e+00  -3.542500e-01  -2.667729e-01   0.000000e+00
   1.044274e-06   8.188097e-07   0.000000e+00  -3.479638e-01  -2.728365e-01   0.000000e+00
   1.024932e-06   8.366332e-07   0.000000e+00  -3.415186e-01  -2.787755e-01   0.000000e+00
   1.005117e-06   8.540711e-07   0.000000e+00  -3.349161e-01  -2.845860e-01   0.000000e+00
   9.848346e-07   8.711119e-07   0.000000e+00  -3.281578e-01  -2.902641e-01   0.000000e+00
   9.640900e-07   8.877436e-07   0.000000e+00  -3.212455e-01  -2.958060e-01   0.000000e+00
   9.428884e-07   9.039545e-07   0.000000e+00  -3.141809e-01  -3.012077e-01   0.000000e+00
   9.212353e-07   9.197326e-07   0.000000e+00  -3.069658e-01  -3.064651e-01   0.000000e+00
   8.991366e-07   9.350658e-07   0.000000e+00  -2.996023e-01  -3.115743e-01   0.000000e+00
   8.765985e-07   9.499418e-07   0.000000e+00  -2.920923e-01  -3.165312e-01   0.000000e+00
   8.536272e-07   9.643485e-07   0.000000e+00  -2.844380e-01  -3.213316e-01   0.000000e+00
   8.302295e-07   9.782734e-07   0.000000e+00  -2.766417e-01  -3.259716e-01   0.000000e+00
   8.064124e-07   9.917041e-07   0.000000e+00  -2.687056e-01  -3.304468e-01   0.000000e+00
   7.821833e-07   1.004628e-06   0.000000e+00  -2.606322e-01  -3.347532e-01   0.000000e+00
   7.575498e-07   1.017033e-06   0.000000e+00  -2.524240e-01  -3.388866e-01   0.000000e+00
   7.325200e-07   1.028905e-06   0.000000e+00  -2.440838e-01  -3.428426e-01   0.000000e+00
   7.071023e-07   1.040233e-06   0.000000e+00  -2.356143e-01  -3.466170e-01   0.000000e+00
   6.813054e-07   1.051002e-06   0.000000e+00  -2.270185e-01  -3.502056e-01   0.000000e+00
   6.551385e-07   1.061201e-06   0.000000e+00  -2.182994e-01  -3.536040e-01   0.000000e+00
   6.286113e-07   1.070816e-06   0.000000e+00  -2.094603e-01  -3.568078e-01   0.000000e+00
   6.017337e-07   1.079834e-06   0.000000e+00  -2.005043e-01  -3.598127e-01   0.000000e+00
   5.745162e-07   1.088242e-06   0.000000e+00  -1.914352e-01  -3.626144e-01   0.000000e+00
   5.469698e-07   1.096027e-06   0.000000e+00  -1.822564e-01  -3.652085e-01   0.000000e+00
   5.191059e-07   1.103176e-06   0.000000e+00  -1.729718e-01  -3.675905e-01   0.000000e+00
   4.909363e-07   1.109675e-06   0.000000e+00  -1.635854e-01  -3.697561e-01   0.000000e+00
   4.624736e-07   1.115512e-06   0.000000e+00  -1.541013e-01  -3.717008e-01   0.000000e+00
   4.337307e-07   1.120672e-06   0.000000e+00  -1.445239e-01  -3.734203e-01   0.000000e+00
   4.047211e-07   1.125143e-06   0.000000e+00  -1.348576e-01  -3.749102e-01   0.000000e+00
   3.754589e-07   1.128912e-06   0.000000e+00  -1.251071e-01  -3.761660e-01   0.000000e+00
   3.459588e-07   1.131965e-06   0.000000e+00  -1.152773e-01  -3.771835e-01   0.000000e+00
   3.162362e-07   1.134291e-06   0.000000e+00  -1.053734e-01  -3.779582e-01   0.000000e+00
   2.863070e-07   1.135874e-06   0.000000e+00  -9.540066e-02  -3.784860e-01   0.000000e+00
   2.561877e-07   1.136704e-06   0.000000e+00  -8.536459e-02  -3.787625e-01   0.000000e+00
   2.258957e-07   1.136767e-06   0.000000e+00  -7.527096e-02  -3.787835e-01   0.000000e+00
   1.954489e-07   1.136051e-06   0.000000e+00  -6.512576e-02  -3.785449e-01   0.000000e+00
   1.648661e-07   1.134544e-06   0.000000e+00  -5.493521e-02  -3.780425e-01   0.000000e+00
   1.341665e-07   1.132233e-06   0.000000e+00  -4.470577e-02  -3.772725e-01   0.000000e+00
   1.033704e-07   1.129107e-06   0.000000e+00  -3.444417e-02  -3.762309e-01   0.000000e+00
   7.249871e-08   1.125154e-06   0.000000e+00  -2.415738e-02  -3.749138e-01   0.000000e+00
   4.157309e-08   1.120364e-06   0.000000e+00  -1.385262e-02  -3.733176e-01   0.000000e+00
   1.061606e-08   1.114725e-06   0.000000e+00  -3.537390e-03  -3.714388e-01   0.000000e+00
  -2.034908e-08   1.108228e-06   0.000000e+00   6.780538e-03  -3.692738e-01   0.000000e+00
  -5.129820e-08   1.100862e-06   0.000000e+00   1.709313e-02  -3.668195e-01   0.000000e+00
  -8.220636e-08   1.092619e-06   0.000000e+00   2.739207e-02  -3.640727e-01   0.000000e+00
  -1.130478e-07   1.083489e-06   0.000000e+00   3.766877e-02  -3.610307e-01   0.000000e+00
  -1.437958e-07   1.073466e-06   0.000000e+00   4.791435e-02  -3.576906e-01   0.000000e+00
  -1.744229e-07   1.062540e-06   0.000000e+00   5.811966e-02  -3.540502e-01   0.000000e+00
  -2.049010e-07   1.050707e-06   0.000000e+00   6.827527e-02  -3.501071e-01   0.000000e+00
  -2.352007e-07   1.037959e-06   0.000000e+00   7.837147e-02  -3.458595e-01   0.000000e+00
  -2.652921e-07   1.024293e-06   0.000000e+00   8.839827e-02  -3.413057e-01   0.000000e+00
  -2.951445e-07   1.009704e-06   0.000000e+00   9.834541e-02  -3.364446e-01   0.000000e+00
  -3.247262e-07   9.941897e-07   0.000000e+00   1.082024e-01  -3.312751e-01   0.000000e+00
  -3.540051e-07   9.777482e-07   0.000000e+00   1.179584e-01  -3.257966e-01   0.000000e+00
  -3.829479e-07   9.603789e-07   0.000000e+00   1.276025e-01  -3.200089e-01   0.000000e+00
  -4.115209e-07   9.420824e-07   0.000000e+00   1.371233e-01  -3.139123e-01   0.000000e+00
  -4.396897e-07   9.228608e-07   0.000000e+00   1.465095e-01  -3.075074e-01   0.000000e+00
  -4.674192e-07   9.027174e-07   0.000000e+00   1.557493e-01  -3.007955e-01   0.000000e+00
  -4.946738e-07   8.816571e-07   0.000000e+00   1.648308e-01  -2.937779e-01   0.000000e+00
  -5.214176e-07   8.596864e-07   0.000000e+00   1.737421e-01  -2.864571e-01   0.000000e+00
  -5.476139e-07   8.368134e-07   0.000000e+00   1.824710e-01  -2.788355e-01   0.000000e+00
  -5.732259e-07   8.130477e-07   0.000000e+00   1.910052e-01  -2.709165e-01   0.000000e+00
  -5.982166e-07   7.884008e-07   0.000000e+00   1.993324e-01  -2.627039e-01   0.000000e+00
  -6.225487e-07   7.628862e-07   0.000000e+00   2.074401e-01  -2.542022e-01   0.000000e+00
  -6.461850e-07   7.365190e-07   0.000000e+00   2.153160e-01  -2.454163e-01   0.000000e+00
  -6.690882e-07   7.093165e-07   0.000000e+00   2.229476e-01  -2.363521e-01   0.000000e+00
  -6.912213e-07   6.812977e-07   0.000000e+00   2.303226e-01  -2.270160e-01   0.000000e+00
  -7.125477e-07   6.524838e-07   0.000000e+00   2.374288e-01  -2.174149e-01   0.000000e+00
  -7.330310e-07   6.228981e-07   0.000000e+00   2.442541e-01  -2.075566e-01   0.000000e+00
  -7.526356e-07   5.925658e-07   0.000000e+00   2.507865e-01  -1.974495e-01   0.000000e+00
  -7.713265e-07   5.615143e-07   0.000000e+00   2.570146e-01  -1.871028e-01   0.000000e+00
  -7.890697e-07   5.297729e-07   0.000000e+00   2.629268e-01  -1.765262e-01   0.000000e+00
  -8.058323e-07   4.973733e-07   0.000000e+00   2.685123e-01  -1.657303e-01   0.000000e+00
  -8.215823e-07   4.643488e-07   0.000000e+00   2.737603e-01  -1.547262e-01   0.000000e+00
  -8.362893e-07   4.307349e-07   0.000000e+00   2.786609e-01  -1.435256e-01   0.000000e+00
  -8.499245e-07   3.965690e-07   0.000000e+00   2.832043e-01  -1.321412e-01   0.000000e+00
  -8.624604e-07   3.618903e-07   0.000000e+00   2.873814e-01  -1.205859e-01   0.000000e+00
  -8.738717e-07   3.267398e-07   0.000000e+00   2.911838e-01  -1.088733e-01   0.000000e+00
  -8.841349e-07   2.911600e-07   0.000000e+00   2.946036e-01  -9.701774e-02   0.000000e+00
  -8.932284e-07   2.551951e-07   0.000000e+00   2.976336e-01  -8.503384e-02   0.000000e+00
  -9.011332e-07   2.188907e-07   0.000000e+00   3.002676e-01  -7.293680e-02   0.000000e+00
  -9.078324e-07   1.822934e-07   0.000000e+00   3.024998e-01  -6.074218e-02   0.000000e+00
  -9.133116e-07   1.454512e-07   0.000000e+00   3.043256e-01  -4.846595e-02   0.000000e+00
  -9.175588e-07   1.084128e-07   0.000000e+00   3.057408e-01  -3.612435e-02   0.000000e+00
  -9.205649e-07   7.122781e-08   0.000000e+00   3.067425e-01  -2.373390e-02   0.000000e+00
  -9.223232e-07   3.394627e-08   0.000000e+00   3.073283e-01  -1.131128e-02   0.000000e+00
  -9.228299e-07  -3.381318e-09   0.000000e+00   3.074972e-01   1.126693e-03   0.000000e+00
  -9.220838e-07  -4.070432e-08   0.000000e+00   3.072486e-01   1.356313e-02   0.000000e+00
  -9.200865e-07  -7.797210e-08   0.000000e+00   3.065831e-01   2.598117e-02   0.000000e+00
  -9.168424e-07  -1.151342e-07   0.000000e+00   3.055021e-01   3.836400e-02   0.000000e+00
  -9.123585e-07  -1.521407e-07   0.000000e+00   3.040080e-01   5.069497e-02   0.000000e+00
  -9.066445e-07  -1.889421e-07   0.000000e+00   3.021040e-01   6.295759e-02   0.000000e+00
  -8.997128e-07  -2.254897e-07   0.000000e+00   2.997943e-01   7.513567e-02   0.000000e+00
  -8.915781e-07  -2.617359e-07   0.000000e+00   2.970837e-01   8.721330e-02   0.000000e+00
  -8.822578e-07  -2.976340e-07   0.000000e+00   2.939781e-01   9.917497e-02   0.000000e+00
  -8.717713e-07  -3.331389e-07   0.000000e+00   2.904839e-01   1.110056e-01   0.000000e+00
  -8.601406e-07  -3.682065e-07   0.000000e+00   2.866084e-01   1.226905e-01   0.000000e+00
  -8.473894e-07  -4.027945e-07   0.000000e+00   2.823595e-01   1.342156e-01   0.000000e+00
  -8.335435e-07  -4.368623e-07   0.000000e+00   2.777460e-01   1.455674e-01   0.000000e+00
  -8.186306e-07  -4.703709e-07   0.000000e+00   2.727768e-01   1.567328e-01   0.000000e+00
  -8.026799e-07  -5.032833e-07   0.000000e+00   2.674618e-01   1.676996e-01   0.000000e+00
  -7.857220e-07  -5.355643e-07   0.000000e+00   2.618113e-01   1.784560e-01   0.000000e+00
  -7.677890e-07  -5.671808e-07   0.000000e+00   2.558358e-01   1.889909e-01   0.000000e+00
  -7.489141e-07  -5.981016e-07   0.000000e+00   2.495465e-01   1.992941e-01   0.000000e+00
  -7.291316e-07  -6.282976e-07   0.000000e+00   2.429548e-01   2.093557e-01   0.000000e+00
  -7.084766e-07  -6.577419e-07   0.000000e+00   2.360723e-01   2.191669e-01   0.000000e+00
  -6.869848e-07  -6.864095e-07   0.000000e+00   2.289110e-01   2.287193e-01   0.000000e+00
  -6.646926e-07  -7.142775e-07   0.000000e+00   2.214830e-01   2.380052e-01   0.000000e+00
  -6.416368e-07  -7.413251e-07   0.000000e+00   2.138005e-01   2.470177e-01   0.000000e+00
  -6.178546e-07  -7.675335e-07   0.000000e+00   2.058760e-01   2.557507e-01   0.000000e+00
  -5.933831e-07  -7.928858e-07   0.000000e+00   1.977218e-01   2.641984e-01   0.000000e+00
  -5.682597e-07  -8.173673e-07   0.000000e+00   1.893505e-01   2.723558e-01   0.000000e+00
  -5.425217e-07  -8.409647e-07   0.000000e+00   1.807742e-01   2.802188e-01   0.000000e+00
  -5.162060e-07  -8.636670e-07   0.000000e+00   1.720056e-01   2.877834e-01   0.000000e+00
  -4.893495e-07  -8.854647e-07   0.000000e+00   1.630567e-01   2.950467e-01   0.000000e+00
  -4.619887e-07  -9.063500e-07   0.000000e+00   1.539398e-01   3.020059e-01   0.000000e+00
  -4.341596e-07  -9.263167e-07   0.000000e+00   1.446668e-01   3.086590e-01   0.000000e+00
  -4.058977e-07  -9.453604e-07   0.000000e+00   1.352496e-01   3.150046e-01   0.000000e+00
  -3.772380e-07  -9.634777e-07   0.000000e+00   1.256999e-01   3.210415e-01   0.000000e+00
  -3.482149e-07  -9.806671e-07   0.000000e+00   1.160291e-01   3.267691e-01   0.000000e+00
  -3.188620e-07  -9.969279e-07   0.000000e+00   1.062484e-01   3.321875e-01   0.000000e+00
  -2.892123e-07  -1.012261e-06   0.000000e+00   9.636875e-02   3.372967e-01   0.000000e+00
  -2.592980e-07  -1.026669e-06   0.000000e+00   8.640098e-02   3.420974e-01   0.000000e+00
