Method       t0       tn       N         h
 Euler        0    1e+01  100000    0.0001

x  -  y  -  z  .........
  -2.883410e-06  -8.199914e-07   4.847779e-11   9.607842e-01   2.732302e-01  -1.615334e-05
  -2.823087e-06  -9.989245e-07   6.320186e-11   9.406838e-01   3.328527e-01  -2.105956e-05
  -2.751549e-06  -1.173889e-06   7.767483e-11   9.168468e-01   3.911529e-01  -2.588212e-05
  -2.669048e-06  -1.344176e-06   9.183827e-11   8.893564e-01   4.478943e-01  -3.060153e-05
  -2.575878e-06  -1.509089e-06   1.056346e-10   8.583113e-01   5.028454e-01  -3.519862e-05
  -2.472382e-06  -1.667952e-06   1.190074e-10   8.238251e-01   5.557803e-01  -3.965458e-05
  -2.358944e-06  -1.820108e-06   1.319016e-10   7.860262e-01   6.064802e-01  -4.395107e-05
  -2.235992e-06  -1.964923e-06   1.442638e-10   7.450573e-01   6.547340e-01  -4.807030e-05
  -2.103997e-06  -2.101790e-06   1.560425e-10   7.010751e-01   7.003397e-01  -5.199509e-05
  -1.963469e-06  -2.230133e-06   1.671883e-10   6.542496e-01   7.431050e-01  -5.570901e-05
  -1.814957e-06  -2.349407e-06   1.776543e-10   6.047638e-01   7.828484e-01  -5.919639e-05
  -1.659046e-06  -2.459103e-06   1.873960e-10   5.528127e-01   8.194003e-01  -6.244243e-05
  -1.496356e-06  -2.558749e-06   1.963719e-10   4.986025e-01   8.526037e-01  -6.543329e-05
  -1.327537e-06  -2.647915e-06   2.045434e-10   4.423501e-01   8.823148e-01  -6.815615e-05
  -1.153270e-06  -2.726213e-06   2.118754e-10   3.842822e-01   9.084043e-01  -7.059924e-05
  -9.742591e-07  -2.793298e-06   2.183360e-10   3.246339e-01   9.307578e-01  -7.275198e-05
  -7.912347e-07  -2.848874e-06   2.238970e-10   2.636482e-01   9.492764e-01  -7.460496e-05
  -6.049452e-07  -2.892693e-06   2.285340e-10   2.015745e-01   9.638774e-01  -7.615006e-05
  -4.161556e-07  -2.924557e-06   2.322264e-10   1.386677e-01   9.744947e-01  -7.738043e-05
  -2.256441e-07  -2.944318e-06   2.349579e-10   7.518712e-02   9.810794e-01  -7.829058e-05
  -3.419791e-08  -2.951882e-06   2.367160e-10   1.139512e-02   9.835998e-01  -7.887640e-05
   1.573900e-07  -2.947206e-06   2.374926e-10  -5.244408e-02   9.820418e-01  -7.913517e-05
   3.483247e-07  -2.930302e-06   2.372838e-10  -1.160657e-01   9.764091e-01  -7.906560e-05
   5.378135e-07  -2.901234e-06   2.360900e-10  -1.792054e-01   9.667232e-01  -7.866780e-05
   7.250690e-07  -2.860118e-06   2.339158e-10  -2.416010e-01   9.530232e-01  -7.794336e-05
   9.093136e-07  -2.807126e-06   2.307703e-10  -3.029934e-01   9.353656e-01  -7.689524e-05
   1.089783e-06  -2.742479e-06   2.266667e-10  -3.631277e-01   9.138243e-01  -7.552786e-05
   1.265729e-06  -2.666448e-06   2.216222e-10  -4.217549e-01   8.884901e-01  -7.384698e-05
   1.436424e-06  -2.579356e-06   2.156584e-10  -4.786325e-01   8.594702e-01  -7.185977e-05
   1.601165e-06  -2.481573e-06   2.088006e-10  -5.335261e-01   8.268875e-01  -6.957468e-05
   1.759276e-06  -2.373512e-06   2.010781e-10  -5.862102e-01   7.908805e-01  -6.700146e-05
   1.910109e-06  -2.255633e-06   1.925239e-10  -6.364696e-01   7.516020e-01  -6.415109e-05
   2.053052e-06  -2.128436e-06   1.831743e-10  -6.840998e-01   7.092186e-01  -6.103571e-05
   2.187527e-06  -1.992460e-06   1.730692e-10  -7.289083e-01   6.639098e-01  -5.766857e-05
   2.312994e-06  -1.848279e-06   1.622514e-10  -7.707154e-01   6.158672e-01  -5.406397e-05
   2.428956e-06  -1.696502e-06   1.507667e-10  -8.093550e-01   5.652933e-01  -5.023715e-05
   2.534954e-06  -1.537766e-06   1.386637e-10  -8.446748e-01   5.124007e-01  -4.620427e-05
   2.630578e-06  -1.372736e-06   1.259931e-10  -8.765376e-01   4.574108e-01  -4.198229e-05
   2.715460e-06  -1.202100e-06   1.128080e-10  -9.048214e-01   4.005531e-01  -3.758887e-05
   2.789281e-06  -1.026568e-06   9.916335e-11  -9.294196e-01   3.420637e-01  -3.304233e-05
   2.851771e-06  -8.468640e-07   8.511582e-11  -9.502417e-01   2.821845e-01  -2.836154e-05
   2.902705e-06  -6.637287e-07   7.072339e-11  -9.672137e-01   2.211618e-01  -2.356582e-05
   2.941911e-06  -4.779112e-07   5.604517e-11  -9.802775e-01   1.592453e-01  -1.867487e-05
   2.969264e-06  -2.901678e-07   4.114110e-11  -9.893917e-01   9.668713e-02  -1.370867e-05
   2.984689e-06  -1.012584e-07   2.607174e-11  -9.945314e-01   3.374041e-02  -8.687393e-06
   2.988159e-06   8.805701e-08   1.089793e-11  -9.956879e-01  -2.934157e-02  -3.631310e-06
   2.979699e-06   2.770212e-07  -4.319435e-12  -9.928687e-01  -9.230653e-02   1.439284e-06
   2.959377e-06   4.648830e-07  -1.951963e-11  -9.860974e-01  -1.549042e-01   6.504158e-06
   2.927313e-06   6.509006e-07  -3.464241e-11  -9.754131e-01  -2.168873e-01   1.154323e-05
   2.883669e-06   8.343438e-07  -4.962818e-11  -9.608705e-01  -2.780126e-01   1.653666e-05
   2.828654e-06   1.014497e-06  -6.441828e-11  -9.425388e-01  -3.380418e-01   2.146489e-05
   2.762519e-06   1.190663e-06  -7.895519e-11  -9.205019e-01  -3.967422e-01   2.630875e-05
   2.685558e-06   1.362164e-06  -9.318272e-11  -8.948578e-01  -4.538880e-01   3.104952e-05
   2.598105e-06   1.528342e-06  -1.070462e-10  -8.657175e-01  -5.092607e-01   3.566899e-05
   2.500533e-06   1.688569e-06  -1.204928e-10  -8.332052e-01  -5.626499e-01   4.014954e-05
   2.393249e-06   1.842238e-06  -1.334715e-10  -7.974571e-01  -6.138541e-01   4.447418e-05
   2.276698e-06   1.988773e-06  -1.459333e-10  -7.586209e-01  -6.626813e-01   4.862661e-05
   2.151355e-06   2.127629e-06  -1.578317e-10  -7.168552e-01  -7.089497e-01   5.259127e-05
   2.017726e-06   2.258292e-06  -1.691223e-10  -6.723288e-01  -7.524881e-01   5.635341e-05
   1.876348e-06   2.380281e-06  -1.797632e-10  -6.252200e-01  -7.931362e-01   5.989911e-05
   1.727780e-06   2.493151e-06  -1.897155e-10  -5.757156e-01  -8.307455e-01   6.321531e-05
   1.572609e-06   2.596491e-06  -1.989427e-10  -5.240106e-01  -8.651797e-01   6.628990e-05
   1.411439e-06   2.689929e-06  -2.074111e-10  -4.703072e-01  -8.963143e-01   6.911168e-05
   1.244898e-06   2.773131e-06  -2.150902e-10  -4.148139e-01  -9.240380e-01   7.167046e-05
   1.073629e-06   2.845800e-06  -2.219525e-10  -3.577450e-01  -9.482521e-01   7.395702e-05
   8.982887e-07   2.907680e-06  -2.279732e-10  -2.993198e-01  -9.688713e-01   7.596321e-05
   7.195487e-07   2.958555e-06  -2.331311e-10  -2.397616e-01  -9.858234e-01   7.768188e-05
   5.380891e-07   2.998249e-06  -2.374080e-10  -1.792973e-01  -9.990499e-01   7.910698e-05
   3.545986e-07   3.026627e-06  -2.407889e-10  -1.181562e-01  -1.008506e+00   8.023352e-05
   1.697712e-07   3.043596e-06  -2.432620e-10  -5.656963e-02  -1.014160e+00   8.105759e-05
  -1.569575e-08   3.049102e-06  -2.448190e-10   5.229998e-03  -1.015994e+00   8.157639e-05
  -2.011037e-07   3.043133e-06  -2.454547e-10   6.700998e-02  -1.014006e+00   8.178821e-05
  -3.857554e-07   3.025721e-06  -2.451673e-10   1.285380e-01  -1.008204e+00   8.169245e-05
  -5.689570e-07   2.996934e-06  -2.439582e-10   1.895828e-01  -9.986116e-01   8.128959e-05
  -7.500203e-07   2.956884e-06  -2.418324e-10   2.499151e-01  -9.852665e-01   8.058123e-05
  -9.282652e-07   2.905722e-06  -2.387977e-10   3.093083e-01  -9.682188e-01   7.957005e-05
  -1.103021e-06   2.843639e-06  -2.348655e-10   3.675389e-01  -9.475321e-01   7.825980e-05
  -1.273630e-06   2.770865e-06  -2.300503e-10   4.243876e-01  -9.232830e-01   7.665533e-05
  -1.439448e-06   2.687668e-06  -2.243698e-10   4.796401e-01  -8.955609e-01   7.476251e-05
  -1.599848e-06   2.594355e-06  -2.178447e-10   5.330870e-01  -8.644678e-01   7.258828e-05
  -1.754220e-06   2.491268e-06  -2.104989e-10   5.845256e-01  -8.301180e-01   7.014058e-05
  -1.901977e-06   2.378785e-06  -2.023593e-10   6.337597e-01  -7.926376e-01   6.742836e-05
  -2.042551e-06   2.257320e-06  -1.934555e-10   6.806007e-01  -7.521642e-01   6.446154e-05
  -2.175402e-06   2.127320e-06  -1.838203e-10   7.248682e-01  -7.088468e-01   6.125097e-05
  -2.300015e-06   1.989264e-06  -1.734890e-10   7.663904e-01  -6.628449e-01   5.780845e-05
  -2.415902e-06   1.843661e-06  -1.624994e-10   8.050052e-01  -6.143284e-01   5.414662e-05
  -2.522606e-06   1.691052e-06  -1.508923e-10   8.405603e-01  -5.634771e-01   5.027900e-05
  -2.619703e-06   1.532001e-06  -1.387105e-10   8.729141e-01  -5.104799e-01   4.621989e-05
  -2.706801e-06   1.367104e-06  -1.259994e-10   9.019361e-01  -4.555344e-01   4.198439e-05
  -2.783544e-06   1.196978e-06  -1.128062e-10   9.275078e-01  -3.988463e-01   3.758827e-05
  -2.849612e-06   1.022261e-06  -9.918043e-11   9.495225e-01  -3.406287e-01   3.304802e-05
  -2.904725e-06   8.436145e-07  -8.517339e-11   9.678866e-01  -2.811017e-01   2.838072e-05
  -2.948641e-06   6.617163e-07  -7.083804e-11   9.825197e-01  -2.204912e-01   2.360402e-05
  -2.981158e-06   4.772606e-07  -5.622891e-11   9.933550e-01  -1.590285e-01   1.873610e-05
  -3.002119e-06   2.909552e-07  -4.140184e-11   1.000340e+00  -9.694950e-02   1.379555e-05
  -3.011409e-06   1.035190e-07  -2.641383e-11   1.003435e+00  -3.449367e-02   8.801382e-06
  -3.008957e-06  -8.432051e-08  -1.132286e-11   1.002618e+00   2.809653e-02   3.772903e-06
  -2.994736e-06  -2.718298e-07   3.812367e-12   9.978792e-01   9.057672e-02  -1.270323e-06
  -2.968766e-06  -4.582723e-07   1.893261e-11   9.892256e-01   1.527014e-01  -6.308555e-06
  -2.931112e-06  -6.429109e-07   3.397831e-11   9.766790e-01   2.142251e-01  -1.132195e-05
  -2.881887e-06  -8.250110e-07   4.888983e-11   9.602767e-01   2.749028e-01  -1.629064e-05
  -2.821249e-06  -1.003844e-06   6.360772e-11   9.400715e-01   3.344918e-01  -2.119480e-05
  -2.749403e-06  -1.178688e-06   7.807288e-11   9.161317e-01   3.927518e-01  -2.601475e-05
  -2.666601e-06  -1.348834e-06   9.222688e-11   8.885412e-01   4.494466e-01  -3.073102e-05
  -2.573140e-06  -1.513589e-06   1.060122e-10   8.573989e-01   5.043447e-01  -3.532444e-05
  -2.469362e-06  -1.672274e-06   1.193724e-10   8.228188e-01   5.572204e-01  -3.977621e-05
  -2.355653e-06  -1.824234e-06   1.322525e-10   7.849298e-01   6.078551e-01  -4.406801e-05
  -2.232444e-06  -1.968836e-06   1.445992e-10   7.438750e-01   6.560381e-01  -4.818207e-05
  -2.100204e-06  -2.105474e-06   1.563610e-10   6.998114e-01   7.015674e-01  -5.210122e-05
  -1.959447e-06  -2.233572e-06   1.674886e-10   6.529095e-01   7.442511e-01  -5.580906e-05
  -1.810722e-06  -2.352587e-06   1.779350e-10   6.033525e-01   7.839081e-01  -5.928992e-05
  -1.654614e-06  -2.462010e-06   1.876560e-10   5.513357e-01   8.203690e-01  -6.252905e-05
  -1.491744e-06  -2.561371e-06   1.966100e-10   4.970658e-01   8.534771e-01  -6.551264e-05
  -1.322765e-06  -2.650240e-06   2.047587e-10   4.407599e-01   8.830893e-01  -6.822787e-05
  -1.148356e-06  -2.728230e-06   2.120669e-10   3.826449e-01   9.090764e-01  -7.066303e-05
  -9.692237e-07  -2.794999e-06   2.185028e-10   3.229561e-01   9.313246e-01  -7.280756e-05
  -7.860984e-07  -2.850251e-06   2.240384e-10   2.619367e-01   9.497354e-01  -7.465209e-05
  -5.997290e-07  -2.893741e-06   2.286494e-10   1.998364e-01   9.642265e-01  -7.618853e-05
  -4.108810e-07  -2.925270e-06   2.323154e-10   1.369101e-01   9.747324e-01  -7.741007e-05
  -2.203328e-07  -2.944693e-06   2.350200e-10   7.341734e-02   9.812044e-01  -7.831126e-05
  -2.887198e-08  -2.951917e-06   2.367509e-10   9.620465e-03   9.836116e-01  -7.888802e-05
   1.627085e-07  -2.946901e-06   2.375001e-10  -5.421627e-02   9.819402e-01  -7.913768e-05
   3.536137e-07  -2.929658e-06   2.372639e-10  -1.178280e-01   9.761946e-01  -7.905897e-05
   5.430510e-07  -2.900253e-06   2.360428e-10  -1.809506e-01   9.663965e-01  -7.865207e-05
   7.302334e-07  -2.858805e-06   2.338415e-10  -2.433219e-01   9.525856e-01  -7.791859e-05
   9.143833e-07  -2.805486e-06   2.306692e-10  -3.046827e-01   9.348190e-01  -7.686153e-05
   1.094737e-06  -2.740518e-06   2.265391e-10  -3.647784e-01   9.131711e-01  -7.548535e-05
   1.270547e-06  -2.664176e-06   2.214688e-10  -4.233602e-01   8.877329e-01  -7.379586e-05
   1.441086e-06  -2.576782e-06   2.154798e-10  -4.801858e-01   8.586122e-01  -7.180025e-05
   1.605652e-06  -2.478706e-06   2.085975e-10  -5.350210e-01   8.259325e-01  -6.950701e-05
   1.763569e-06  -2.370367e-06   2.008515e-10  -5.876407e-01   7.898325e-01  -6.692594e-05
   1.914191e-06  -2.252222e-06   1.922746e-10  -6.378297e-01   7.504653e-01  -6.406803e-05
   2.056906e-06  -2.124774e-06   1.829035e-10  -6.853840e-01   7.079982e-01  -6.094547e-05
   2.191138e-06  -1.988562e-06   1.727780e-10  -7.301114e-01   6.626108e-01  -5.757154e-05
   2.316348e-06  -1.844161e-06   1.619410e-10  -7.718327e-01   6.144950e-01  -5.396055e-05
   2.432038e-06  -1.692182e-06   1.504385e-10  -8.103820e-01   5.638538e-01  -5.012779e-05
   2.537753e-06  -1.533262e-06   1.383190e-10  -8.456076e-01   5.108998e-01  -4.608942e-05
   2.633083e-06  -1.368066e-06   1.256334e-10  -8.773725e-01   4.558549e-01  -4.186243e-05
   2.717662e-06  -1.197285e-06   1.124347e-10  -9.055552e-01   3.989486e-01  -3.746450e-05
   2.791172e-06  -1.021627e-06   9.877815e-11  -9.300496e-01   3.404173e-01  -3.291398e-05
   2.853343e-06  -8.418177e-07   8.472025e-11  -9.507657e-01   2.805030e-01  -2.822973e-05
   2.903954e-06  -6.585977e-07   7.031908e-11  -9.676297e-01   2.194521e-01  -2.343110e-05
   2.942832e-06  -4.727164e-07   5.563376e-11  -9.805843e-01   1.575144e-01  -1.853779e-05
   2.969854e-06  -2.849303e-07   4.072429e-11  -9.895883e-01   9.494196e-02  -1.356978e-05
   2.984947e-06  -9.599937e-08   2.565120e-11  -9.946174e-01   3.198806e-02  -8.547264e-06
   2.988085e-06   9.331645e-08   1.047535e-11  -9.956632e-01  -3.109408e-02  -3.490503e-06
   2.979294e-06   2.822601e-07  -4.742352e-12  -9.927338e-01  -9.405219e-02   1.580204e-06
   2.958644e-06   4.700807e-07  -1.994121e-11  -9.858531e-01  -1.566361e-01   6.644632e-06
   2.926256e-06   6.560365e-07  -3.506098e-11  -9.750609e-01  -2.185986e-01   1.168271e-05
   2.882293e-06   8.393978e-07  -5.004210e-11  -9.604119e-01  -2.796967e-01   1.667458e-05
   2.826965e-06   1.019450e-06  -6.482594e-11  -9.419760e-01  -3.396920e-01   2.160072e-05
   2.760525e-06   1.195495e-06  -7.935500e-11  -9.198375e-01  -3.983523e-01   2.644197e-05
   2.683268e-06   1.366856e-06  -9.357314e-11  -8.940947e-01  -4.554517e-01   3.117961e-05
   2.595529e-06   1.532878e-06  -1.074258e-10  -8.648590e-01  -5.107721e-01   3.579546e-05
   2.497681e-06   1.692930e-06  -1.208600e-10  -8.322549e-01  -5.641032e-01   4.027190e-05
   2.390133e-06   1.846409e-06  -1.338250e-10  -7.964189e-01  -6.152439e-01   4.459197e-05
   2.273331e-06   1.992738e-06  -1.462718e-10  -7.574991e-01  -6.640025e-01   4.873939e-05
   2.147751e-06   2.131373e-06  -1.581539e-10  -7.156544e-01  -7.101973e-01   5.269862e-05
   2.013900e-06   2.261802e-06  -1.694269e-10  -6.710538e-01  -7.536574e-01   5.645493e-05
   1.872314e-06   2.383543e-06  -1.800493e-10  -6.238758e-01  -7.942230e-01   5.999442e-05
   1.723555e-06   2.496153e-06  -1.899819e-10  -5.743076e-01  -8.317459e-01   6.330407e-05
   1.568208e-06   2.599223e-06  -1.991884e-10  -5.225443e-01  -8.660900e-01   6.637178e-05
   1.406881e-06   2.692381e-06  -2.076353e-10  -4.687883e-01  -8.971313e-01   6.918639e-05
   1.240200e-06   2.775294e-06  -2.152921e-10  -4.132483e-01  -9.247587e-01   7.173772e-05
   1.068808e-06   2.847666e-06  -2.221312e-10  -3.561387e-01  -9.488741e-01   7.401660e-05
   8.933645e-07   2.909243e-06  -2.281283e-10  -2.976790e-01  -9.693922e-01   7.601488e-05
   7.145396e-07   2.959810e-06  -2.332620e-10  -2.380925e-01  -9.862415e-01   7.772548e-05
   5.330143e-07   2.999191e-06  -2.375141e-10  -1.776063e-01  -9.993638e-01   7.914234e-05
   3.494772e-07   3.027253e-06  -2.408699e-10  -1.164497e-01  -1.008714e+00   8.026052e-05
   1.646226e-07   3.043904e-06  -2.433177e-10  -5.485408e-02  -1.014262e+00   8.107614e-05
  -2.085208e-08   3.049091e-06  -2.448491e-10   6.948146e-03  -1.015991e+00   8.158643e-05
  -2.062484e-07   3.042804e-06  -2.454591e-10   6.872426e-02  -1.013896e+00   8.178971e-05
  -3.908691e-07   3.025074e-06  -2.451461e-10   1.302419e-01  -1.007988e+00   8.168540e-05
  -5.740206e-07   2.995972e-06  -2.439115e-10   1.912700e-01  -9.982912e-01   8.127402e-05
  -7.550148e-07   2.955611e-06  -2.417603e-10   2.515793e-01  -9.848425e-01   8.055721e-05
  -9.331717e-07   2.904143e-06  -2.387005e-10   3.109432e-01  -9.676928e-01   7.953766e-05
  -1.107821e-06   2.841760e-06  -2.347436e-10   3.691383e-01  -9.469059e-01   7.821916e-05
  -1.278306e-06   2.768692e-06  -2.299041e-10   4.259456e-01  -9.225591e-01   7.660659e-05
  -1.443981e-06   2.685210e-06  -2.241998e-10   4.811506e-01  -8.947419e-01   7.470586e-05
  -1.604222e-06   2.591621e-06  -2.176516e-10   5.345445e-01  -8.635567e-01   7.252391e-05
  -1.758418e-06   2.488267e-06  -2.102833e-10   5.859244e-01  -8.291182e-01   7.006874e-05
  -1.905983e-06   2.375529e-06  -2.021220e-10   6.350945e-01  -7.915526e-01   6.734931e-05
  -2.046350e-06   2.253821e-06  -1.931975e-10   6.818664e-01  -7.509981e-01   6.437556e-05
  -2.178979e-06   2.123590e-06  -1.835425e-10   7.260599e-01  -7.076039e-01   6.115838e-05
  -2.303355e-06   1.985317e-06  -1.731923e-10   7.675035e-01  -6.615298e-01   5.770959e-05
  -2.418993e-06   1.839513e-06  -1.621850e-10   8.060353e-01  -6.129460e-01   5.404186e-05
  -2.525436e-06   1.686716e-06  -1.505614e-10   8.415033e-01  -5.620325e-01   5.016872e-05
  -2.622260e-06   1.527495e-06  -1.383642e-10   8.737662e-01  -5.089784e-01   4.610450e-05
  -2.709075e-06   1.362444e-06  -1.256390e-10   9.026939e-01  -4.539816e-01   4.186432e-05
  -2.785526e-06   1.192181e-06  -1.124331e-10   9.281680e-01  -3.972481e-01   3.746397e-05
  -2.851293e-06   1.017347e-06  -9.879609e-11   9.500825e-01  -3.389912e-01   3.291995e-05
  -2.906098e-06   8.386005e-07  -8.477920e-11   9.683440e-01  -2.794310e-01   2.824937e-05
  -2.949699e-06   6.566217e-07  -7.043551e-11   9.828724e-01  -2.187936e-01   2.346989e-05
  -2.981897e-06   4.721050e-07  -5.581956e-11   9.936013e-01  -1.573106e-01   1.859970e-05
  -3.002536e-06   2.857584e-07  -4.098724e-11   1.000478e+00  -9.521787e-02   1.365740e-05
  -3.011500e-06   9.830112e-08  -2.599558e-11   1.003465e+00  -3.275503e-02   8.662017e-06
  -3.008721e-06  -8.953913e-08  -1.090259e-11   1.002539e+00   2.983543e-02   3.632863e-06
  -2.994173e-06  -2.770288e-07   4.233026e-12   9.976915e-01   9.230906e-02  -1.410491e-06
  -2.967877e-06  -4.634311e-07   1.935200e-11   9.889294e-01   1.544204e-01  -6.448301e-06
  -2.929900e-06  -6.480090e-07   3.439478e-11   9.762751e-01   2.159238e-01  -1.146072e-05
  -2.880355e-06  -8.300282e-07   4.930172e-11   9.597663e-01   2.765746e-01  -1.642788e-05
  -2.819403e-06  -1.008760e-06   6.401338e-11   9.394563e-01   3.361299e-01  -2.132997e-05
  -2.747249e-06  -1.183483e-06   7.847068e-11   9.154139e-01   3.943496e-01  -2.614730e-05
  -2.664147e-06  -1.353489e-06   9.261521e-11   8.877232e-01   4.509975e-01  -3.086042e-05
  -2.570394e-06  -1.518084e-06   1.063895e-10   8.564838e-01   5.058424e-01  -3.545015e-05
  -2.466334e-06  -1.676591e-06   1.197371e-10   8.218100e-01   5.586588e-01  -3.989772e-05
  -2.352356e-06  -1.828355e-06   1.326031e-10   7.838310e-01   6.092282e-01  -4.418482e-05
  -2.228888e-06  -1.972744e-06   1.449342e-10   7.426903e-01   6.573400e-01  -4.829369e-05
  -2.096405e-06  -2.109152e-06   1.566790e-10   6.985455e-01   7.027928e-01  -5.220719e-05
  -1.955419e-06  -2.237005e-06   1.677883e-10   6.515673e-01   7.453948e-01  -5.590892e-05
  -1.806480e-06  -2.355759e-06   1.782151e-10   6.019393e-01   7.849652e-01  -5.938327e-05
  -1.650176e-06  -2.464909e-06   1.879154e-10   5.498570e-01   8.213350e-01  -6.261548e-05
  -1.487128e-06  -2.563984e-06   1.968475e-10   4.955275e-01   8.543479e-01  -6.559177e-05
  -1.317988e-06  -2.652556e-06   2.049733e-10   4.391683e-01   8.838610e-01  -6.829938e-05
  -1.143438e-06  -2.730238e-06   2.122576e-10   3.810063e-01   9.097457e-01  -7.072660e-05
  -9.641852e-07  -2.796691e-06   2.186689e-10   3.212772e-01   9.318885e-01  -7.286291e-05
  -7.809596e-07  -2.851620e-06   2.241792e-10   2.602244e-01   9.501914e-01  -7.469899e-05
  -5.945109e-07  -2.894779e-06   2.287642e-10   1.980976e-01   9.645726e-01  -7.622676e-05
  -4.056051e-07  -2.925974e-06   2.324036e-10   1.351521e-01   9.749669e-01  -7.743946e-05
  -2.150209e-07  -2.945059e-06   2.350813e-10   7.164734e-02   9.813263e-01  -7.833168e-05
  -2.354596e-08  -2.951943e-06   2.367850e-10   7.845776e-03   9.836202e-01  -7.889938e-05
   1.680265e-07  -2.946587e-06   2.375069e-10  -5.598829e-02   9.818355e-01  -7.913993e-05
   3.589016e-07  -2.929005e-06   2.372433e-10  -1.195900e-01   9.759769e-01  -7.905209e-05
   5.482869e-07  -2.899263e-06   2.359948e-10  -1.826953e-01   9.660667e-01  -7.863609e-05
   7.353954e-07  -2.857483e-06   2.337664e-10  -2.450419e-01   9.521450e-01  -7.789356e-05
   9.194501e-07  -2.803837e-06   2.305673e-10  -3.063710e-01   9.342695e-01  -7.682758e-05
   1.099687e-06  -2.738549e-06   2.264108e-10  -3.664280e-01   9.125149e-01  -7.544260e-05
   1.275360e-06  -2.661895e-06   2.213147e-10  -4.249642e-01   8.869729e-01  -7.374450e-05
   1.445743e-06  -2.574199e-06   2.153004e-10  -4.817376e-01   8.577516e-01  -7.174050e-05
   1.610133e-06  -2.475832e-06   2.083938e-10  -5.365142e-01   8.249748e-01  -6.943913e-05
   1.767856e-06  -2.367214e-06   2.006242e-10  -5.890692e-01   7.887818e-01  -6.685021e-05
   1.918267e-06  -2.248803e-06   1.920247e-10  -6.391877e-01   7.493263e-01  -6.398478e-05
   2.060754e-06  -2.121104e-06   1.826321e-10  -6.866660e-01   7.067754e-01  -6.085505e-05
   2.194742e-06  -1.984657e-06   1.724862e-10  -7.313123e-01   6.613096e-01  -5.747433e-05
   2.319693e-06  -1.840037e-06   1.616302e-10  -7.729476e-01   6.131209e-01  -5.385696e-05
   2.435112e-06  -1.687856e-06   1.501098e-10  -8.114065e-01   5.624124e-01  -5.001826e-05
   2.540545e-06  -1.528753e-06   1.379739e-10  -8.465376e-01   5.093973e-01  -4.597442e-05
   2.635580e-06  -1.363393e-06   1.252732e-10  -8.782046e-01   4.542975e-01  -4.174244e-05
   2.719856e-06  -1.192466e-06   1.120612e-10  -9.062862e-01   3.973429e-01  -3.734002e-05
   2.793054e-06  -1.016682e-06   9.839264e-11  -9.306767e-01   3.387699e-01  -3.278552e-05
   2.854907e-06  -8.367687e-07   8.432442e-11  -9.512867e-01   2.788206e-01  -2.809783e-05
   2.905194e-06  -6.534646e-07   6.991454e-11  -9.680428e-01   2.177417e-01  -2.329630e-05
   2.943743e-06  -4.675202e-07   5.522219e-11  -9.808880e-01   1.557829e-01  -1.840065e-05
   2.970435e-06  -2.796920e-07   4.030734e-11  -9.897819e-01   9.319648e-02  -1.343085e-05
   2.985195e-06  -9.074008e-08   2.523058e-11  -9.947002e-01   3.023560e-02  -8.407108e-06
   2.988002e-06   9.857560e-08   1.005274e-11  -9.956354e-01  -3.284649e-02  -3.349686e-06
   2.978880e-06   2.874981e-07  -5.165253e-12  -9.925958e-01  -9.579757e-02   1.721120e-06
   2.957902e-06   4.752769e-07  -2.036272e-11  -9.856059e-01  -1.583675e-01   6.785086e-06
   2.925189e-06   6.611704e-07  -3.547944e-11  -9.747056e-01  -2.203093e-01   1.182214e-05
   2.880907e-06   8.444493e-07  -5.045587e-11  -9.599504e-01  -2.813799e-01   1.681245e-05
   2.825267e-06   1.024399e-06  -6.523340e-11  -9.414104e-01  -3.413412e-01   2.173649e-05
   2.758523e-06   1.200324e-06  -7.975457e-11  -9.191704e-01  -3.999611e-01   2.657511e-05
   2.680970e-06   1.371545e-06  -9.396328e-11  -8.933289e-01  -4.570141e-01   3.130961e-05
   2.592944e-06   1.537410e-06  -1.078050e-10  -8.639979e-01  -5.122819e-01   3.592182e-05
   2.494821e-06   1.697287e-06  -1.212269e-10  -8.313020e-01  -5.655549e-01   4.039415e-05
   2.387010e-06   1.850574e-06  -1.341781e-10  -7.953783e-01  -6.166319e-01   4.470963e-05
   2.269957e-06   1.996697e-06  -1.466098e-10  -7.563750e-01  -6.653217e-01   4.885203e-05
   2.144140e-06   2.135111e-06  -1.584756e-10  -7.144514e-01  -7.114427e-01   5.280581e-05
   2.010067e-06   2.265304e-06  -1.697311e-10  -6.697767e-01  -7.548245e-01   5.655628e-05
   1.868274e-06   2.386798e-06  -1.803348e-10  -6.225297e-01  -7.953075e-01   6.008956e-05
   1.719324e-06   2.499148e-06  -1.902477e-10  -5.728979e-01  -8.327439e-01   6.339264e-05
   1.563803e-06   2.601947e-06  -1.994335e-10  -5.210764e-01  -8.669978e-01   6.645346e-05
   1.402318e-06   2.694825e-06  -2.078589e-10  -4.672680e-01  -8.979456e-01   6.926089e-05
   1.235497e-06   2.777449e-06  -2.154933e-10  -4.116814e-01  -9.254767e-01   7.180477e-05
   1.063984e-06   2.849525e-06  -2.223094e-10  -3.545314e-01  -9.494932e-01   7.407595e-05
   8.884377e-07   2.910798e-06  -2.282827e-10  -2.960373e-01  -9.699103e-01   7.606634e-05
   7.095285e-07   2.961056e-06  -2.333921e-10  -2.364228e-01  -9.866568e-01   7.776884e-05
   5.279380e-07   3.000124e-06  -2.376195e-10  -1.759148e-01  -9.996748e-01   7.917747e-05
   3.443549e-07   3.027871e-06  -2.409502e-10  -1.147429e-01  -1.008920e+00   8.028729e-05
   1.594736e-07   3.044203e-06  -2.433726e-10  -5.313837e-02  -1.014362e+00   8.109446e-05
  -2.600836e-08   3.049071e-06  -2.448785e-10   8.666273e-03  -1.015984e+00   8.159623e-05
  -2.113925e-07   3.042465e-06  -2.454629e-10   7.043834e-02  -1.013783e+00   8.179097e-05
  -3.959818e-07   3.024418e-06  -2.451242e-10   1.319455e-01  -1.007770e+00   8.167811e-05
  -5.790826e-07   2.995002e-06  -2.438641e-10   1.929567e-01  -9.979680e-01   8.125822e-05
  -7.600071e-07   2.954330e-06  -2.416875e-10   2.532428e-01  -9.844157e-01   8.053295e-05
  -9.380754e-07   2.902556e-06  -2.386026e-10   3.125772e-01  -9.671639e-01   7.950503e-05
  -1.112618e-06   2.839873e-06  -2.346209e-10   3.707367e-01  -9.462771e-01   7.817830e-05
  -1.282977e-06   2.766512e-06  -2.297572e-10   4.275023e-01  -9.218325e-01   7.655763e-05
  -1.448511e-06   2.682745e-06  -2.240291e-10   4.826598e-01  -8.939203e-01   7.464899e-05
  -1.608591e-06   2.588879e-06  -2.174578e-10   5.360004e-01  -8.626431e-01   7.245934e-05
  -1.762611e-06   2.485259e-06  -2.100671e-10   5.873216e-01  -8.281159e-01   6.999669e-05
  -1.909983e-06   2.372266e-06  -2.018842e-10   6.364275e-01  -7.904654e-01   6.727006e-05
  -2.050142e-06   2.250315e-06  -1.929389e-10   6.831302e-01  -7.498299e-01   6.428939e-05
  -2.182549e-06   2.119854e-06  -1.832641e-10   7.272495e-01  -7.063590e-01   6.106562e-05
  -2.306689e-06   1.981365e-06  -1.728951e-10   7.686143e-01  -6.602128e-01   5.761056e-05
  -2.422077e-06   1.835358e-06  -1.618702e-10   8.070630e-01  -6.115618e-01   5.393694e-05
  -2.528258e-06   1.682375e-06  -1.502300e-10   8.424437e-01  -5.605862e-01   5.005829e-05
  -2.624810e-06   1.522985e-06  -1.380175e-10   8.746157e-01  -5.074754e-01   4.598898e-05
  -2.711341e-06   1.357781e-06  -1.252783e-10   9.034490e-01  -4.524275e-01   4.174412e-05
  -2.787499e-06   1.187382e-06  -1.120598e-10   9.288256e-01  -3.956488e-01   3.733956e-05
  -2.852965e-06   1.012429e-06  -9.841146e-11   9.506397e-01  -3.373526e-01   3.279179e-05
  -2.907462e-06   8.335839e-07  -8.438477e-11   9.687985e-01  -2.777594e-01   2.811794e-05
  -2.950749e-06   6.515252e-07  -7.003277e-11   9.832222e-01  -2.170954e-01   2.333570e-05
  -2.982628e-06   4.669480e-07  -5.541004e-11   9.938446e-01  -1.555922e-01   1.846324e-05
  -3.002943e-06   2.805608e-07  -4.057252e-11   1.000614e+00  -9.348596e-02   1.351921e-05
  -3.011582e-06   9.308297e-08  -2.557726e-11   1.003492e+00  -3.101628e-02   8.522627e-06
  -3.008475e-06  -9.475747e-08  -1.048228e-11   1.002457e+00   3.157424e-02   3.492813e-06
  -2.993600e-06  -2.822269e-07   4.653671e-12   9.975008e-01   9.404112e-02  -1.550655e-06
  -2.966979e-06  -4.685884e-07   1.977133e-11   9.886302e-01   1.561389e-01  -6.588028e-06
  -2.928678e-06  -6.531052e-07   3.481114e-11   9.758682e-01   2.176219e-01  -1.159946e-05
  -2.878815e-06  -8.350428e-07   4.971346e-11   9.592530e-01   2.782455e-01  -1.656508e-05
  -2.817548e-06  -1.013672e-06   6.441885e-11   9.388382e-01   3.377669e-01  -2.146507e-05
  -2.745086e-06  -1.188274e-06   7.886824e-11   9.146932e-01   3.959461e-01  -2.627977e-05
  -2.661684e-06  -1.358139e-06   9.300325e-11   8.869025e-01   4.525470e-01  -3.098972e-05
  -2.567640e-06  -1.522574e-06   1.067664e-10   8.555660e-01   5.073385e-01  -3.557575e-05
  -2.463299e-06  -1.680903e-06   1.201014e-10   8.207985e-01   5.600954e-01  -4.001911e-05
  -2.349050e-06  -1.832470e-06   1.329532e-10   7.827297e-01   6.105993e-01  -4.430149e-05
  -2.225326e-06  -1.976645e-06   1.452687e-10   7.415034e-01   6.586400e-01  -4.840516e-05
  -2.092600e-06  -2.112823e-06   1.569966e-10   6.972775e-01   7.040161e-01  -5.231300e-05
  -1.951385e-06  -2.240430e-06   1.680875e-10   6.502231e-01   7.465362e-01  -5.600861e-05
  -1.802233e-06  -2.358925e-06   1.784947e-10   6.005241e-01   7.860199e-01  -5.947642e-05
  -1.645733e-06  -2.467800e-06   1.881741e-10   5.483766e-01   8.222985e-01  -6.270171e-05
  -1.482507e-06  -2.566589e-06   1.970844e-10   4.939877e-01   8.552159e-01  -6.567070e-05
  -1.313207e-06  -2.654863e-06   2.051872e-10   4.375753e-01   8.846299e-01  -6.837067e-05
  -1.138517e-06  -2.732238e-06   2.124477e-10   3.793665e-01   9.104121e-01  -7.078994e-05
  -9.591437e-07  -2.798374e-06   2.188343e-10   3.195973e-01   9.324494e-01  -7.291803e-05
  -7.758183e-07  -2.852979e-06   2.243192e-10   2.585113e-01   9.506443e-01  -7.474564e-05
  -5.892909e-07  -2.895808e-06   2.288782e-10   1.963583e-01   9.649155e-01  -7.626474e-05
  -4.003279e-07  -2.926668e-06   2.324911e-10   1.333937e-01   9.751983e-01  -7.746861e-05
  -2.097082e-07  -2.945415e-06   2.351418e-10   6.987710e-02   9.814451e-01  -7.835186e-05
  -1.821987e-08  -2.951960e-06   2.368183e-10   6.071062e-03   9.836258e-01  -7.891050e-05
   1.733439e-07  -2.946263e-06   2.375129e-10  -5.776012e-02   9.817277e-01  -7.914192e-05
   3.641884e-07  -2.928342e-06   2.372219e-10  -1.213516e-01   9.757561e-01  -7.904496e-05
   5.535209e-07  -2.898264e-06   2.359461e-10  -1.844393e-01   9.657338e-01  -7.861986e-05
   7.405550e-07  -2.856152e-06   2.336906e-10  -2.467611e-01   9.517014e-01  -7.786829e-05
   9.245139e-07  -2.802178e-06   2.304646e-10  -3.080583e-01   9.337170e-01  -7.679337e-05
   1.104634e-06  -2.736571e-06   2.262818e-10  -3.680764e-01   9.118558e-01  -7.539961e-05
   1.280170e-06  -2.659605e-06   2.211598e-10  -4.265668e-01   8.862100e-01  -7.369291e-05
   1.450395e-06  -2.571607e-06   2.151204e-10  -4.832879e-01   8.568881e-01  -7.168052e-05
   1.614609e-06  -2.472950e-06   2.081894e-10  -5.380058e-01   8.240145e-01  -6.937102e-05
   1.772137e-06  -2.364053e-06   2.003963e-10  -5.904959e-01   7.877287e-01  -6.677426e-05
   1.922336e-06  -2.245378e-06   1.917743e-10  -6.405437e-01   7.481848e-01  -6.390131e-05
   2.064594e-06  -2.117428e-06   1.823601e-10  -6.879458e-01   7.055505e-01  -6.076442e-05
   2.198338e-06  -1.980745e-06   1.721939e-10  -7.325108e-01   6.600063e-01  -5.737693e-05
   2.323032e-06  -1.835908e-06   1.613188e-10  -7.740600e-01   6.117448e-01  -5.375320e-05
   2.438179e-06  -1.683525e-06   1.497807e-10  -8.124284e-01   5.609693e-01  -4.990858e-05
   2.543328e-06  -1.524239e-06   1.376283e-10  -8.474651e-01   5.078932e-01  -4.585928e-05
   2.638069e-06  -1.358715e-06   1.249127e-10  -8.790340e-01   4.527388e-01  -4.162231e-05
   2.722041e-06  -1.187643e-06   1.116872e-10  -9.070143e-01   3.957359e-01  -3.721542e-05
   2.794928e-06  -1.011735e-06   9.800683e-11  -9.313009e-01   3.371214e-01  -3.265696e-05
   2.856462e-06  -8.317171e-07   8.392832e-11  -9.518047e-01   2.771374e-01  -2.796585e-05
   2.906424e-06  -6.483295e-07   6.950979e-11  -9.684528e-01   2.160306e-01  -2.316143e-05
   2.944646e-06  -4.623225e-07   5.481044e-11  -9.811887e-01   1.540510e-01  -1.826345e-05
   2.971006e-06  -2.744528e-07   3.989027e-11  -9.899723e-01   9.145072e-02  -1.329188e-05
   2.985435e-06  -8.548050e-08   2.480988e-11  -9.947800e-01   2.848305e-02  -8.266926e-06
   2.987909e-06   1.038345e-07   9.630105e-12  -9.956046e-01  -3.459879e-02  -3.208858e-06
   2.978457e-06   2.927353e-07  -5.588139e-12  -9.924548e-01  -9.754265e-02   1.862030e-06
   2.957151e-06   4.804716e-07  -2.078418e-11  -9.853556e-01  -1.600985e-01   6.925518e-06
   2.924114e-06   6.663023e-07  -3.589779e-11  -9.743473e-01  -2.220193e-01   1.196154e-05
   2.879514e-06   8.494983e-07  -5.086948e-11  -9.594859e-01  -2.830623e-01   1.695028e-05
   2.823561e-06   1.029346e-06  -6.564066e-11  -9.408419e-01  -3.429894e-01   2.187220e-05
   2.756512e-06   1.205148e-06  -8.015390e-11  -9.185004e-01  -4.015688e-01   2.670817e-05
   2.678663e-06   1.376230e-06  -9.435314e-11  -8.925604e-01  -4.585750e-01   3.143951e-05
   2.590352e-06   1.541936e-06  -1.081839e-10  -8.631341e-01  -5.137902e-01   3.604807e-05
   2.491954e-06   1.701639e-06  -1.215934e-10  -8.303467e-01  -5.670048e-01   4.051627e-05
   2.383880e-06   1.854734e-06  -1.345308e-10  -7.943353e-01  -6.180181e-01   4.482716e-05
   2.266577e-06   2.000650e-06  -1.469474e-10  -7.552487e-01  -6.666388e-01   4.896452e-05
   2.140524e-06   2.138842e-06  -1.587968e-10  -7.132463e-01  -7.126860e-01   5.291285e-05
   2.006229e-06   2.268800e-06  -1.700348e-10  -6.684976e-01  -7.559894e-01   5.665747e-05
   1.864229e-06   2.390045e-06  -1.806198e-10  -6.211818e-01  -7.963897e-01   6.018452e-05
   1.715088e-06   2.502136e-06  -1.905129e-10  -5.714865e-01  -8.337394e-01   6.348103e-05
   1.559393e-06   2.604664e-06  -1.996781e-10  -5.196071e-01  -8.679030e-01   6.653495e-05
   1.397752e-06   2.697261e-06  -2.080819e-10  -4.657463e-01  -8.987574e-01   6.933518e-05
   1.230792e-06   2.779595e-06  -2.156939e-10  -4.101134e-01  -9.261920e-01   7.187160e-05
   1.059157e-06   2.851374e-06  -2.224869e-10  -3.529230e-01  -9.501096e-01   7.413509e-05
   8.835083e-07   2.912345e-06  -2.284365e-10  -2.943948e-01  -9.704256e-01   7.611757e-05
   7.045154e-07   2.962294e-06  -2.335216e-10  -2.347523e-01  -9.870691e-01   7.781198e-05
   5.228601e-07   3.001049e-06  -2.377243e-10  -1.742228e-01  -9.999828e-01   7.921237e-05
   3.392315e-07   3.028479e-06  -2.410299e-10  -1.130357e-01  -1.009123e+00   8.031382e-05
   1.543241e-07   3.044493e-06  -2.434269e-10  -5.142251e-02  -1.014459e+00   8.111254e-05
  -3.116456e-08   3.049042e-06  -2.449072e-10   1.038438e-02  -1.015975e+00   8.160580e-05
  -2.165360e-07   3.042118e-06  -2.454660e-10   7.215221e-02  -1.013668e+00   8.179198e-05
  -4.010933e-07   3.023754e-06  -2.451016e-10   1.336487e-01  -1.007548e+00   8.167058e-05
  -5.841428e-07   2.994023e-06  -2.438160e-10   1.946429e-01  -9.976418e-01   8.124218e-05
  -7.649971e-07   2.953041e-06  -2.416140e-10   2.549055e-01  -9.839860e-01   8.050846e-05
  -9.429765e-07   2.900961e-06  -2.385040e-10   3.142102e-01  -9.666323e-01   7.947218e-05
  -1.117412e-06   2.837977e-06  -2.344976e-10   3.723340e-01  -9.456454e-01   7.813721e-05
  -1.287646e-06   2.764323e-06  -2.296096e-10   4.290578e-01  -9.211032e-01   7.650845e-05
  -1.453036e-06   2.680271e-06  -2.238578e-10   4.841676e-01  -8.930961e-01   7.459190e-05
  -1.612956e-06   2.586129e-06  -2.172633e-10   5.374548e-01  -8.617270e-01   7.239455e-05
  -1.766799e-06   2.482244e-06  -2.098503e-10   5.887170e-01  -8.271112e-01   6.992445e-05
  -1.913978e-06   2.368996e-06  -2.016458e-10   6.377587e-01  -7.893758e-01   6.719061e-05
  -2.053929e-06   2.246802e-06  -1.926798e-10   6.843919e-01  -7.486595e-01   6.420304e-05
  -2.186112e-06   2.116112e-06  -1.829851e-10   7.284369e-01  -7.051120e-01   6.097267e-05
  -2.310016e-06   1.977407e-06  -1.725974e-10   7.697229e-01  -6.588938e-01   5.751137e-05
  -2.425154e-06   1.831199e-06  -1.615548e-10   8.080883e-01  -6.101758e-01   5.383186e-05
  -2.531073e-06   1.678030e-06  -1.498981e-10   8.433817e-01  -5.591382e-01   4.994771e-05
  -2.627351e-06   1.518469e-06  -1.376704e-10   8.754626e-01  -5.059709e-01   4.587332e-05
  -2.713599e-06   1.353113e-06  -1.249172e-10   9.042014e-01  -4.508721e-01   4.162381e-05
  -2.789464e-06   1.182578e-06  -1.116861e-10   9.294803e-01  -3.940483e-01   3.721504e-05
  -2.854629e-06   1.007509e-06  -9.802654e-11   9.511941e-01  -3.357131e-01   3.266353e-05
  -2.908817e-06   8.285648e-07  -8.399008e-11   9.692501e-01  -2.760870e-01   2.798643e-05
  -2.951789e-06   6.464267e-07  -6.962981e-11   9.835690e-01  -2.153965e-01   2.320143e-05
  -2.983349e-06   4.617896e-07  -5.500036e-11   9.940850e-01  -1.538734e-01   1.832673e-05
  -3.003341e-06   2.753623e-07  -4.015767e-11   1.000747e+00  -9.175376e-02   1.338098e-05
  -3.011654e-06   8.786453e-08  -2.515886e-11   1.003517e+00  -2.927744e-02   8.383211e-06
  -3.008221e-06  -9.997553e-08  -1.006194e-11   1.002373e+00   3.331296e-02   3.352752e-06
  -2.993019e-06  -2.874241e-07   5.074303e-12   9.973071e-01   9.577290e-02  -1.690814e-06
  -2.966072e-06  -4.737444e-07   2.019061e-11   9.883280e-01   1.578569e-01  -6.727734e-06
  -2.927448e-06  -6.581993e-07   3.522740e-11   9.754583e-01   2.193193e-01  -1.173816e-05
  -2.877265e-06  -8.400548e-07   5.012505e-11   9.587367e-01   2.799156e-01  -1.670222e-05
  -2.815684e-06  -1.018582e-06   6.482412e-11   9.382173e-01   3.394029e-01  -2.160011e-05
  -2.742915e-06  -1.193062e-06   7.926556e-11   9.139698e-01   3.975414e-01  -2.641216e-05
  -2.659212e-06  -1.362785e-06   9.339101e-11   8.860791e-01   4.540952e-01  -3.111892e-05
  -2.564877e-06  -1.527059e-06   1.071430e-10   8.546456e-01   5.088331e-01  -3.570124e-05
  -2.460256e-06  -1.685209e-06   1.204653e-10   8.197846e-01   5.615303e-01  -4.014037e-05
  -2.345738e-06  -1.836579e-06   1.333030e-10   7.816260e-01   6.119686e-01  -4.441803e-05
  -2.221757e-06  -1.980540e-06   1.456028e-10   7.403141e-01   6.599379e-01  -4.851648e-05
  -2.088788e-06  -2.116488e-06   1.573136e-10   6.960072e-01   7.052371e-01  -5.241864e-05
  -1.947345e-06  -2.243849e-06   1.683861e-10   6.488768e-01   7.476753e-01  -5.610813e-05
  -1.797981e-06  -2.362082e-06   1.787737e-10   5.991071e-01   7.870721e-01  -5.956940e-05
  -1.641285e-06  -2.470684e-06   1.884323e-10   5.468944e-01   8.232593e-01  -6.278774e-05
  -1.477881e-06  -2.569186e-06   1.973206e-10   4.924464e-01   8.560813e-01  -6.574942e-05
  -1.308422e-06  -2.657162e-06   2.054005e-10   4.359809e-01   8.853960e-01  -6.844174e-05
  -1.133592e-06  -2.734229e-06   2.126372e-10   3.777255e-01   9.110756e-01  -7.085306e-05
  -9.540991e-07  -2.800049e-06   2.189991e-10   3.179164e-01   9.330074e-01  -7.297292e-05
  -7.706745e-07  -2.854330e-06   2.244585e-10   2.567973e-01   9.510943e-01  -7.479206e-05
  -5.840690e-07  -2.896828e-06   2.289914e-10   1.946183e-01   9.652554e-01  -7.630248e-05
  -3.950494e-07  -2.927353e-06   2.325778e-10   1.316348e-01   9.754266e-01  -7.749750e-05
  -2.043949e-07  -2.945762e-06   2.352016e-10   6.810665e-02   9.815607e-01  -7.837178e-05
  -1.289371e-08  -2.951967e-06   2.368509e-10   4.296329e-03   9.836281e-01  -7.892136e-05
   1.786608e-07  -2.945930e-06   2.375181e-10  -5.953177e-02   9.816167e-01  -7.914367e-05
   3.694739e-07  -2.927670e-06   2.371997e-10  -1.231128e-01   9.755321e-01  -7.903758e-05
   5.587532e-07  -2.897256e-06   2.358966e-10  -1.861828e-01   9.653978e-01  -7.860337e-05
   7.457123e-07  -2.854811e-06   2.336140e-10  -2.484796e-01   9.512547e-01  -7.784277e-05
   9.295747e-07  -2.800511e-06   2.303612e-10  -3.097446e-01   9.331614e-01  -7.675892e-05
   1.109578e-06  -2.734584e-06   2.261521e-10  -3.697236e-01   9.111938e-01  -7.535638e-05
   1.284975e-06  -2.657307e-06   2.210043e-10  -4.281681e-01   8.854443e-01  -7.364108e-05
   1.455043e-06  -2.569008e-06   2.149397e-10  -4.848366e-01   8.560219e-01  -7.162031e-05
   1.619080e-06  -2.470060e-06   2.079843e-10  -5.394955e-01   8.230516e-01  -6.930269e-05
   1.776413e-06  -2.360885e-06   2.001677e-10  -5.919206e-01   7.866731e-01  -6.669810e-05
   1.926399e-06  -2.241945e-06   1.915232e-10  -6.418976e-01   7.470410e-01  -6.381765e-05
   2.068429e-06  -2.113745e-06   1.820876e-10  -6.892234e-01   7.043233e-01  -6.067361e-05
   2.201928e-06  -1.976828e-06   1.719011e-10  -7.337070e-01   6.587009e-01  -5.727935e-05
   2.326363e-06  -1.831772e-06   1.610069e-10  -7.751699e-01   6.103668e-01  -5.364927e-05
   2.441238e-06  -1.679189e-06   1.494510e-10  -8.134477e-01   5.595244e-01  -4.979874e-05
   2.546103e-06  -1.519720e-06   1.372823e-10  -8.483898e-01   5.063876e-01  -4.574399e-05
   2.640550e-06  -1.354032e-06   1.245519e-10  -8.798605e-01   4.511786e-01  -4.150206e-05
   2.724218e-06  -1.182817e-06   1.113129e-10  -9.077396e-01   3.941277e-01  -3.709071e-05
   2.796792e-06  -1.006785e-06   9.762071e-11  -9.319222e-01   3.354718e-01  -3.252830e-05
   2.858007e-06  -8.266630e-07   8.353196e-11  -9.523197e-01   2.754533e-01  -2.783378e-05
   2.907646e-06  -6.431924e-07   6.910482e-11  -9.688598e-01   2.143188e-01  -2.302649e-05
   2.945539e-06  -4.571233e-07   5.439852e-11  -9.814863e-01   1.523186e-01  -1.812619e-05
   2.971569e-06  -2.692127e-07   3.947308e-11  -9.901597e-01   8.970467e-02  -1.315287e-05
   2.985665e-06  -8.022066e-08   2.438910e-11  -9.948568e-01   2.673041e-02  -8.126718e-06
   2.987808e-06   1.090930e-07   9.207437e-12  -9.955707e-01  -3.635099e-02  -3.068020e-06
   2.978024e-06   2.979716e-07  -6.011008e-12  -9.923107e-01  -9.928744e-02   2.002935e-06
   2.956391e-06   4.856649e-07  -2.120557e-11  -9.851022e-01  -1.618289e-01   7.065930e-06
   2.923030e-06   6.714321e-07  -3.631604e-11  -9.739861e-01  -2.237286e-01   1.210091e-05
   2.878111e-06   8.545446e-07  -5.128294e-11  -9.590186e-01  -2.847438e-01   1.708804e-05
   2.821847e-06   1.034289e-06  -6.604772e-11  -9.402706e-01  -3.446366e-01   2.200783e-05
   2.754493e-06   1.209969e-06  -8.055298e-11  -9.178277e-01  -4.031752e-01   2.684115e-05
   2.676349e-06   1.380910e-06  -9.474272e-11  -8.917892e-01  -4.601346e-01   3.156932e-05
   2.587752e-06   1.546458e-06  -1.085625e-10  -8.622678e-01  -5.152970e-01   3.617422e-05
   2.489079e-06   1.705985e-06  -1.219595e-10  -8.293889e-01  -5.684531e-01   4.063826e-05
   2.380743e-06   1.858889e-06  -1.348831e-10  -7.932900e-01  -6.194024e-01   4.494455e-05
   2.263190e-06   2.004597e-06  -1.472846e-10  -7.541201e-01  -6.679540e-01   4.907686e-05
   2.136901e-06   2.142567e-06  -1.591175e-10  -7.120390e-01  -7.139272e-01   5.301973e-05
   2.002384e-06   2.272289e-06  -1.703379e-10  -6.672166e-01  -7.571520e-01   5.675848e-05
   1.860178e-06   2.393286e-06  -1.809042e-10  -6.198321e-01  -7.974694e-01   6.027930e-05
   1.710847e-06   2.505116e-06  -1.907776e-10  -5.700734e-01  -8.347324e-01   6.356923e-05
   1.554979e-06   2.607373e-06  -1.999220e-10  -5.181361e-01  -8.688056e-01   6.661624e-05
   1.393181e-06   2.699689e-06  -2.083042e-10  -4.642233e-01  -8.995664e-01   6.940928e-05
   1.226082e-06   2.781734e-06  -2.158939e-10  -4.085442e-01  -9.269046e-01   7.193823e-05
   1.054327e-06   2.853216e-06  -2.226637e-10  -3.513136e-01  -9.507231e-01   7.419402e-05
   8.785763e-07   2.913883e-06  -2.285895e-10  -2.927514e-01  -9.709380e-01   7.616858e-05
   6.995001e-07   2.963523e-06  -2.336504e-10  -2.330812e-01  -9.874786e-01   7.785490e-05
   5.177807e-07   3.001965e-06  -2.378283e-10  -1.725303e-01  -1.000288e+00   7.924704e-05
   3.341072e-07   3.029078e-06  -2.411088e-10  -1.113282e-01  -1.009323e+00   8.034012e-05
   1.491742e-07   3.044775e-06  -2.434804e-10  -4.970650e-02  -1.014553e+00   8.113038e-05
  -3.632066e-08   3.049005e-06  -2.449352e-10   1.210245e-02  -1.015962e+00   8.161512e-05
  -2.216789e-07   3.041762e-06  -2.454683e-10   7.386588e-02  -1.013549e+00   8.179277e-05
  -4.062036e-07   3.023081e-06  -2.450783e-10   1.353516e-01  -1.007324e+00   8.166282e-05
  -5.892014e-07   2.993036e-06  -2.437671e-10   1.963285e-01  -9.973128e-01   8.122591e-05
  -7.699849e-07   2.951743e-06  -2.415398e-10   2.565675e-01  -9.835534e-01   8.048373e-05
  -9.478748e-07   2.899357e-06  -2.384047e-10   3.158424e-01  -9.660978e-01   7.943910e-05
  -1.122202e-06   2.836073e-06  -2.343736e-10   3.739302e-01  -9.450111e-01   7.809589e-05
  -1.292310e-06   2.762127e-06  -2.294613e-10   4.306120e-01  -9.203713e-01   7.645905e-05
  -1.457556e-06   2.677790e-06  -2.236858e-10   4.856740e-01  -8.922692e-01   7.453459e-05
  -1.617316e-06   2.583372e-06  -2.170683e-10   5.389076e-01  -8.608083e-01   7.232955e-05
  -1.770981e-06   2.479221e-06  -2.096329e-10   5.901107e-01  -8.261041e-01   6.985199e-05
  -1.917967e-06   2.365719e-06  -2.014068e-10   6.390879e-01  -7.882839e-01   6.711096e-05
  -2.057710e-06   2.243283e-06  -1.924200e-10   6.856516e-01  -7.474868e-01   6.411649e-05
  -2.189670e-06   2.112363e-06  -1.827056e-10   7.296223e-01  -7.038629e-01   6.087955e-05
  -2.313336e-06   1.973443e-06  -1.722992e-10   7.708292e-01  -6.575730e-01   5.741200e-05
  -2.428224e-06   1.827034e-06  -1.612390e-10   8.091112e-01  -6.087879e-01   5.372662e-05
  -2.533881e-06   1.673680e-06  -1.495658e-10   8.443173e-01  -5.576886e-01   4.983699e-05
  -2.629885e-06   1.513950e-06  -1.373229e-10   8.763069e-01  -5.044649e-01   4.575752e-05
  -2.715849e-06   1.348441e-06  -1.245558e-10   9.049511e-01  -4.493154e-01   4.150337e-05
  -2.791421e-06   1.177772e-06  -1.113120e-10   9.301323e-01  -3.924466e-01   3.709040e-05
  -2.856284e-06   1.002585e-06  -9.764133e-11   9.517457e-01  -3.340725e-01   3.253517e-05
  -2.910164e-06   8.235433e-07  -8.359515e-11   9.696988e-01  -2.744138e-01   2.785483e-05
  -2.952821e-06   6.413263e-07  -6.922665e-11   9.839128e-01  -2.136970e-01   2.306709e-05
  -2.984061e-06   4.566298e-07  -5.459051e-11   9.943224e-01  -1.521541e-01   1.819016e-05
  -3.003730e-06   2.701629e-07  -3.974271e-11   1.000876e+00  -9.002129e-02   1.324271e-05
  -3.011718e-06   8.264583e-08  -2.474038e-11   1.003538e+00  -2.753851e-02   8.243769e-06
  -3.007957e-06  -1.051933e-07  -9.641577e-12   1.002285e+00   3.505157e-02   3.212680e-06
  -2.992428e-06  -2.926205e-07   5.494919e-12   9.971104e-01   9.750438e-02  -1.830968e-06
  -2.965156e-06  -4.788988e-07   2.060982e-11   9.880227e-01   1.595744e-01  -6.867420e-06
  -2.926209e-06  -6.632915e-07   3.564355e-11   9.750454e-01   2.210161e-01  -1.187683e-05
  -2.875707e-06  -8.450643e-07   5.053649e-11   9.582175e-01   2.815848e-01  -1.683932e-05
  -2.813812e-06  -1.023489e-06   6.522919e-11   9.375935e-01   3.410379e-01  -2.173509e-05
  -2.740735e-06  -1.197846e-06   7.966263e-11   9.132435e-01   3.991355e-01  -2.654447e-05
  -2.656733e-06  -1.367427e-06   9.377848e-11   8.852529e-01   4.556419e-01  -3.124803e-05
  -2.562107e-06  -1.531540e-06   1.075193e-10   8.537226e-01   5.103262e-01  -3.582662e-05
  -2.457205e-06  -1.689510e-06   1.208288e-10   8.187681e-01   5.629634e-01  -4.026151e-05
  -2.342418e-06  -1.840683e-06   1.336523e-10   7.805198e-01   6.133359e-01  -4.453442e-05
  -2.218181e-06  -1.984429e-06   1.459365e-10   7.391226e-01   6.612337e-01  -4.862765e-05
  -2.084969e-06  -2.120145e-06   1.576301e-10   6.947348e-01   7.064560e-01  -5.252411e-05
  -1.943298e-06  -2.247260e-06   1.686843e-10   6.475285e-01   7.488120e-01  -5.620747e-05
  -1.793722e-06  -2.365233e-06   1.790522e-10   5.976882e-01   7.881218e-01  -5.966218e-05
  -1.636832e-06  -2.473560e-06   1.886899e-10   5.454106e-01   8.242176e-01  -6.287357e-05
  -1.473250e-06  -2.571775e-06   1.975563e-10   4.909034e-01   8.569439e-01  -6.582794e-05
  -1.303633e-06  -2.659453e-06   2.056132e-10   4.343851e-01   8.861592e-01  -6.851260e-05
  -1.128664e-06  -2.736212e-06   2.128259e-10   3.760833e-01   9.117361e-01  -7.091595e-05
  -9.490515e-07  -2.801714e-06   2.191631e-10   3.162345e-01   9.335623e-01  -7.302757e-05
  -7.655282e-07  -2.855671e-06   2.245971e-10   2.550825e-01   9.515412e-01  -7.483824e-05
  -5.788452e-07  -2.897839e-06   2.291040e-10   1.928776e-01   9.655922e-01  -7.633998e-05
  -3.897696e-07  -2.928029e-06   2.326638e-10   1.298756e-01   9.756518e-01  -7.752615e-05
  -1.990809e-07  -2.946100e-06   2.352606e-10   6.633597e-02   9.816732e-01  -7.839146e-05
  -7.567520e-09  -2.951965e-06   2.368828e-10   2.521582e-03   9.836273e-01  -7.893196e-05
   1.839772e-07  -2.945588e-06   2.375226e-10  -6.130323e-02   9.815026e-01  -7.914516e-05
   3.747583e-07  -2.926988e-06   2.371768e-10  -1.248736e-01   9.753051e-01  -7.902994e-05
   5.639837e-07  -2.896238e-06   2.358464e-10  -1.879256e-01   9.650587e-01  -7.858663e-05
   7.508671e-07  -2.853461e-06   2.335366e-10  -2.501973e-01   9.508049e-01  -7.781700e-05
   9.346326e-07  -2.798835e-06   2.302571e-10  -3.114299e-01   9.326029e-01  -7.672423e-05
   1.114518e-06  -2.732588e-06   2.260216e-10  -3.713696e-01   9.105288e-01  -7.531291e-05
   1.289777e-06  -2.655001e-06   2.208480e-10  -4.297680e-01   8.846757e-01  -7.358901e-05
   1.459686e-06  -2.566400e-06   2.147584e-10  -4.863837e-01   8.551530e-01  -7.155987e-05
   1.623546e-06  -2.467163e-06   2.077786e-10  -5.409836e-01   8.220860e-01  -6.923413e-05
   1.780684e-06  -2.357709e-06   1.999385e-10  -5.933435e-01   7.856149e-01  -6.662172e-05
   1.930456e-06  -2.238505e-06   1.912715e-10  -6.432495e-01   7.458947e-01  -6.373378e-05
   2.072256e-06  -2.110055e-06   1.818145e-10  -6.904989e-01   7.030938e-01  -6.058260e-05
   2.205511e-06  -1.972904e-06   1.716077e-10  -7.349008e-01   6.573935e-01  -5.718159e-05
   2.329687e-06  -1.827631e-06   1.606944e-10  -7.762774e-01   6.089868e-01  -5.354517e-05
   2.444290e-06  -1.674847e-06   1.491209e-10  -8.144645e-01   5.580778e-01  -4.968874e-05
   2.548870e-06  -1.515196e-06   1.369359e-10  -8.493118e-01   5.048803e-01  -4.562856e-05
   2.643022e-06  -1.349346e-06   1.241906e-10  -8.806843e-01   4.496170e-01  -4.138168e-05
   2.726386e-06  -1.177987e-06   1.109383e-10  -9.084620e-01   3.925183e-01  -3.696587e-05
   2.798648e-06  -1.001831e-06   9.723428e-11  -9.325405e-01   3.338212e-01  -3.239954e-05
   2.859544e-06  -8.216062e-07   8.313533e-11  -9.528318e-01   2.737683e-01  -2.770162e-05
   2.908858e-06  -6.380532e-07   6.869964e-11  -9.692638e-01   2.126064e-01  -2.289148e-05
   2.946423e-06  -4.519227e-07   5.398643e-11  -9.817809e-01   1.505857e-01  -1.798888e-05
   2.972122e-06  -2.639718e-07   3.905577e-11  -9.903440e-01   8.795835e-02  -1.301382e-05
   2.985886e-06  -7.496057e-08   2.396825e-11  -9.949304e-01   2.497769e-02  -7.986486e-06
   2.987697e-06   1.143512e-07   8.784740e-12  -9.955337e-01  -3.810308e-02  -2.927173e-06
   2.977583e-06   3.032069e-07  -6.433858e-12  -9.921636e-01  -1.010319e-01   2.143833e-06
   2.955622e-06   4.908567e-07  -2.162689e-11  -9.848459e-01  -1.635589e-01   7.206320e-06
   2.921937e-06   6.765599e-07  -3.673417e-11  -9.736219e-01  -2.254373e-01   1.224023e-05
   2.876700e-06   8.595884e-07  -5.169624e-11  -9.585483e-01  -2.864244e-01   1.722576e-05
   2.820123e-06   1.039229e-06  -6.645458e-11  -9.396964e-01  -3.462827e-01   2.214340e-05
   2.752466e-06   1.214787e-06  -8.095182e-11  -9.171522e-01  -4.047805e-01   2.697405e-05
   2.674027e-06   1.385586e-06  -9.513200e-11  -8.910153e-01  -4.616928e-01   3.169904e-05
   2.585145e-06   1.550975e-06  -1.089407e-10  -8.613989e-01  -5.168022e-01   3.630025e-05
   2.486197e-06   1.710326e-06  -1.223253e-10  -8.284286e-01  -5.698997e-01   4.076014e-05
   2.377599e-06   1.863038e-06  -1.352350e-10  -7.922423e-01  -6.207849e-01   4.506181e-05
   2.259796e-06   2.008538e-06  -1.476213e-10  -7.529893e-01  -6.692672e-01   4.918906e-05
   2.133271e-06   2.146286e-06  -1.594378e-10  -7.108297e-01  -7.151663e-01   5.312645e-05
   1.998534e-06   2.275772e-06  -1.706406e-10  -6.659336e-01  -7.583124e-01   5.685933e-05
   1.856122e-06   2.396519e-06  -1.811881e-10  -6.184805e-01  -7.985469e-01   6.037390e-05
   1.706602e-06   2.508089e-06  -1.910418e-10  -5.686586e-01  -8.357229e-01   6.365723e-05
   1.550560e-06   2.610074e-06  -2.001654e-10  -5.166637e-01  -8.697057e-01   6.669734e-05
   1.388606e-06   2.702109e-06  -2.085260e-10  -4.626989e-01  -9.003728e-01   6.948317e-05
   1.221369e-06   2.783864e-06  -2.160932e-10  -4.069738e-01  -9.276145e-01   7.200465e-05
   1.049494e-06   2.855049e-06  -2.228399e-10  -3.497032e-01  -9.513339e-01   7.425272e-05
   8.736417e-07   2.915412e-06  -2.287420e-10  -2.911071e-01  -9.714476e-01   7.621936e-05
   6.944829e-07   2.964743e-06  -2.337785e-10  -2.314094e-01  -9.878852e-01   7.789758e-05
   5.126998e-07   3.002872e-06  -2.379317e-10  -1.708373e-01  -1.000590e+00   7.928147e-05
   3.289819e-07   3.029669e-06  -2.411870e-10  -1.096204e-01  -1.009519e+00   8.036619e-05
   1.440238e-07   3.045047e-06  -2.435333e-10  -4.799034e-02  -1.014643e+00   8.114799e-05
  -4.147667e-08   3.048958e-06  -2.449625e-10   1.382049e-02  -1.015947e+00   8.162421e-05
  -2.268212e-07   3.041397e-06  -2.454699e-10   7.557933e-02  -1.013427e+00   8.179331e-05
  -4.113128e-07   3.022399e-06  -2.450543e-10   1.370540e-01  -1.007097e+00   8.165482e-05
  -5.942583e-07   2.992040e-06  -2.437176e-10   1.980135e-01  -9.969808e-01   8.120939e-05
  -7.749705e-07   2.950436e-06  -2.414649e-10   2.582288e-01  -9.831180e-01   8.045877e-05
  -9.527704e-07   2.897744e-06  -2.383047e-10   3.174737e-01  -9.655605e-01   7.940579e-05
  -1.126989e-06   2.834161e-06  -2.342489e-10   3.755253e-01  -9.443740e-01   7.805434e-05
  -1.296971e-06   2.759922e-06  -2.293124e-10   4.321650e-01  -9.196367e-01   7.640943e-05
  -1.462073e-06   2.675301e-06  -2.235132e-10   4.871789e-01  -8.914398e-01   7.447707e-05
  -1.621671e-06   2.580608e-06  -2.168726e-10   5.403588e-01  -8.598872e-01   7.226435e-05
  -1.775159e-06   2.476192e-06  -2.094148e-10   5.915027e-01  -8.250945e-01   6.977934e-05
  -1.921951e-06   2.362436e-06  -2.011671e-10   6.404154e-01  -7.871897e-01   6.703113e-05
  -2.061484e-06   2.239757e-06  -1.921598e-10   6.869094e-01  -7.463120e-01   6.402976e-05
  -2.193221e-06   2.108609e-06  -1.824256e-10   7.308055e-01  -7.026118e-01   6.078624e-05
  -2.316649e-06   1.969473e-06  -1.720005e-10   7.719332e-01  -6.562502e-01   5.731247e-05
  -2.431287e-06   1.822863e-06  -1.609227e-10   8.101318e-01  -6.073983e-01   5.362122e-05
  -2.536681e-06   1.669324e-06  -1.492331e-10   8.452503e-01  -5.562374e-01   4.972612e-05
  -2.632411e-06   1.509426e-06  -1.369750e-10   8.771487e-01  -5.029574e-01   4.564159e-05
  -2.718091e-06   1.343765e-06  -1.241940e-10   9.056981e-01  -4.477573e-01   4.138280e-05
  -2.793369e-06   1.172961e-06  -1.109377e-10   9.307816e-01  -3.908437e-01   3.696566e-05
  -2.857931e-06   9.976587e-07  -9.725582e-11   9.522944e-01  -3.324310e-01   3.240672e-05
  -2.911502e-06   8.185194e-07  -8.319996e-11   9.701447e-01  -2.727397e-01   2.772315e-05
  -2.953844e-06   6.362239e-07  -6.882328e-11   9.842538e-01  -2.119969e-01   2.293268e-05
  -2.984765e-06   4.514686e-07  -5.418050e-11   9.945568e-01  -1.504343e-01   1.805354e-05
  -3.004110e-06   2.649628e-07  -3.932763e-11   1.001003e+00  -8.828855e-02   1.310440e-05
  -3.011772e-06   7.742688e-08  -2.432183e-11   1.003556e+00  -2.579950e-02   8.104303e-06
  -3.007685e-06  -1.104107e-07  -9.221180e-12   1.002194e+00   3.679008e-02   3.072599e-06
  -2.991829e-06  -2.978159e-07   5.915519e-12   9.969106e-01   9.923557e-02  -1.971117e-06
  -2.964230e-06  -4.840519e-07   2.102897e-11   9.877145e-01   1.612915e-01  -7.007086e-06
  -2.924961e-06  -6.683816e-07   3.605959e-11   9.746296e-01   2.227122e-01  -1.201546e-05
  -2.874140e-06  -8.500711e-07   5.094777e-11   9.576953e-01   2.832531e-01  -1.697636e-05
  -2.811931e-06  -1.028392e-06   6.563406e-11   9.369668e-01   3.426718e-01  -2.187000e-05
  -2.738547e-06  -1.202626e-06   8.005946e-11   9.125144e-01   4.007283e-01  -2.667670e-05
  -2.654245e-06  -1.372065e-06   9.416566e-11   8.844240e-01   4.571872e-01  -3.137704e-05
  -2.559329e-06  -1.536016e-06   1.078952e-10   8.527969e-01   5.118176e-01  -3.595189e-05
  -2.454147e-06  -1.693806e-06   1.211920e-10   8.177490e-01   5.643949e-01  -4.038252e-05
  -2.339092e-06  -1.844780e-06   1.340012e-10   7.794113e-01   6.147013e-01  -4.465068e-05
  -2.214598e-06  -1.988311e-06   1.462696e-10   7.379287e-01   6.625274e-01  -4.873866e-05
  -2.081144e-06  -2.123797e-06   1.579462e-10   6.934602e-01   7.076726e-01  -5.262942e-05
  -1.939246e-06  -2.250664e-06   1.689819e-10   6.461782e-01   7.499463e-01  -5.630663e-05
  -1.789458e-06  -2.368376e-06   1.793301e-10   5.962674e-01   7.891691e-01  -5.975477e-05
  -1.632373e-06  -2.476428e-06   1.889469e-10   5.439250e-01   8.251732e-01  -6.295920e-05
  -1.468615e-06  -2.574356e-06   1.977913e-10   4.893589e-01   8.578038e-01  -6.590624e-05
  -1.298840e-06  -2.661735e-06   2.058252e-10   4.327879e-01   8.869197e-01  -6.858323e-05
  -1.123732e-06  -2.738186e-06   2.130140e-10   3.744399e-01   9.123938e-01  -7.097862e-05
  -9.440008e-07  -2.803371e-06   2.193264e-10   3.145516e-01   9.341143e-01  -7.308200e-05
  -7.603795e-07  -2.857003e-06   2.247349e-10   2.533669e-01   9.519850e-01  -7.488418e-05
  -5.736196e-07  -2.898841e-06   2.292158e-10   1.911364e-01   9.659259e-01  -7.637723e-05
  -3.844886e-07  -2.928695e-06   2.327490e-10   1.281159e-01   9.758738e-01  -7.755456e-05
  -1.937663e-07  -2.946428e-06   2.353189e-10   6.456508e-02   9.817825e-01  -7.841088e-05
  -2.241301e-09  -2.951953e-06   2.369138e-10   7.468262e-04   9.836234e-01  -7.894232e-05
   1.892929e-07  -2.945236e-06   2.375263e-10  -6.307449e-02   9.813853e-01  -7.914639e-05
   3.800415e-07  -2.926298e-06   2.371531e-10  -1.266341e-01   9.750749e-01  -7.902204e-05
   5.692124e-07  -2.895211e-06   2.357954e-10  -1.896679e-01   9.647164e-01  -7.856964e-05
   7.560196e-07  -2.852102e-06   2.334585e-10  -2.519141e-01   9.503521e-01  -7.779098e-05
   9.396874e-07  -2.797150e-06   2.301523e-10  -3.131143e-01   9.320414e-01  -7.668929e-05
   1.119454e-06  -2.730584e-06   2.258904e-10  -3.730144e-01   9.098609e-01  -7.526919e-05
   1.294574e-06  -2.652686e-06   2.206910e-10  -4.313665e-01   8.839043e-01  -7.353671e-05
   1.464325e-06  -2.563784e-06   2.145763e-10  -4.879293e-01   8.542814e-01  -7.149920e-05
   1.628007e-06  -2.464257e-06   2.075722e-10  -5.424700e-01   8.211178e-01  -6.916536e-05
   1.784948e-06  -2.354526e-06   1.997086e-10  -5.947645e-01   7.845543e-01  -6.654514e-05
   1.934507e-06  -2.235058e-06   1.910192e-10  -6.445994e-01   7.447461e-01  -6.364970e-05
   2.076078e-06  -2.106359e-06   1.815408e-10  -6.917721e-01   7.018621e-01  -6.049140e-05
   2.209087e-06  -1.968974e-06   1.713138e-10  -7.360923e-01   6.560839e-01  -5.708364e-05
   2.333003e-06  -1.823483e-06   1.603815e-10  -7.773825e-01   6.076049e-01  -5.344090e-05
   2.447333e-06  -1.670501e-06   1.487903e-10  -8.154786e-01   5.566293e-01  -4.957859e-05
   2.551629e-06  -1.510668e-06   1.365890e-10  -8.502312e-01   5.033714e-01  -4.551298e-05
   2.645486e-06  -1.344655e-06   1.238289e-10  -8.815053e-01   4.480539e-01  -4.126116e-05
   2.728545e-06  -1.173153e-06   1.105633e-10  -9.091815e-01   3.909076e-01  -3.684092e-05
   2.800495e-06  -9.968743e-07   9.684754e-11  -9.331560e-01   3.321696e-01  -3.227068e-05
   2.861072e-06  -8.165469e-07   8.273845e-11  -9.533409e-01   2.720825e-01  -2.756937e-05
   2.910061e-06  -6.329121e-07   6.829424e-11  -9.696647e-01   2.108933e-01  -2.275640e-05
   2.947298e-06  -4.467208e-07   5.357417e-11  -9.820724e-01   1.488523e-01  -1.785151e-05
   2.972666e-06  -2.587301e-07   3.863833e-11  -9.905253e-01   8.621175e-02  -1.287472e-05
   2.986098e-06  -6.970025e-08   2.354732e-11  -9.950010e-01   2.322490e-02  -7.846229e-06
   2.987576e-06   1.196090e-07   8.362017e-12  -9.954936e-01  -3.985505e-02  -2.786317e-06
   2.977132e-06   3.084413e-07  -6.856689e-12  -9.920134e-01  -1.027761e-01   2.284725e-06
   2.954843e-06   4.960469e-07  -2.204815e-11  -9.845865e-01  -1.652883e-01   7.346687e-06
   2.920835e-06   6.816856e-07  -3.715219e-11  -9.732548e-01  -2.271452e-01   1.237952e-05
   2.875280e-06   8.646295e-07  -5.210939e-11  -9.580751e-01  -2.881042e-01   1.736343e-05
   2.818392e-06   1.044166e-06  -6.686124e-11  -9.391194e-01  -3.479277e-01   2.227891e-05
   2.750430e-06   1.219601e-06  -8.135042e-11  -9.164739e-01  -4.063845e-01   2.710686e-05
   2.671696e-06   1.390259e-06  -9.552100e-11  -8.902388e-01  -4.632496e-01   3.182866e-05
   2.582529e-06   1.555488e-06  -1.093186e-10  -8.605273e-01  -5.183059e-01   3.642618e-05
   2.483308e-06   1.714662e-06  -1.226907e-10  -8.274657e-01  -5.713445e-01   4.088190e-05
   2.374447e-06   1.867181e-06  -1.355865e-10  -7.911922e-01  -6.221655e-01   4.517893e-05
   2.256396e-06   2.012473e-06  -1.479576e-10  -7.518562e-01  -6.705785e-01   4.930111e-05
   2.129636e-06   2.149998e-06  -1.597576e-10  -7.096182e-01  -7.164033e-01   5.323301e-05
   1.994677e-06   2.279247e-06  -1.709427e-10  -6.646486e-01  -7.594705e-01   5.696001e-05
   1.852061e-06   2.399746e-06  -1.814715e-10  -6.171271e-01  -7.996219e-01   6.046832e-05
   1.702351e-06   2.511054e-06  -1.913053e-10  -5.672421e-01  -8.367110e-01   6.374506e-05
   1.546136e-06   2.612768e-06  -2.004082e-10  -5.151897e-01  -8.706033e-01   6.677824e-05
   1.384027e-06   2.704522e-06  -2.087471e-10  -4.611732e-01  -9.011766e-01   6.955685e-05
   1.216653e-06   2.785987e-06  -2.162919e-10  -4.054021e-01  -9.283216e-01   7.207085e-05
   1.044658e-06   2.856873e-06  -2.230154e-10  -3.480917e-01  -9.519419e-01   7.431121e-05
   8.687046e-07   2.916933e-06  -2.288937e-10  -2.894620e-01  -9.719543e-01   7.626992e-05
   6.894636e-07   2.965954e-06  -2.339059e-10  -2.297369e-01  -9.882889e-01   7.794004e-05
   5.076174e-07   3.003770e-06  -2.380343e-10  -1.691437e-01  -1.000890e+00   7.931568e-05
   3.238556e-07   3.030251e-06  -2.412645e-10  -1.079123e-01  -1.009713e+00   8.039202e-05
   1.388730e-07   3.045311e-06  -2.435854e-10  -4.627404e-02  -1.014731e+00   8.116536e-05
  -4.663255e-08   3.048903e-06  -2.449890e-10   1.553848e-02  -1.015928e+00   8.163307e-05
  -2.319628e-07   3.041024e-06  -2.454709e-10   7.729256e-02  -1.013303e+00   8.179362e-05
  -4.164207e-07   3.021708e-06  -2.450296e-10   1.387560e-01  -1.006867e+00   8.164658e-05
  -5.993134e-07   2.991035e-06  -2.436673e-10   1.996979e-01  -9.966460e-01   8.119265e-05
  -7.799539e-07   2.949121e-06  -2.413893e-10   2.598893e-01  -9.826797e-01   8.043358e-05
  -9.576632e-07   2.896123e-06  -2.382041e-10   3.191040e-01  -9.650205e-01   7.937224e-05
  -1.131773e-06   2.832241e-06  -2.341236e-10   3.771193e-01  -9.437341e-01   7.801257e-05
  -1.301627e-06   2.757709e-06  -2.291628e-10   4.337167e-01  -9.188994e-01   7.635958e-05
  -1.466585e-06   2.672804e-06  -2.233399e-10   4.886825e-01  -8.906078e-01   7.441934e-05
  -1.626022e-06   2.577836e-06  -2.166762e-10   5.418085e-01  -8.589635e-01   7.219893e-05
  -1.779331e-06   2.473155e-06  -2.091961e-10   5.928929e-01  -8.240826e-01   6.970648e-05
  -1.925929e-06   2.359145e-06  -2.009270e-10   6.417409e-01  -7.860933e-01   6.695109e-05
  -2.065253e-06   2.236225e-06  -1.918989e-10   6.881651e-01  -7.451351e-01   6.394285e-05
  -2.196765e-06   2.104848e-06  -1.821451e-10   7.319865e-01  -7.013586e-01   6.069276e-05
  -2.319956e-06   1.965497e-06  -1.717013e-10   7.730350e-01  -6.549254e-01   5.721277e-05
  -2.434343e-06   1.818688e-06  -1.606059e-10   8.111500e-01  -6.060069e-01   5.351567e-05
  -2.539474e-06   1.664964e-06  -1.488999e-10   8.461808e-01  -5.547845e-01   4.961511e-05
  -2.634930e-06   1.504897e-06  -1.366267e-10   8.779878e-01  -5.014484e-01   4.552552e-05
  -2.720325e-06   1.339085e-06  -1.238318e-10   9.064425e-01  -4.461979e-01   4.126212e-05
  -2.795309e-06   1.168148e-06  -1.105630e-10   9.314281e-01  -3.892397e-01   3.684081e-05
  -2.859570e-06   9.927293e-07  -9.687003e-11   9.528403e-01  -3.307884e-01   3.227817e-05
  -2.912831e-06   8.134930e-07  -8.280453e-11   9.705876e-01  -2.710649e-01   2.759139e-05
  -2.954859e-06   6.311197e-07  -6.841971e-11   9.845917e-01  -2.102961e-01   2.279821e-05
  -2.985459e-06   4.463061e-07  -5.377032e-11   9.947882e-01  -1.487141e-01   1.791687e-05
  -3.004482e-06   2.597619e-07  -3.891242e-11   1.001127e+00  -8.655555e-02   1.296605e-05
  -3.011817e-06   7.220770e-08  -2.390320e-11   1.003571e+00  -2.406041e-02   7.964812e-06
  -3.007403e-06  -1.156278e-07  -8.800755e-12   1.002100e+00   3.852848e-02   2.932509e-06
  -2.991220e-06  -3.030105e-07   6.336100e-12   9.967078e-01   1.009665e-01  -2.111259e-06
  -2.963296e-06  -4.892034e-07   2.144805e-11   9.874032e-01   1.630080e-01  -7.146730e-06
  -2.923704e-06  -6.734697e-07   3.647552e-11   9.742107e-01   2.244076e-01  -1.215405e-05
  -2.872564e-06  -8.550754e-07   5.135889e-11   9.571702e-01   2.849206e-01  -1.711335e-05
  -2.810042e-06  -1.033293e-06   6.603872e-11   9.363372e-01   3.443046e-01  -2.200484e-05
  -2.736351e-06  -1.207403e-06   8.045604e-11   9.117825e-01   4.023200e-01  -2.680885e-05
  -2.651750e-06  -1.376698e-06   9.455254e-11   8.835924e-01   4.587311e-01  -3.150596e-05
  -2.556543e-06  -1.540487e-06   1.082709e-10   8.518686e-01   5.133074e-01  -3.607705e-05
  -2.451081e-06  -1.698096e-06   1.215548e-10   8.167274e-01   5.658245e-01  -4.050341e-05
  -2.335757e-06  -1.848873e-06   1.343497e-10   7.783002e-01   6.160648e-01  -4.476680e-05
  -2.211008e-06  -1.992188e-06   1.466023e-10   7.367325e-01   6.638191e-01  -4.884953e-05
  -2.077312e-06  -2.127441e-06   1.582617e-10   6.921834e-01   7.088870e-01  -5.273457e-05
  -1.935187e-06  -2.254062e-06   1.692789e-10   6.448258e-01   7.510783e-01  -5.640562e-05
  -1.785189e-06  -2.371511e-06   1.796074e-10   5.948448e-01   7.902138e-01  -5.984718e-05
  -1.627910e-06  -2.479288e-06   1.892033e-10   5.424376e-01   8.261262e-01  -6.304464e-05
  -1.463976e-06  -2.576928e-06   1.980256e-10   4.878129e-01   8.586611e-01  -6.598434e-05
  -1.294043e-06  -2.664009e-06   2.060365e-10   4.311893e-01   8.876774e-01  -6.865366e-05
  -1.118796e-06  -2.740151e-06   2.132014e-10   3.727953e-01   9.130486e-01  -7.104106e-05
  -9.389472e-07  -2.805019e-06   2.194890e-10   3.128676e-01   9.346634e-01  -7.313619e-05
  -7.552284e-07  -2.858326e-06   2.248721e-10   2.516505e-01   9.524259e-01  -7.492988e-05
  -5.683922e-07  -2.899833e-06   2.293268e-10   1.893946e-01   9.662566e-01  -7.641424e-05
  -3.792063e-07  -2.929352e-06   2.328335e-10   1.263558e-01   9.760928e-01  -7.758271e-05
  -1.884511e-07  -2.946747e-06   2.353765e-10   6.279398e-02   9.818887e-01  -7.843005e-05
   3.084926e-09  -2.951931e-06   2.369441e-10  -1.027931e-03   9.836163e-01  -7.895242e-05
   1.946080e-07  -2.944874e-06   2.375292e-10  -6.484555e-02   9.812649e-01  -7.914738e-05
   3.853235e-07  -2.925597e-06   2.371287e-10  -1.283941e-01   9.748415e-01  -7.901390e-05
   5.744392e-07  -2.894175e-06   2.357436e-10  -1.914095e-01   9.643711e-01  -7.855240e-05
   7.611696e-07  -2.850734e-06   2.333797e-10  -2.536302e-01   9.498963e-01  -7.776471e-05
   9.447393e-07  -2.795456e-06   2.300467e-10  -3.147976e-01   9.314769e-01  -7.665410e-05
   1.124387e-06  -2.728571e-06   2.257585e-10  -3.746581e-01   9.091902e-01  -7.522524e-05
   1.299367e-06  -2.650362e-06   2.205334e-10  -4.329636e-01   8.831301e-01  -7.348417e-05
   1.468959e-06  -2.561160e-06   2.143935e-10  -4.894734e-01   8.534070e-01  -7.143830e-05
   1.632462e-06  -2.461343e-06   2.073651e-10  -5.439546e-01   8.201469e-01  -6.909636e-05
   1.789207e-06  -2.351336e-06   1.994782e-10  -5.961836e-01   7.834911e-01  -6.646834e-05
   1.938552e-06  -2.231604e-06   1.907662e-10  -6.459472e-01   7.435951e-01  -6.356543e-05
   2.079892e-06  -2.102656e-06   1.812665e-10  -6.930431e-01   7.006282e-01  -6.040000e-05
   2.212656e-06  -1.965037e-06   1.710193e-10  -7.372815e-01   6.547723e-01  -5.698552e-05
   2.336312e-06  -1.819330e-06   1.600681e-10  -7.784850e-01   6.062211e-01  -5.333647e-05
   2.450369e-06  -1.666148e-06   1.484593e-10  -8.164902e-01   5.551791e-01  -4.946828e-05
   2.554380e-06  -1.506135e-06   1.362417e-10  -8.511479e-01   5.018609e-01  -4.539726e-05
   2.647942e-06  -1.339960e-06   1.234668e-10  -8.823236e-01   4.464895e-01  -4.114052e-05
   2.730696e-06  -1.168316e-06   1.101880e-10  -9.098982e-01   3.892957e-01  -3.671586e-05
   2.802333e-06  -9.919143e-07   9.646051e-11  -9.337684e-01   3.305169e-01  -3.214171e-05
   2.862591e-06  -8.114850e-07   8.234131e-11  -9.538470e-01   2.703958e-01  -2.743704e-05
   2.911256e-06  -6.277690e-07   6.788862e-11  -9.700627e-01   2.091796e-01  -2.262124e-05
   2.948164e-06  -4.415174e-07   5.316175e-11  -9.823609e-01   1.471185e-01  -1.771408e-05
   2.973201e-06  -2.534876e-07   3.822078e-11  -9.907035e-01   8.446489e-02  -1.273559e-05
   2.986301e-06  -6.443972e-08   2.312632e-11  -9.950685e-01   2.147203e-02  -7.705947e-06
   2.987447e-06   1.248665e-07   7.939268e-12  -9.954505e-01  -4.160690e-02  -2.645452e-06
   2.976672e-06   3.136748e-07  -7.279498e-12  -9.918602e-01  -1.045199e-01   2.425610e-06
   2.954056e-06   5.012357e-07  -2.246934e-11  -9.843242e-01  -1.670173e-01   7.487033e-06
   2.919725e-06   6.868092e-07  -3.757010e-11  -9.728846e-01  -2.288525e-01   1.251877e-05
   2.873851e-06   8.696680e-07  -5.252237e-11  -9.575990e-01  -2.897830e-01   1.750104e-05
   2.816651e-06   1.049100e-06  -6.726769e-11  -9.385395e-01  -3.495717e-01   2.241434e-05
   2.748386e-06   1.224411e-06  -8.174877e-11  -9.157929e-01  -4.079872e-01   2.723960e-05
   2.669357e-06   1.394926e-06  -9.590972e-11  -8.894595e-01  -4.648050e-01   3.195818e-05
   2.579906e-06   1.559996e-06  -1.096962e-10  -8.596532e-01  -5.198080e-01   3.655199e-05
   2.480411e-06   1.718993e-06  -1.230557e-10  -8.265005e-01  -5.727877e-01   4.100353e-05
   2.371289e-06   1.871319e-06  -1.359376e-10  -7.901397e-01  -6.235442e-01   4.529592e-05
   2.252989e-06   2.016402e-06  -1.482934e-10  -7.507209e-01  -6.718877e-01   4.941302e-05
   2.125994e-06   2.153704e-06  -1.600769e-10  -7.084046e-01  -7.176381e-01   5.333942e-05
   1.990815e-06   2.282716e-06  -1.712443e-10  -6.633617e-01  -7.606264e-01   5.706052e-05
   1.847993e-06   2.402965e-06  -1.817543e-10  -6.157719e-01  -8.006946e-01   6.056256e-05
   1.698095e-06   2.514012e-06  -1.915683e-10  -5.658240e-01  -8.376967e-01   6.383269e-05
   1.541708e-06   2.615454e-06  -2.006504e-10  -5.137142e-01  -8.714983e-01   6.685894e-05
   1.379444e-06   2.706926e-06  -2.089676e-10  -4.596461e-01  -9.019777e-01   6.963033e-05
   1.211932e-06   2.788101e-06  -2.164899e-10  -4.038293e-01  -9.290261e-01   7.213685e-05
   1.039819e-06   2.858690e-06  -2.231903e-10  -3.464793e-01  -9.525472e-01   7.436948e-05
   8.637649e-07   2.918445e-06  -2.290448e-10  -2.878161e-01  -9.724582e-01   7.632026e-05
   6.844422e-07   2.967157e-06  -2.340326e-10  -2.280638e-01  -9.886898e-01   7.798227e-05
   5.025335e-07   3.004660e-06  -2.381363e-10  -1.674497e-01  -1.001186e+00   7.934965e-05
   3.187284e-07   3.030824e-06  -2.413414e-10  -1.062038e-01  -1.009904e+00   8.041762e-05
   1.337219e-07   3.045566e-06  -2.436368e-10  -4.455761e-02  -1.014816e+00   8.118250e-05
  -5.178829e-08   3.048839e-06  -2.450149e-10   1.725643e-02  -1.015907e+00   8.164168e-05
  -2.371037e-07   3.040641e-06  -2.454711e-10   7.900557e-02  -1.013175e+00   8.179368e-05
  -4.215275e-07   3.021009e-06  -2.450042e-10   1.404576e-01  -1.006634e+00   8.163811e-05
  -6.043669e-07   2.990021e-06  -2.436163e-10   2.013817e-01  -9.963083e-01   8.117567e-05
  -7.849350e-07   2.947797e-06  -2.413129e-10   2.615490e-01  -9.822386e-01   8.040815e-05
  -9.625533e-07   2.894494e-06  -2.381027e-10   3.207334e-01  -9.644776e-01   7.933847e-05
  -1.136554e-06   2.830312e-06  -2.339975e-10   3.787123e-01  -9.430915e-01   7.797057e-05
  -1.306281e-06   2.755489e-06  -2.290125e-10   4.352672e-01  -9.181594e-01   7.630952e-05
  -1.471093e-06   2.670299e-06  -2.231660e-10   4.901846e-01  -8.897733e-01   7.436138e-05
  -1.630368e-06   2.575056e-06  -2.164793e-10   5.432566e-01  -8.580374e-01   7.213330e-05
  -1.783498e-06   2.470111e-06  -2.089769e-10   5.942815e-01  -8.230683e-01   6.963342e-05
  -1.929901e-06   2.355847e-06  -2.006862e-10   6.430646e-01  -7.849945e-01   6.687086e-05
  -2.069015e-06   2.232686e-06  -1.916375e-10   6.894188e-01  -7.439559e-01   6.385574e-05
  -2.200303e-06   2.101081e-06  -1.818640e-10   7.331655e-01  -7.001034e-01   6.059911e-05
  -2.323256e-06   1.961516e-06  -1.714016e-10   7.741346e-01  -6.535988e-01   5.711290e-05
  -2.437391e-06   1.814507e-06  -1.602887e-10   8.121658e-01  -6.046138e-01   5.340996e-05
  -2.542259e-06   1.660599e-06  -1.485663e-10   8.471089e-01  -5.533300e-01   4.950394e-05
  -2.637440e-06   1.500364e-06  -1.362779e-10   8.788244e-01  -4.999380e-01   4.540932e-05
  -2.722551e-06   1.334401e-06  -1.234692e-10   9.071842e-01  -4.446371e-01   4.114131e-05
  -2.797241e-06   1.163330e-06  -1.101879e-10   9.320719e-01  -3.876346e-01   3.671585e-05
  -2.861199e-06   9.877969e-07  -9.648395e-11   9.533834e-01  -3.291449e-01   3.214952e-05
  -2.914152e-06   8.084641e-07  -8.240885e-11   9.710277e-01  -2.693892e-01   2.745954e-05
  -2.955864e-06   6.260136e-07  -6.801593e-11   9.849268e-01  -2.085947e-01   2.266366e-05
  -2.986145e-06   4.411422e-07  -5.335999e-11   9.950166e-01  -1.469935e-01   1.778014e-05
  -3.004844e-06   2.545602e-07  -3.849711e-11   1.001247e+00  -8.482228e-02   1.282766e-05
  -3.011854e-06   6.698830e-08  -2.348450e-11   1.003583e+00  -2.232124e-02   7.825297e-06
  -3.007112e-06  -1.208446e-07  -8.380304e-12   1.002003e+00   4.026676e-02   2.792410e-06
  -2.990603e-06  -3.082042e-07   6.756663e-12   9.965020e-01   1.026970e-01  -2.251395e-06
  -2.962353e-06  -4.943535e-07   2.186707e-11   9.870890e-01   1.647241e-01  -7.286352e-06
  -2.922438e-06  -6.785557e-07   3.689135e-11   9.737889e-01   2.261023e-01  -1.229261e-05
  -2.870979e-06  -8.600771e-07   5.176986e-11   9.566422e-01   2.865872e-01  -1.725029e-05
  -2.808144e-06  -1.038190e-06   6.644319e-11   9.357047e-01   3.459364e-01  -2.213961e-05
  -2.734146e-06  -1.212176e-06   8.085238e-11   9.110477e-01   4.039103e-01  -2.694091e-05
  -2.649246e-06  -1.381327e-06   9.493914e-11   8.827580e-01   4.602736e-01  -3.163477e-05
  -2.553749e-06  -1.544954e-06   1.086461e-10   8.509376e-01   5.147957e-01  -3.620210e-05
  -2.448008e-06  -1.702381e-06   1.219172e-10   8.157033e-01   5.672524e-01  -4.062417e-05
  -2.332416e-06  -1.852959e-06   1.346977e-10   7.771868e-01   6.174264e-01  -4.488277e-05
  -2.207411e-06  -1.996058e-06   1.469346e-10   7.355340e-01   6.651087e-01  -4.896024e-05
  -2.073474e-06  -2.131079e-06   1.585768e-10   6.909045e-01   7.100992e-01  -5.283955e-05
  -1.931122e-06  -2.257452e-06   1.695755e-10   6.434714e-01   7.522079e-01  -5.650443e-05
  -1.780914e-06  -2.374639e-06   1.798842e-10   5.934202e-01   7.912561e-01  -5.993940e-05
  -1.623441e-06  -2.482140e-06   1.894591e-10   5.409486e-01   8.270767e-01  -6.312987e-05
  -1.459331e-06  -2.579493e-06   1.982594e-10   4.862653e-01   8.595156e-01  -6.606223e-05
  -1.289241e-06  -2.666274e-06   2.062472e-10   4.295894e-01   8.884322e-01  -6.872386e-05
  -1.113857e-06  -2.742107e-06   2.133881e-10   3.711496e-01   9.137005e-01  -7.110328e-05
  -9.338905e-07  -2.806657e-06   2.196510e-10   3.111827e-01   9.352094e-01  -7.319014e-05
  -7.500749e-07  -2.859640e-06   2.250085e-10   2.499333e-01   9.528636e-01  -7.497534e-05
  -5.631629e-07  -2.900816e-06   2.294372e-10   1.876521e-01   9.665841e-01  -7.645101e-05
  -3.739229e-07  -2.930000e-06   2.329173e-10   1.245952e-01   9.763086e-01  -7.761062e-05
  -1.831352e-07  -2.947056e-06   2.354332e-10   6.102269e-02   9.819918e-01  -7.844897e-05
   8.411142e-09  -2.951901e-06   2.369737e-10  -2.802686e-03   9.836061e-01  -7.896227e-05
   1.999225e-07  -2.944504e-06   2.375314e-10  -6.661640e-02   9.811413e-01  -7.914810e-05
   3.906042e-07  -2.924888e-06   2.371034e-10  -1.301537e-01   9.746051e-01  -7.900550e-05
   5.796643e-07  -2.893129e-06   2.356911e-10  -1.931506e-01   9.640228e-01  -7.853490e-05
   7.663172e-07  -2.849357e-06   2.333001e-10  -2.553454e-01   9.494374e-01  -7.773819e-05
   9.497881e-07  -2.793753e-06   2.299403e-10  -3.164799e-01   9.309094e-01  -7.661867e-05
   1.129316e-06  -2.726549e-06   2.256258e-10  -3.763005e-01   9.085165e-01  -7.518104e-05
   1.304156e-06  -2.648030e-06   2.203750e-10  -4.345594e-01   8.823530e-01  -7.343139e-05
   1.473588e-06  -2.558528e-06   2.142101e-10  -4.910159e-01   8.525299e-01  -7.137718e-05
   1.636913e-06  -2.458422e-06   2.071574e-10  -5.454374e-01   8.191734e-01  -6.902715e-05
   1.793460e-06  -2.348137e-06   1.992470e-10  -5.976008e-01   7.824254e-01  -6.639132e-05
   1.942591e-06  -2.228142e-06   1.905127e-10  -6.472929e-01   7.424418e-01  -6.348095e-05
   2.083700e-06  -2.098946e-06   1.809916e-10  -6.943120e-01   6.993920e-01  -6.030841e-05
   2.216218e-06  -1.961095e-06   1.707242e-10  -7.384683e-01   6.534585e-01  -5.688721e-05
   2.339613e-06  -1.815172e-06   1.597542e-10  -7.795851e-01   6.048353e-01  -5.323186e-05
   2.453397e-06  -1.661791e-06   1.481277e-10  -8.174992e-01   5.537272e-01  -4.935781e-05
   2.557123e-06  -1.501597e-06   1.358940e-10  -8.520619e-01   5.003488e-01  -4.528139e-05
   2.650389e-06  -1.335261e-06   1.231044e-10  -8.831390e-01   4.449236e-01  -4.101974e-05
   2.732838e-06  -1.163474e-06   1.098123e-10  -9.106120e-01   3.876826e-01  -3.659068e-05
   2.804162e-06  -9.869513e-07   9.607317e-11  -9.343780e-01   3.288631e-01  -3.201265e-05
   2.864100e-06  -8.064205e-07   8.194391e-11  -9.543501e-01   2.687083e-01  -2.730462e-05
   2.912441e-06  -6.226239e-07   6.748280e-11  -9.704576e-01   2.074652e-01  -2.248602e-05
   2.949020e-06  -4.363127e-07   5.274916e-11  -9.826463e-01   1.453842e-01  -1.757661e-05
   2.973726e-06  -2.482443e-07   3.780310e-11  -9.908786e-01   8.271776e-02  -1.259641e-05
   2.986494e-06  -5.917898e-08   2.270525e-11  -9.951329e-01   1.971909e-02  -7.565642e-06
   2.987308e-06   1.301236e-07   7.516494e-12  -9.954043e-01  -4.335862e-02  -2.504579e-06
   2.976203e-06   3.189073e-07  -7.702285e-12  -9.917039e-01  -1.062635e-01   2.566487e-06
   2.953259e-06   5.064229e-07  -2.289046e-11  -9.840588e-01  -1.687457e-01   7.627355e-06
   2.918605e-06   6.919308e-07  -3.798789e-11  -9.725115e-01  -2.305590e-01   1.265799e-05
   2.872413e-06   8.747039e-07  -5.293520e-11  -9.571199e-01  -2.914610e-01   1.763860e-05
   2.814903e-06   1.054031e-06  -6.767394e-11  -9.379568e-01  -3.512147e-01   2.254971e-05
   2.746334e-06   1.229217e-06  -8.214687e-11  -9.151090e-01  -4.095888e-01   2.737225e-05
   2.667011e-06   1.399590e-06  -9.629814e-11  -8.886776e-01  -4.663590e-01   3.208761e-05
   2.577275e-06   1.564499e-06  -1.100735e-10  -8.587766e-01  -5.213086e-01   3.667770e-05
   2.477507e-06   1.723319e-06  -1.234204e-10  -8.255327e-01  -5.742291e-01   4.112504e-05
   2.368123e-06   1.875451e-06  -1.362883e-10  -7.890849e-01  -6.249211e-01   4.541277e-05
   2.249575e-06   2.020325e-06  -1.486288e-10  -7.495833e-01  -6.731949e-01   4.952477e-05
   2.122345e-06   2.157403e-06  -1.603958e-10  -7.071890e-01  -7.188708e-01   5.344566e-05
   1.986947e-06   2.286178e-06  -1.715455e-10  -6.620727e-01  -7.617800e-01   5.716086e-05
   1.843921e-06   2.406177e-06  -1.820366e-10  -6.144149e-01  -8.017650e-01   6.065663e-05
   1.693834e-06   2.516962e-06  -1.918307e-10  -5.644042e-01  -8.386798e-01   6.392013e-05
   1.537275e-06   2.618132e-06  -2.008920e-10  -5.122372e-01  -8.723907e-01   6.693945e-05
   1.374857e-06   2.709322e-06  -2.091875e-10  -4.581176e-01  -9.027762e-01   6.970361e-05
   1.207209e-06   2.790206e-06  -2.166873e-10  -4.022553e-01  -9.297278e-01   7.220263e-05
   1.034977e-06   2.860498e-06  -2.233645e-10  -3.448658e-01  -9.531496e-01   7.442753e-05
   8.588227e-07   2.919949e-06  -2.291952e-10  -2.861693e-01  -9.729593e-01   7.637038e-05
   6.794189e-07   2.968352e-06  -2.341587e-10  -2.263899e-01  -9.890877e-01   7.802427e-05
   4.974481e-07   3.005540e-06  -2.382375e-10  -1.657552e-01  -1.001479e+00   7.938339e-05
   3.136002e-07   3.031389e-06  -2.414175e-10  -1.044951e-01  -1.010092e+00   8.044299e-05
   1.285703e-07   3.045812e-06  -2.436876e-10  -4.284104e-02  -1.014898e+00   8.119940e-05
  -5.694389e-08   3.048766e-06  -2.450400e-10   1.897434e-02  -1.015883e+00   8.165006e-05
  -2.422439e-07   3.040250e-06  -2.454706e-10   8.071835e-02  -1.013045e+00   8.179352e-05
  -4.266330e-07   3.020301e-06  -2.449780e-10   1.421589e-01  -1.006398e+00   8.162940e-05
  -6.094185e-07   2.988999e-06  -2.435647e-10   2.030650e-01  -9.959677e-01   8.115845e-05
  -7.899138e-07   2.946464e-06  -2.412359e-10   2.632080e-01  -9.817946e-01   8.038249e-05
  -9.674405e-07   2.892857e-06  -2.380007e-10   3.223619e-01  -9.639319e-01   7.930446e-05
  -1.141331e-06   2.828376e-06  -2.338708e-10   3.803041e-01  -9.424462e-01   7.792835e-05
  -1.310930e-06   2.753260e-06  -2.288616e-10   4.368164e-01  -9.174168e-01   7.625923e-05
  -1.475597e-06   2.667787e-06  -2.229914e-10   4.916853e-01  -8.889361e-01   7.430321e-05
  -1.634709e-06   2.572269e-06  -2.162817e-10   5.447031e-01  -8.571087e-01   7.206746e-05
  -1.787660e-06   2.467059e-06  -2.087570e-10   5.956683e-01  -8.220516e-01   6.956015e-05
  -1.933868e-06   2.352543e-06  -2.004448e-10   6.443864e-01  -7.838935e-01   6.679044e-05
  -2.072772e-06   2.229141e-06  -1.913755e-10   6.906705e-01  -7.427746e-01   6.376845e-05
  -2.203835e-06   2.097308e-06  -1.815824e-10   7.343422e-01  -6.988462e-01   6.050527e-05
  -2.326549e-06   1.957528e-06  -1.711013e-10   7.752318e-01  -6.522702e-01   5.701287e-05
  -2.440432e-06   1.810320e-06  -1.599709e-10   8.131792e-01  -6.032188e-01   5.330409e-05
  -2.545037e-06   1.656229e-06  -1.482323e-10   8.480344e-01  -5.518738e-01   4.939264e-05
  -2.639943e-06   1.495827e-06  -1.359288e-10   8.796584e-01  -4.984261e-01   4.529299e-05
  -2.724769e-06   1.329713e-06  -1.231063e-10   9.079232e-01  -4.430751e-01   4.102038e-05
  -2.799165e-06   1.158510e-06  -1.098126e-10   9.327128e-01  -3.860283e-01   3.659078e-05
  -2.862821e-06   9.828616e-07  -9.609759e-11   9.539236e-01  -3.275004e-01   3.202078e-05
  -2.915464e-06   8.034329e-07  -8.201292e-11   9.714648e-01  -2.677128e-01   2.732762e-05
  -2.956861e-06   6.209056e-07  -6.761195e-11   9.852589e-01  -2.068926e-01   2.252905e-05
  -2.986822e-06   4.359770e-07  -5.294949e-11   9.952421e-01  -1.452724e-01   1.764336e-05
  -3.005197e-06   2.493577e-07  -3.808167e-11   1.001365e+00  -8.308876e-02   1.268924e-05
  -3.011881e-06   6.176870e-08  -2.306574e-11   1.003592e+00  -2.058202e-02   7.685759e-06
  -3.006812e-06  -1.260610e-07  -7.959827e-12   1.001903e+00   4.200492e-02   2.652303e-06
  -2.989976e-06  -3.133969e-07   7.177205e-12   9.962932e-01   1.044273e-01  -2.391524e-06
  -2.961401e-06  -4.995020e-07   2.228603e-11   9.867717e-01   1.664396e-01  -7.425952e-06
  -2.921164e-06  -6.836396e-07   3.730705e-11   9.733642e-01   2.277963e-01  -1.243112e-05
  -2.869386e-06  -8.650761e-07   5.218066e-11   9.561113e-01   2.882530e-01  -1.738718e-05
  -2.806237e-06  -1.043084e-06   6.684745e-11   9.350694e-01   3.475671e-01  -2.227431e-05
  -2.731932e-06  -1.216945e-06   8.124846e-11   9.103102e-01   4.054995e-01  -2.707289e-05
  -2.646733e-06  -1.385952e-06   9.532544e-11   8.819210e-01   4.618146e-01  -3.176349e-05
  -2.550947e-06  -1.549415e-06   1.090211e-10   8.500040e-01   5.162824e-01  -3.632703e-05
  -2.444926e-06  -1.706661e-06   1.222793e-10   8.146766e-01   5.686785e-01  -4.074481e-05
  -2.329067e-06  -1.857039e-06   1.350454e-10   7.760709e-01   6.187861e-01  -4.499861e-05
  -2.203808e-06  -1.999922e-06   1.472664e-10   7.343332e-01   6.663962e-01  -4.907079e-05
  -2.069629e-06  -2.134710e-06   1.588914e-10   6.896234e-01   7.113091e-01  -5.294436e-05
  -1.927052e-06  -2.260835e-06   1.698715e-10   6.421150e-01   7.533352e-01  -5.660306e-05
  -1.776633e-06  -2.377760e-06   1.801604e-10   5.919938e-01   7.922959e-01  -6.003143e-05
  -1.618967e-06  -2.484985e-06   1.897143e-10   5.394579e-01   8.280245e-01  -6.321491e-05
  -1.454682e-06  -2.582049e-06   1.984925e-10   4.847162e-01   8.603673e-01  -6.613990e-05
  -1.284435e-06  -2.668531e-06   2.064572e-10   4.279882e-01   8.891842e-01  -6.879384e-05
  -1.108914e-06  -2.744055e-06   2.135741e-10   3.695026e-01   9.143495e-01  -7.116527e-05
  -9.288309e-07  -2.808287e-06   2.198122e-10   3.094968e-01   9.357525e-01  -7.324387e-05
  -7.449190e-07  -2.860944e-06   2.251442e-10   2.482153e-01   9.532984e-01  -7.502056e-05
  -5.579318e-07  -2.901790e-06   2.295468e-10   1.859091e-01   9.669086e-01  -7.648753e-05
  -3.686382e-07  -2.930638e-06   2.330003e-10   1.228343e-01   9.765213e-01  -7.763827e-05
  -1.778188e-07  -2.947356e-06   2.354893e-10   5.925119e-02   9.820917e-01  -7.846764e-05
   1.373733e-08  -2.951861e-06   2.370025e-10  -4.577431e-03   9.835927e-01  -7.897186e-05
   2.052364e-07  -2.944123e-06   2.375328e-10  -6.838704e-02   9.810146e-01  -7.914858e-05
   3.958837e-07  -2.924169e-06   2.370775e-10  -1.319128e-01   9.743655e-01  -7.899685e-05
   5.848874e-07  -2.892074e-06   2.356379e-10  -1.948910e-01   9.636713e-01  -7.851715e-05
   7.714624e-07  -2.847971e-06   2.332198e-10  -2.570598e-01   9.489754e-01  -7.771142e-05
   9.548338e-07  -2.792041e-06   2.298332e-10  -3.181612e-01   9.303389e-01  -7.658299e-05
   1.134241e-06  -2.724519e-06   2.254925e-10  -3.779417e-01   9.078398e-01  -7.513660e-05
   1.308941e-06  -2.645690e-06   2.202159e-10  -4.361537e-01   8.815731e-01  -7.337839e-05
   1.478212e-06  -2.555887e-06   2.140260e-10  -4.925568e-01   8.516500e-01  -7.131583e-05
   1.641358e-06  -2.455493e-06   2.069490e-10  -5.469185e-01   8.181974e-01  -6.895771e-05
   1.797707e-06  -2.344932e-06   1.990153e-10  -5.990160e-01   7.813572e-01  -6.631410e-05
   1.946623e-06  -2.224674e-06   1.902586e-10  -6.486365e-01   7.412860e-01  -6.339627e-05
   2.087501e-06  -2.095229e-06   1.807162e-10  -6.955786e-01   6.981537e-01  -6.021664e-05
   2.219772e-06  -1.957146e-06   1.704287e-10  -7.396528e-01   6.521427e-01  -5.678873e-05
   2.342907e-06  -1.811007e-06   1.594397e-10  -7.806827e-01   6.034476e-01  -5.312708e-05
   2.456418e-06  -1.657428e-06   1.477957e-10  -8.185057e-01   5.522735e-01  -4.924718e-05
   2.559858e-06  -1.497055e-06   1.355459e-10  -8.529732e-01   4.988352e-01  -4.516539e-05
   2.652828e-06  -1.330557e-06   1.227415e-10  -8.839517e-01   4.433564e-01  -4.089884e-05
   2.734972e-06  -1.158629e-06   1.094363e-10  -9.113230e-01   3.860682e-01  -3.646538e-05
   2.805983e-06  -9.819852e-07   9.568552e-11  -9.349847e-01   3.272084e-01  -3.188348e-05
   2.865601e-06  -8.013536e-07   8.154625e-11  -9.548502e-01   2.670199e-01  -2.717212e-05
   2.913617e-06  -6.174769e-07   6.707676e-11  -9.708495e-01   2.057501e-01  -2.235072e-05
   2.949868e-06  -4.311066e-07   5.233641e-11  -9.829287e-01   1.436495e-01  -1.743907e-05
   2.974242e-06  -2.430002e-07   3.738531e-11  -9.910506e-01   8.097037e-02  -1.245720e-05
   2.986678e-06  -5.391807e-08   2.228411e-11  -9.951942e-01   1.796610e-02  -7.425313e-06
   2.987161e-06   1.353803e-07   7.093697e-12  -9.953551e-01  -4.511021e-02  -2.363699e-06
   2.975725e-06   3.241389e-07  -8.125049e-12  -9.915446e-01  -1.080067e-01   2.707356e-06
   2.952454e-06   5.116086e-07  -2.331151e-11  -9.837904e-01  -1.704737e-01   7.767654e-06
   2.917476e-06   6.970502e-07  -3.840557e-11  -9.721354e-01  -2.322649e-01   1.279716e-05
   2.870967e-06   8.797371e-07  -5.334787e-11  -9.566380e-01  -2.931382e-01   1.777610e-05
   2.813145e-06   1.058958e-06  -6.807999e-11  -9.373712e-01  -3.528565e-01   2.268501e-05
   2.744274e-06   1.234020e-06  -8.254473e-11  -9.144225e-01  -4.111891e-01   2.750482e-05
   2.664656e-06   1.404250e-06  -9.668627e-11  -8.878930e-01  -4.679116e-01   3.221694e-05
   2.574636e-06   1.568998e-06  -1.104504e-10  -8.578973e-01  -5.228076e-01   3.680330e-05
   2.474595e-06   1.727640e-06  -1.237847e-10  -8.245625e-01  -5.756688e-01   4.124642e-05
   2.364950e-06   1.879578e-06  -1.366386e-10  -7.880277e-01  -6.262961e-01   4.552949e-05
   2.246154e-06   2.024243e-06  -1.489638e-10  -7.484435e-01  -6.745001e-01   4.963638e-05
   2.118690e-06   2.161096e-06  -1.607142e-10  -7.059712e-01  -7.201013e-01   5.355175e-05
   1.983073e-06   2.289634e-06  -1.718461e-10  -6.607818e-01  -7.629314e-01   5.726103e-05
   1.839843e-06   2.409382e-06  -1.823184e-10  -6.130560e-01  -8.028329e-01   6.075051e-05
   1.689568e-06   2.519905e-06  -1.920926e-10  -5.629827e-01  -8.396605e-01   6.400739e-05
   1.532838e-06   2.620803e-06  -2.011330e-10  -5.107587e-01  -8.732805e-01   6.701976e-05
   1.370266e-06   2.711711e-06  -2.094068e-10  -4.565878e-01  -9.035721e-01   6.977668e-05
   1.202481e-06   2.792304e-06  -2.168841e-10  -4.006801e-01  -9.304267e-01   7.226820e-05
   1.030132e-06   2.862297e-06  -2.235381e-10  -3.432513e-01  -9.537492e-01   7.448537e-05
   8.538780e-07   2.921444e-06  -2.293449e-10  -2.845216e-01  -9.734575e-01   7.642027e-05
   6.743936e-07   2.969537e-06  -2.342841e-10  -2.247154e-01  -9.894828e-01   7.806605e-05
   4.923613e-07   3.006412e-06  -2.383381e-10  -1.640603e-01  -1.001770e+00   7.941690e-05
   3.084712e-07   3.031944e-06  -2.414929e-10  -1.027860e-01  -1.010277e+00   8.046812e-05
   1.234183e-07   3.046049e-06  -2.437376e-10  -4.112436e-02  -1.014977e+00   8.121606e-05
  -6.209932e-08   3.048684e-06  -2.450645e-10   2.069218e-02  -1.015855e+00   8.165820e-05
  -2.473834e-07   3.039850e-06  -2.454693e-10   8.243089e-02  -1.012912e+00   8.179311e-05
  -4.317373e-07   3.019584e-06  -2.449512e-10   1.438597e-01  -1.006159e+00   8.162045e-05
  -6.144684e-07   2.987968e-06  -2.435123e-10   2.047477e-01  -9.956242e-01   8.114099e-05
  -7.948903e-07   2.945123e-06  -2.411582e-10   2.648663e-01  -9.813478e-01   8.035660e-05
  -9.723249e-07   2.891211e-06  -2.378979e-10   3.239895e-01  -9.633835e-01   7.927023e-05
  -1.146105e-06   2.826431e-06  -2.337434e-10   3.818949e-01  -9.417981e-01   7.788590e-05
  -1.315575e-06   2.751023e-06  -2.287100e-10   4.383643e-01  -9.166715e-01   7.620871e-05
  -1.480096e-06   2.665266e-06  -2.228162e-10   4.931845e-01  -8.880963e-01   7.424483e-05
  -1.639045e-06   2.569475e-06  -2.160835e-10   5.461480e-01  -8.561776e-01   7.200142e-05
  -1.791817e-06   2.464001e-06  -2.085365e-10   5.970533e-01  -8.210325e-01   6.948668e-05
  -1.937829e-06   2.349232e-06  -2.002029e-10   6.457063e-01  -7.827901e-01   6.670982e-05
  -2.076522e-06   2.225589e-06  -1.911130e-10   6.919202e-01  -7.415910e-01   6.368098e-05
  -2.207360e-06   2.093528e-06  -1.813003e-10   7.355169e-01  -6.975868e-01   6.041126e-05
  -2.329835e-06   1.953536e-06  -1.708006e-10   7.763268e-01  -6.509397e-01   5.691266e-05
  -2.443467e-06   1.806129e-06  -1.596528e-10   8.141902e-01  -6.018221e-01   5.319807e-05
  -2.547807e-06   1.651854e-06  -1.478978e-10   8.489575e-01  -5.504160e-01   4.928118e-05
  -2.642438e-06   1.491285e-06  -1.355793e-10   8.804898e-01  -4.969127e-01   4.517652e-05
  -2.726979e-06   1.325021e-06  -1.227430e-10   9.086595e-01  -4.415117e-01   4.089933e-05
  -2.801080e-06   1.153686e-06  -1.094369e-10   9.333511e-01  -3.844208e-01   3.646560e-05
  -2.864434e-06   9.779233e-07  -9.571093e-11   9.544610e-01  -3.258549e-01   3.189195e-05
  -2.916767e-06   7.983993e-07  -8.161675e-11   9.718991e-01  -2.660355e-01   2.719561e-05
  -2.957849e-06   6.157957e-07  -6.720777e-11   9.855880e-01  -2.051900e-01   2.239437e-05
  -2.987489e-06   4.308105e-07  -5.253884e-11   9.954646e-01  -1.435509e-01   1.750652e-05
  -3.005541e-06   2.441545e-07  -3.766612e-11   1.001480e+00  -8.135499e-02   1.255077e-05
  -3.011899e-06   5.654891e-08  -2.264690e-11   1.003598e+00  -1.884272e-02   7.546198e-06
  -3.006503e-06  -1.312770e-07  -7.539326e-12   1.001800e+00   4.374295e-02   2.512187e-06
  -2.989340e-06  -3.185887e-07   7.597725e-12   9.960814e-01   1.061573e-01  -2.531646e-06
  -2.960440e-06  -5.046491e-07   2.270491e-11   9.864515e-01   1.681547e-01  -7.565530e-06
  -2.919880e-06  -6.887215e-07   3.772265e-11   9.729364e-01   2.294897e-01  -1.256961e-05
