Method       t0       tn       N         h
 Euler        0    1e+02  100000     0.001

x  -  y  -  z  .........
  -2.883410e-06  -8.199914e-07   4.847779e-11   9.607842e-01   2.732302e-01  -1.615334e-05
  -1.807959e-06  -2.346596e-06   1.774708e-10   6.024319e-01   7.819117e-01  -5.913523e-05
  -1.511987e-08  -2.934172e-06   2.354093e-10   5.038108e-03   9.776988e-01  -7.844100e-05
   1.780525e-06  -2.313735e-06   1.964081e-10  -5.932906e-01   7.709621e-01  -6.544535e-05
   2.830052e-06  -7.254449e-07   7.524000e-11  -9.430046e-01   2.417263e-01  -2.507080e-05
   2.698092e-06   1.167416e-06  -7.747671e-11  -8.990343e-01  -3.889961e-01   2.581610e-05
   1.460799e-06   2.586219e-06  -1.987905e-10  -4.867545e-01  -8.617570e-01   6.623919e-05
  -3.583968e-07   2.984957e-06  -2.417310e-10   1.194218e-01  -9.946208e-01   8.054747e-05
  -2.046417e-06   2.249459e-06  -1.928478e-10   6.818888e-01  -7.495447e-01   6.425903e-05
  -2.989397e-06   6.889704e-07  -7.327053e-11   9.961004e-01  -2.295726e-01   2.441455e-05
  -2.871772e-06  -1.118606e-06   7.251492e-11   9.569064e-01   3.727319e-01  -2.416278e-05
  -1.750058e-06  -2.535959e-06   1.930174e-10   5.831386e-01   8.450097e-01  -6.431554e-05
  -1.696591e-08  -3.065617e-06   2.459481e-10   5.653231e-03   1.021498e+00  -8.195264e-05
   1.719422e-06  -2.504517e-06   2.113531e-10  -5.729306e-01   8.345328e-01  -7.042520e-05
   2.821706e-06  -1.027156e-06   9.940553e-11  -9.402238e-01   3.422598e-01  -3.312303e-05
   2.846401e-06   8.371258e-07  -5.007553e-11  -9.484525e-01  -2.789396e-01   1.668572e-05
   1.742920e-06   2.364472e-06  -1.792965e-10  -5.807603e-01  -7.878682e-01   5.974360e-05
  -7.255795e-08   2.919705e-06  -2.347753e-10   2.417711e-02  -9.728781e-01   7.822974e-05
  -1.856294e-06   2.254330e-06  -1.920957e-10   6.185378e-01  -7.511678e-01   6.400843e-05
  -2.864653e-06   6.452763e-07  -6.901360e-11   9.545340e-01  -2.150132e-01   2.299610e-05
  -2.697371e-06  -1.232291e-06   8.268799e-11   8.987940e-01   4.106131e-01  -2.755256e-05
  -1.455924e-06  -2.624517e-06   2.018936e-10   4.851299e-01   8.745182e-01  -6.727318e-05
   3.460012e-07  -3.016783e-06   2.442109e-10  -1.152914e-01   1.005226e+00  -8.137379e-05
   2.025024e-06  -2.300382e-06   1.968064e-10  -6.747605e-01   7.665130e-01  -6.557807e-05
   2.984907e-06  -7.628042e-07   7.916952e-11  -9.946040e-01   2.541748e-01  -2.638016e-05
   2.900465e-06   1.042769e-06  -6.625568e-11  -9.664671e-01  -3.474623e-01   2.207713e-05
   1.802764e-06   2.483261e-06  -1.884709e-10  -6.007011e-01  -8.274500e-01   6.280059e-05
   6.775642e-08   3.041603e-06  -2.437154e-10  -2.257719e-02  -1.013496e+00   8.120868e-05
  -1.687980e-06   2.489656e-06  -2.099713e-10   5.624537e-01  -8.295810e-01   6.996477e-05
  -2.799640e-06   9.965612e-07  -9.681728e-11   9.328710e-01  -3.320653e-01   3.226059e-05
  -2.804520e-06  -8.851850e-07   5.418462e-11   9.344972e-01   2.949535e-01  -1.805492e-05
  -1.664627e-06  -2.401492e-06   1.827385e-10   5.546720e-01   8.002037e-01  -6.089050e-05
   1.686424e-07  -2.914390e-06   2.349264e-10  -5.619351e-02   9.711070e-01  -7.828008e-05
   1.932224e-06  -2.206964e-06   1.887506e-10  -6.438386e-01   7.353849e-01  -6.289379e-05
   2.901993e-06  -5.877900e-07   6.462417e-11  -9.669762e-01   1.958582e-01  -2.153349e-05
   2.713289e-06   1.270919e-06  -8.569263e-11  -9.040981e-01  -4.234845e-01   2.855374e-05
   1.480228e-06   2.646058e-06  -2.034764e-10  -4.932284e-01  -8.816960e-01   6.780059e-05
  -3.031749e-07   3.046382e-06  -2.463291e-10   1.010212e-01  -1.015088e+00   8.207958e-05
  -1.981223e-06   2.357478e-06  -2.011256e-10   6.601654e-01  -7.855377e-01   6.701727e-05
  -2.965890e-06   8.414449e-07  -8.536699e-11   9.882674e-01  -2.803788e-01   2.844523e-05
  -2.914865e-06  -9.679055e-07   6.016045e-11   9.712653e-01   3.225169e-01  -2.004613e-05
  -1.833890e-06  -2.432853e-06   1.842380e-10   6.110725e-01   8.106537e-01  -6.139014e-05
  -8.971901e-08  -3.011650e-06   2.411793e-10   2.989537e-02   1.003515e+00  -8.036361e-05
   1.683416e-06  -2.454839e-06   2.071495e-10  -5.609329e-01   8.179798e-01  -6.902450e-05
   2.791489e-06  -9.371614e-07   9.200077e-11  -9.301550e-01   3.122726e-01  -3.065568e-05
   2.762351e-06   9.579268e-07  -6.027649e-11  -9.204462e-01  -3.191918e-01   2.008480e-05
   1.583122e-06   2.451946e-06  -1.872781e-10  -5.275138e-01  -8.170157e-01   6.240314e-05
  -2.599178e-07   2.918866e-06  -2.358344e-10   8.660750e-02  -9.725986e-01   7.858265e-05
  -1.998525e-06   2.178667e-06  -1.868780e-10   6.659307e-01  -7.259559e-01   6.226983e-05
  -2.938105e-06   5.605236e-07  -6.265286e-11   9.790093e-01  -1.867727e-01   2.087663e-05
  -2.743672e-06  -1.279164e-06   8.617166e-11   9.142218e-01   4.262315e-01  -2.871335e-05
  -1.529026e-06  -2.648199e-06   2.033548e-10   5.094884e-01   8.824093e-01  -6.776008e-05
   2.370836e-07  -3.068614e-06   2.477161e-10  -7.899890e-02   1.022496e+00  -8.254176e-05
   1.921519e-06  -2.411419e-06   2.050960e-10  -6.402714e-01   8.035117e-01  -6.834028e-05
   2.935170e-06  -9.128075e-07   9.090994e-11  -9.780312e-01   3.041576e-01  -3.029220e-05
   2.913160e-06   9.057496e-07  -5.518199e-11  -9.706971e-01  -3.018058e-01   1.838725e-05
   1.838625e-06   2.393258e-06  -1.810316e-10  -6.126503e-01  -7.974602e-01   6.032173e-05
   7.848394e-08   2.980526e-06  -2.387488e-10  -2.615172e-02  -9.931443e-01   7.955374e-05
  -1.707199e-06   2.404009e-06  -2.032128e-10   5.688578e-01  -8.010425e-01   6.771275e-05
  -2.797714e-06   8.560916e-07  -8.553144e-11   9.322294e-01  -2.852592e-01   2.850002e-05
  -2.724665e-06  -1.045307e-06   6.751634e-11   9.078888e-01   3.483081e-01  -2.249720e-05
  -1.509477e-06  -2.508710e-06   1.922768e-10   5.029746e-01   8.359302e-01  -6.406877e-05
   3.340026e-07  -2.933223e-06   2.374321e-10  -1.112934e-01   9.773825e-01  -7.911503e-05
   2.047200e-06  -2.173779e-06   1.867784e-10  -6.821499e-01   7.243273e-01  -6.223663e-05
   2.968825e-06  -5.663598e-07   6.330597e-11  -9.892456e-01   1.887174e-01  -2.109425e-05
   2.783552e-06   1.256963e-06  -8.415001e-11  -9.275104e-01  -4.188339e-01   2.803972e-05
   1.593964e-06   2.630557e-06  -2.015484e-10  -5.311265e-01  -8.765308e-01   6.715818e-05
  -1.580714e-07   3.079449e-06  -2.481107e-10   5.267115e-02  -1.026107e+00   8.267323e-05
  -1.854963e-06   2.453791e-06  -2.080967e-10   6.180944e-01  -8.176302e-01   6.934012e-05
  -2.897858e-06   9.659870e-07  -9.495387e-11   9.655984e-01  -3.218776e-01   3.163968e-05
  -2.896077e-06  -8.664391e-07   5.212959e-11   9.650049e-01   2.887071e-01  -1.737016e-05
  -1.815649e-06  -2.371312e-06   1.794083e-10   6.049945e-01   7.901475e-01  -5.978084e-05
  -3.438124e-08  -2.952446e-06   2.367602e-10   1.145621e-02   9.837879e-01  -7.889113e-05
   1.756228e-06  -2.342951e-06   1.986069e-10  -5.851947e-01   7.806973e-01  -6.617803e-05
   2.816577e-06  -7.638542e-07   7.824176e-11  -9.385147e-01   2.545247e-01  -2.607102e-05
   2.696290e-06   1.135211e-06  -7.490269e-11  -8.984339e-01  -3.782648e-01   2.495841e-05
   1.454071e-06   2.564534e-06  -1.970904e-10  -4.845126e-01  -8.545310e-01   6.567270e-05
  -3.812835e-07   2.956518e-06  -2.395861e-10   1.270479e-01  -9.851448e-01   7.983276e-05
  -2.072743e-06   2.192858e-06  -1.884633e-10   6.906608e-01  -7.306847e-01   6.279805e-05
  -2.990032e-06   6.032149e-07  -6.639151e-11   9.963117e-01  -2.009979e-01   2.212239e-05
  -2.826109e-06  -1.208280e-06   7.998678e-11   9.416909e-01   4.026122e-01  -2.665248e-05
  -1.664493e-06  -2.595465e-06   1.983078e-10   5.546276e-01   8.648376e-01  -6.607837e-05
   7.826618e-08  -3.076965e-06   2.474315e-10  -2.607916e-02   1.025279e+00  -8.244693e-05
   1.792000e-06  -2.478320e-06   2.096869e-10  -5.971142e-01   8.258038e-01  -6.987000e-05
   2.860390e-06  -9.926684e-07   9.687008e-11  -9.531137e-01   3.307681e-01  -3.227819e-05
   2.866306e-06   8.569285e-07  -5.154525e-11  -9.550851e-01  -2.855381e-01   1.717545e-05
   1.767147e-06   2.370816e-06  -1.796601e-10  -5.888331e-01  -7.899821e-01   5.986473e-05
  -3.743119e-08   2.930483e-06  -2.354292e-10   1.247249e-02  -9.764694e-01   7.844761e-05
  -1.823459e-06   2.278955e-06  -1.938748e-10   6.075969e-01  -7.593732e-01   6.460123e-05
  -2.845021e-06   6.729458e-07  -7.111635e-11   9.479924e-01  -2.242330e-01   2.369676e-05
  -2.681557e-06  -1.215499e-06   8.143530e-11   8.935246e-01   4.050178e-01  -2.713515e-05
  -1.424715e-06  -2.612864e-06   2.011459e-10   4.747307e-01   8.706351e-01  -6.702405e-05
   3.962355e-07  -2.986253e-06   2.420626e-10  -1.320301e-01   9.950527e-01  -8.065793e-05
   2.072535e-06  -2.232416e-06   1.916370e-10  -6.905918e-01   7.438658e-01  -6.385557e-05
   2.998318e-06  -6.645169e-07   7.136150e-11  -9.990728e-01   2.214244e-01  -2.377844e-05
   2.864087e-06   1.140672e-06  -7.433220e-11  -9.543454e-01  -3.800846e-01   2.476831e-05
   1.729578e-06   2.548048e-06  -1.941108e-10  -5.763145e-01  -8.490378e-01   6.467988e-05
  -9.941448e-09   3.061792e-06  -2.458029e-10   3.312601e-03  -1.020223e+00   8.190425e-05
  -1.742903e-06   2.481560e-06  -2.096518e-10   5.807547e-01  -8.268834e-01   6.985829e-05
  -2.829162e-06   9.881425e-07  -9.631908e-11   9.427080e-01  -3.292601e-01   3.209459e-05
  -2.827722e-06  -8.797968e-07   5.361266e-11   9.422283e-01   2.931581e-01  -1.786433e-05
  -1.698600e-06  -2.391844e-06   1.817599e-10   5.659922e-01   7.969888e-01  -6.056442e-05
   1.275524e-07  -2.916570e-06   2.348543e-10  -4.250189e-02   9.718335e-01  -7.825607e-05
   1.899336e-06  -2.220284e-06   1.896219e-10  -6.328800e-01   7.398231e-01  -6.318412e-05
   2.879481e-06  -5.959297e-07   6.514213e-11  -9.594751e-01   1.985704e-01  -2.170608e-05
   2.683304e-06   1.275855e-06  -8.626907e-11  -8.941067e-01  -4.251292e-01   2.874581e-05
   1.425165e-06   2.648239e-06  -2.039824e-10  -4.748808e-01  -8.824226e-01   6.796922e-05
  -3.780151e-07   3.018293e-06  -2.445246e-10   1.259588e-01  -1.005729e+00   8.147830e-05
  -2.047137e-06   2.285567e-06  -1.957502e-10   6.821287e-01  -7.615763e-01   6.522615e-05
  -2.991890e-06   7.403032e-07  -7.740555e-11   9.969310e-01  -2.466773e-01   2.579239e-05
  -2.891259e-06  -1.064429e-06   6.804947e-11   9.633994e-01   3.546796e-01  -2.267484e-05
  -1.779323e-06  -2.495725e-06   1.896122e-10   5.928902e-01   8.316033e-01  -6.318090e-05
  -3.615981e-08  -3.036850e-06   2.435239e-10   1.204885e-02   1.011912e+00  -8.114486e-05
   1.716072e-06  -2.462988e-06   2.079998e-10  -5.718142e-01   8.206950e-01  -6.930785e-05
   2.809156e-06  -9.518863e-07   9.328882e-11  -9.360419e-01   3.171791e-01  -3.108487e-05
   2.784754e-06   9.326898e-07  -5.811625e-11  -9.279108e-01  -3.107826e-01   1.936498e-05
   1.618357e-06   2.430948e-06  -1.853809e-10  -5.392544e-01  -8.100189e-01   6.177099e-05
  -2.236915e-07   2.911891e-06  -2.350568e-10   7.453650e-02  -9.702743e-01   7.832352e-05
  -1.973570e-06   2.175165e-06  -1.864469e-10   6.576153e-01  -7.247890e-01   6.212618e-05
  -2.916240e-06   5.433380e-07  -6.114206e-11   9.717235e-01  -1.810463e-01   2.037321e-05
  -2.701851e-06  -1.309071e-06   8.882349e-11   9.002867e-01   4.361970e-01  -2.959697e-05
  -1.454448e-06  -2.666561e-06   2.052769e-10   4.846383e-01   8.885277e-01  -6.840055e-05
   3.304042e-07  -3.047459e-06   2.465792e-10  -1.100944e-01   1.015447e+00  -8.216293e-05
   2.000404e-06  -2.343366e-06   2.001083e-10  -6.665567e-01   7.808356e-01  -6.667830e-05
   2.971309e-06  -8.187338e-07   8.357674e-11  -9.900732e-01   2.728112e-01  -2.784870e-05
   2.903540e-06   9.912732e-07  -6.210405e-11  -9.674917e-01  -3.303032e-01   2.069376e-05
   1.806254e-06   2.447101e-06  -1.855477e-10  -6.018639e-01  -8.154014e-01   6.182656e-05
   5.231925e-08   3.006507e-06  -2.409913e-10  -1.743336e-02  -1.001801e+00   8.030098e-05
  -1.716509e-06   2.424714e-06  -2.049305e-10   5.719598e-01  -8.079416e-01   6.828512e-05
  -2.803004e-06   8.877168e-07  -8.810152e-11   9.339921e-01  -2.957971e-01   2.935640e-05
  -2.742112e-06  -1.008589e-06   6.446440e-11   9.137021e-01   3.360731e-01  -2.148025e-05
  -1.536848e-06  -2.482167e-06   1.899819e-10   5.120947e-01   8.270857e-01  -6.330407e-05
   3.126332e-07  -2.917164e-06   2.360148e-10  -1.041728e-01   9.720316e-01  -7.864275e-05
   2.036723e-06  -2.150343e-06   1.848343e-10  -6.786586e-01   7.165180e-01  -6.158886e-05
   2.951376e-06  -5.219271e-07   5.963484e-11  -9.834313e-01   1.739119e-01  -1.987099e-05
   2.734490e-06   1.311746e-06  -8.884196e-11  -9.111625e-01  -4.370883e-01   2.960313e-05
   1.507109e-06   2.665509e-06  -2.048759e-10  -5.021855e-01  -8.881772e-01   6.826693e-05
  -2.612077e-07   3.068631e-06  -2.478625e-10   8.703732e-02  -1.022502e+00   8.259053e-05
  -1.939280e-06   2.396458e-06  -2.040020e-10   6.461897e-01  -7.985263e-01   6.797573e-05
  -2.939733e-06   8.877857e-07  -8.892910e-11   9.795518e-01  -2.958201e-01   2.963216e-05
  -2.899485e-06  -9.327476e-07   5.743110e-11   9.661406e-01   3.108019e-01  -1.913668e-05
  -1.806112e-06  -2.410444e-06   1.826065e-10   6.018165e-01   8.031869e-01  -6.084650e-05
  -3.497272e-08  -2.975451e-06   2.386030e-10   1.165330e-02   9.914532e-01  -7.950517e-05
   1.744853e-06  -2.371053e-06   2.007941e-10  -5.814044e-01   7.900612e-01  -6.690681e-05
   2.810790e-06  -8.034925e-07   8.138839e-11  -9.365865e-01   2.677326e-01  -2.711951e-05
   2.704730e-06   1.096962e-06  -7.178206e-11  -9.012461e-01  -3.655199e-01   2.391858e-05
   1.465246e-06   2.538403e-06  -1.949259e-10  -4.882361e-01  -8.458240e-01   6.495147e-05
  -3.823934e-07   2.932479e-06  -2.376634e-10   1.274177e-01  -9.771346e-01   7.919208e-05
  -2.081284e-06   2.149589e-06  -1.850418e-10   6.935069e-01  -7.162669e-01   6.165797e-05
  -2.980726e-06   5.336746e-07  -6.075417e-11   9.932110e-01  -1.778263e-01   2.024396e-05
  -2.775797e-06  -1.284540e-06   8.641004e-11   9.249262e-01   4.280230e-01  -2.879278e-05
  -1.574245e-06  -2.645084e-06   2.028329e-10   5.245558e-01   8.813713e-01  -6.758619e-05
   1.811839e-07  -3.077984e-06   2.481321e-10  -6.037248e-02   1.025618e+00  -8.268035e-05
   1.873087e-06  -2.436639e-06   2.068290e-10  -6.241334e-01   8.119151e-01  -6.891772e-05
   2.902488e-06  -9.368859e-07   9.264601e-11  -9.671411e-01   3.121808e-01  -3.087068e-05
   2.880134e-06   8.985060e-07  -5.479917e-11  -9.596927e-01  -2.993922e-01   1.825969e-05
   1.778177e-06   2.392088e-06  -1.813011e-10  -5.925085e-01  -7.970702e-01   6.041153e-05
  -1.466111e-08   2.947720e-06  -2.366758e-10   4.885244e-03  -9.822132e-01   7.886299e-05
  -1.797245e-06   2.308158e-06  -1.960610e-10   5.988619e-01  -7.691040e-01   6.532971e-05
  -2.830585e-06   7.102517e-07  -7.402378e-11   9.431825e-01  -2.366637e-01   2.466554e-05
  -2.677555e-06  -1.185590e-06   7.905880e-11   8.921911e-01   3.950516e-01  -2.634327e-05
  -1.413666e-06  -2.592618e-06   1.995874e-10   4.710493e-01   8.638890e-01  -6.650472e-05
   4.240512e-07  -2.956738e-06   2.398609e-10  -1.412986e-01   9.852180e-01  -7.992431e-05
   2.102273e-06  -2.172736e-06   1.870258e-10  -7.005008e-01   7.239798e-01  -6.231907e-05
   3.000204e-06  -5.756255e-07   6.423830e-11  -9.997012e-01   1.918048e-01  -2.140492e-05
   2.818688e-06   1.232065e-06  -8.194048e-11  -9.392182e-01  -4.105379e-01   2.730348e-05
   1.645042e-06   2.608029e-06  -1.994332e-10  -5.481462e-01  -8.690243e-01   6.645336e-05
  -1.026011e-07   3.073921e-06  -2.473335e-10   3.418781e-02  -1.024264e+00   8.241426e-05
  -1.812292e-06   2.458016e-06  -2.081792e-10   6.038758e-01  -8.190381e-01   6.936763e-05
  -2.866016e-06   9.582656e-07  -9.414270e-11   9.549883e-01  -3.193047e-01   3.136939e-05
  -2.848388e-06  -8.947744e-07   5.469053e-11   9.491144e-01   2.981487e-01  -1.822349e-05
  -1.725253e-06  -2.395178e-06   1.818673e-10   5.748735e-01   7.980999e-01  -6.060020e-05
   9.057488e-08  -2.926227e-06   2.354071e-10  -3.018055e-02   9.750513e-01  -7.844025e-05
   1.866123e-06  -2.243656e-06   1.912981e-10  -6.218128e-01   7.476111e-01  -6.374265e-05
   2.859344e-06  -6.207049e-07   6.700955e-11  -9.527653e-01   2.068258e-01  -2.232833e-05
   2.664866e-06   1.262609e-06  -8.531672e-11  -8.879630e-01  -4.207152e-01   2.842848e-05
   1.389315e-06   2.638538e-06  -2.034194e-10  -4.629353e-01  -8.791902e-01   6.778160e-05
  -4.329227e-07   2.987173e-06  -2.423569e-10   1.442546e-01  -9.953591e-01   8.075602e-05
  -2.097613e-06   2.215592e-06  -1.904374e-10   6.989480e-01  -7.382599e-01   6.345587e-05
  -3.006551e-06   6.404947e-07  -6.948295e-11   1.001816e+00  -2.134200e-01   2.315249e-05
  -2.855897e-06  -1.162395e-06   7.612497e-11   9.516166e-01   3.873230e-01  -2.536568e-05
  -1.708496e-06  -2.559832e-06   1.951834e-10   5.692900e-01   8.529645e-01  -6.503727e-05
   3.757888e-08  -3.057399e-06   2.456165e-10  -1.252170e-02   1.018759e+00  -8.184215e-05
   1.766904e-06  -2.457584e-06   2.078717e-10  -5.887521e-01   8.188942e-01  -6.926515e-05
   2.836490e-06  -9.479116e-07   9.313415e-11  -9.451501e-01   3.158547e-01  -3.103333e-05
   2.808243e-06   9.232527e-07  -5.721759e-11  -9.357377e-01  -3.076380e-01   1.906554e-05
   1.653420e-06   2.419144e-06  -1.842227e-10  -5.509380e-01  -8.060858e-01   6.138506e-05
  -1.827065e-07   2.912853e-06  -2.348876e-10   6.087984e-02  -9.705950e-01   7.826716e-05
  -1.941756e-06   2.186019e-06  -1.871268e-10   6.470145e-01  -7.284058e-01   6.235273e-05
  -2.893618e-06   5.472287e-07  -6.131832e-11   9.641855e-01  -1.823427e-01   2.043194e-05
  -2.669211e-06  -1.318251e-06   8.975650e-11   8.894108e-01   4.392558e-01  -2.990786e-05
  -1.395128e-06  -2.670978e-06   2.059881e-10   4.648722e-01   8.899997e-01  -6.863754e-05
   4.090214e-07  -3.019382e-06   2.447984e-10  -1.362905e-01   1.006091e+00  -8.156953e-05
   2.068401e-06  -2.270741e-06   1.946881e-10  -6.892143e-01   7.566362e-01  -6.487225e-05
   2.998250e-06  -7.178502e-07   7.564168e-11  -9.990501e-01   2.391956e-01  -2.520465e-05
   2.881405e-06   1.086133e-06  -6.985066e-11  -9.601162e-01  -3.619114e-01   2.327502e-05
   1.754996e-06   2.508122e-06  -1.907535e-10  -5.847843e-01  -8.357341e-01   6.356118e-05
   3.574126e-09   3.031570e-06  -2.432960e-10  -1.190938e-03  -1.010153e+00   8.106892e-05
  -1.744774e-06   2.435260e-06  -2.059469e-10   5.813780e-01  -8.114556e-01   6.862379e-05
  -2.818498e-06   9.060790e-07  -8.966845e-11   9.391550e-01  -3.019156e-01   2.987852e-05
  -2.764237e-06  -9.806976e-07   6.209277e-11   9.210745e-01   3.267793e-01  -2.069000e-05
  -1.571556e-06  -2.460070e-06   1.879997e-10   5.236600e-01   8.197226e-01  -6.264357e-05
   2.784360e-07  -2.908841e-06   2.351411e-10  -9.277795e-02   9.692580e-01  -7.835163e-05
   2.014011e-06  -2.143441e-06   1.841438e-10  -6.710909e-01   7.142182e-01  -6.135877e-05
   2.929782e-06  -4.997912e-07   5.772836e-11  -9.762359e-01   1.665360e-01  -1.923573e-05
   2.690426e-06   1.345999e-06  -9.185608e-11  -8.964797e-01  -4.485019e-01   3.060747e-05
   1.429271e-06   2.686120e-06  -2.069982e-10  -4.762488e-01  -8.950451e-01   6.897409e-05
  -3.568988e-07   3.048042e-06  -2.467853e-10   1.189226e-01  -1.015642e+00   8.223161e-05
  -2.019003e-06   2.328973e-06  -1.990649e-10   6.727542e-01  -7.760396e-01   6.633063e-05
  -2.976210e-06   7.956709e-07  -8.175515e-11   9.917060e-01  -2.651264e-01   2.724172e-05
  -2.891469e-06  -1.015051e-06   6.408505e-11   9.634697e-01   3.382262e-01  -2.135385e-05
  -1.777531e-06  -2.461477e-06   1.868742e-10   5.922931e-01   8.201915e-01  -6.226857e-05
  -1.380863e-08  -3.000860e-06   2.407696e-10   4.601188e-03   9.999198e-01  -8.022712e-05
   1.750149e-06  -2.393557e-06   2.026321e-10  -5.831690e-01   7.975598e-01  -6.751926e-05
   2.814230e-06  -8.373742e-07   8.412845e-11  -9.377325e-01   2.790224e-01  -2.803253e-05
   2.721224e-06   1.059360e-06  -6.866494e-11  -9.067420e-01  -3.529906e-01   2.287992e-05
   1.490433e-06   2.511800e-06  -1.926393e-10  -4.966287e-01  -8.369596e-01   6.418955e-05
  -3.646296e-07   2.914982e-06  -2.361522e-10   1.214986e-01  -9.713043e-01   7.868854e-05
  -2.073837e-06   2.122314e-06  -1.828079e-10   6.910256e-01  -7.071787e-01   6.091362e-05
  -2.963942e-06   4.843307e-07  -5.669285e-11   9.876182e-01  -1.613844e-01   1.889069e-05
  -2.725262e-06  -1.343186e-06   9.142087e-11   9.080876e-01   4.475646e-01  -3.046245e-05
  -1.485548e-06  -2.681969e-06   2.063266e-10   4.950010e-01   8.936618e-01  -6.875032e-05
   2.849612e-07  -3.068087e-06   2.479616e-10  -9.495223e-02   1.022320e+00  -8.262356e-05
   1.956774e-06  -2.380947e-06   2.028623e-10  -6.520189e-01   7.933581e-01  -6.759597e-05
   2.943911e-06  -8.620475e-07   8.688843e-11  -9.809437e-01   2.872438e-01  -2.895219e-05
   2.885010e-06   9.604486e-07  -5.974144e-11  -9.613173e-01  -3.200321e-01   1.990651e-05
   1.772409e-06   2.427867e-06  -1.842074e-10  -5.905864e-01  -8.089921e-01   6.137995e-05
  -9.608679e-09   2.969864e-06  -2.384227e-10   3.201718e-03  -9.895918e-01   7.944509e-05
  -1.782843e-06   2.337174e-06  -1.983033e-10   5.940632e-01  -7.787723e-01   6.607685e-05
  -2.823428e-06   7.503580e-07  -7.719973e-11   9.407976e-01  -2.500276e-01   2.572381e-05
  -2.684306e-06  -1.148291e-06   7.602454e-11   8.944407e-01   3.826232e-01  -2.533222e-05
  -1.421258e-06  -2.567309e-06   1.975104e-10   4.735790e-01   8.554560e-01  -6.581267e-05
   4.297677e-07  -2.931331e-06   2.378560e-10  -1.432034e-01   9.767519e-01  -7.925626e-05
   2.114212e-06  -2.125793e-06   1.833299e-10  -7.044789e-01   7.083379e-01  -6.108755e-05
   2.991920e-06  -5.019146e-07   5.827237e-11  -9.969409e-01   1.672435e-01  -1.941700e-05
   2.767858e-06   1.311178e-06  -8.859573e-11  -9.222809e-01  -4.368990e-01   2.952108e-05
   1.554554e-06   2.658910e-06  -2.040610e-10  -5.179946e-01  -8.859784e-01   6.799540e-05
  -2.043344e-07   3.075920e-06  -2.481056e-10   6.808650e-02  -1.024931e+00   8.267153e-05
  -1.891267e-06   2.418712e-06  -2.054994e-10   6.301912e-01  -8.059415e-01   6.847470e-05
  -2.906862e-06   9.067823e-07  -9.025615e-11   9.685986e-01  -3.021499e-01   3.007435e-05
  -2.863368e-06  -9.314470e-07   5.754385e-11   9.541060e-01   3.103685e-01  -1.917425e-05
  -1.739526e-06  -2.413090e-06   1.832191e-10   5.796295e-01   8.040682e-01  -6.105063e-05
   6.456529e-08  -2.942450e-06   2.365528e-10  -2.151387e-02   9.804569e-01  -7.882201e-05
   1.838278e-06  -2.272636e-06   1.934567e-10  -6.125345e-01   7.572676e-01  -6.446191e-05
   2.844024e-06  -6.565538e-07   6.979472e-11  -9.476605e-01   2.187710e-01  -2.325637e-05
   2.658526e-06   1.235245e-06  -8.315857e-11  -8.858504e-01  -4.115972e-01   2.770936e-05
   1.373811e-06   2.619792e-06  -2.020080e-10  -4.577691e-01  -8.729436e-01   6.731131e-05
  -4.656591e-07   2.956598e-06  -2.400998e-10   1.551628e-01  -9.851713e-01   8.000392e-05
  -2.130676e-06   2.152969e-06  -1.856100e-10   7.099649e-01  -7.173931e-01   6.184731e-05
  -3.009674e-06   5.487381e-07  -6.213723e-11   1.002857e+00  -1.828456e-01   2.070481e-05
  -2.810909e-06  -1.255211e-06   8.384494e-11   9.366261e-01   4.182502e-01  -2.793806e-05
  -1.625265e-06  -2.620094e-06   2.005205e-10   5.415564e-01   8.730445e-01  -6.681565e-05
   1.273755e-07  -3.070277e-06   2.471900e-10  -4.244294e-02   1.023051e+00  -8.236645e-05
   1.832926e-06  -2.436769e-06   2.065980e-10  -6.107512e-01   8.119585e-01  -6.884075e-05
   2.871477e-06  -9.226874e-07   9.131998e-11  -9.568081e-01   3.074497e-01  -3.042883e-05
   2.829644e-06   9.335080e-07  -5.791203e-11  -9.428687e-01  -3.110552e-01   1.929693e-05
   1.682309e-06   2.419635e-06  -1.840884e-10  -5.605641e-01  -8.062491e-01   6.134030e-05
  -1.442268e-07   2.921393e-06  -2.353416e-10   4.805796e-02  -9.734404e-01   7.841845e-05
  -1.908438e-06   2.207897e-06  -1.886825e-10   6.359127e-01  -7.356958e-01   6.287109e-05
  -2.873015e-06   5.688123e-07  -6.292678e-11   9.573204e-01  -1.895346e-01   2.096790e-05
  -2.648063e-06  -1.308695e-06   8.911670e-11   8.823641e-01   4.360717e-01  -2.969467e-05
  -1.354633e-06  -2.663246e-06   2.056110e-10   4.513788e-01   8.874230e-01  -6.851185e-05
   4.684700e-07  -2.987725e-06   2.426150e-10  -1.560994e-01   9.955432e-01  -8.084201e-05
   2.121684e-06  -2.198961e-06   1.892473e-10  -7.069686e-01   7.327183e-01  -6.305932e-05
   3.014112e-06  -6.168424e-07   6.763004e-11  -1.004335e+00   2.055387e-01  -2.253508e-05
   2.847177e-06   1.183842e-06  -7.789876e-11  -9.487109e-01  -3.944694e-01   2.595673e-05
   1.686757e-06   2.571350e-06  -1.962385e-10  -5.620462e-01  -8.568025e-01   6.538886e-05
  -6.599809e-08   3.052438e-06  -2.453891e-10   2.199130e-02  -1.017106e+00   8.176638e-05
  -1.791441e-06   2.432568e-06  -2.060114e-10   5.969279e-01  -8.105586e-01   6.864528e-05
  -2.843675e-06   9.064695e-07  -8.985116e-11   9.475441e-01  -3.020457e-01   2.993940e-05
  -2.787962e-06  -9.674404e-07   6.088609e-11   9.289798e-01   3.223619e-01  -2.028792e-05
  -1.607440e-06  -2.446316e-06   1.866800e-10   5.356169e-01   8.151395e-01  -6.220384e-05
   2.379234e-07  -2.908556e-06   2.348747e-10  -7.927872e-02   9.691631e-01  -7.826285e-05
   1.983489e-06  -2.151604e-06   1.846155e-10  -6.609207e-01   7.169384e-01  -6.151595e-05
   2.907066e-06  -4.992434e-07   5.754782e-11  -9.686666e-01   1.663535e-01  -1.917557e-05
   2.655123e-06   1.359456e-06  -9.314837e-11  -8.847165e-01  -4.529857e-01   3.103807e-05
   1.365815e-06   2.692748e-06  -2.079117e-10  -4.551046e-01  -8.972536e-01   6.927847e-05
  -4.390580e-07   3.020048e-06  -2.450324e-10   1.462990e-01  -1.006314e+00   8.164753e-05
  -2.088864e-06   2.255865e-06  -1.936171e-10   6.960326e-01  -7.516791e-01   6.451538e-05
  -3.004003e-06   6.953753e-07  -7.387240e-11   1.000967e+00  -2.317068e-01   2.461511e-05
  -2.870881e-06  -1.107945e-06   7.166462e-11   9.566095e-01   3.691796e-01  -2.387945e-05
  -1.729739e-06  -2.520482e-06   1.918973e-10   5.763682e-01   8.398525e-01  -6.394232e-05
   3.002908e-08  -3.025755e-06   2.430313e-10  -1.000602e-02   1.008215e+00  -8.098074e-05
   1.774073e-06  -2.406463e-06   2.038118e-10  -5.911407e-01   8.018603e-01  -6.791235e-05
   2.827636e-06  -8.591757e-07   8.595887e-11  -9.421998e-01   2.862869e-01  -2.864245e-05
   2.742980e-06   1.029130e-06  -6.610783e-11  -9.139914e-01  -3.429176e-01   2.202786e-05
   1.524302e-06   2.488800e-06  -1.905896e-10  -5.079145e-01  -8.292957e-01   6.350658e-05
  -3.327829e-07   2.905256e-06  -2.351801e-10   1.108870e-01  -9.680636e-01   7.836463e-05
  -2.053509e-06   2.111854e-06  -1.818461e-10   6.842519e-01  -7.036931e-01   6.059314e-05
  -2.942631e-06   4.571901e-07  -5.438640e-11   9.805173e-01  -1.523408e-01   1.812215e-05
  -2.679025e-06  -1.381710e-06   9.479080e-11   8.926809e-01   4.604010e-01  -3.158535e-05
  -1.404668e-06  -2.704757e-06   2.086419e-10   4.680510e-01   9.012552e-01  -6.952181e-05
   3.827164e-07  -3.048127e-06   2.469474e-10  -1.275254e-01   1.015670e+00  -8.228560e-05
   2.037074e-06  -2.314251e-06   1.979920e-10  -6.787757e-01   7.711342e-01  -6.597312e-05
   2.980610e-06  -7.721882e-07   7.989686e-11  -9.931723e-01   2.573017e-01  -2.662252e-05
   2.878634e-06   1.039293e-06  -6.610790e-11  -9.591927e-01  -3.463038e-01   2.202788e-05
   1.747691e-06   2.475995e-06  -1.882188e-10  -5.823501e-01  -8.250290e-01   6.271661e-05
  -2.581172e-08   2.994697e-06  -2.405132e-10   8.600753e-03  -9.978663e-01   8.014167e-05
  -1.784294e-06   2.361377e-06  -2.002546e-10   5.945465e-01  -7.868371e-01   6.672705e-05
  -2.825127e-06   7.861987e-07  -8.008656e-11   9.413636e-01  -2.619701e-01   2.668573e-05
  -2.699714e-06  -1.110150e-06   7.287067e-11   8.995746e-01   3.699142e-01  -2.428131e-05
  -1.443963e-06  -2.540800e-06   1.952463e-10   4.811444e-01   8.466228e-01  -6.505822e-05
   4.158333e-07  -2.912344e-06   2.362483e-10  -1.385603e-01   9.704253e-01  -7.872057e-05
   2.109851e-06  -2.094625e-06   1.808021e-10  -7.030259e-01   6.979523e-01  -6.024525e-05
   2.975814e-06  -4.477415e-07   5.382754e-11  -9.915741e-01   1.491924e-01  -1.793593e-05
   2.715980e-06   1.373514e-06  -9.391080e-11  -9.049948e-01  -4.576701e-01   3.129212e-05
   1.464294e-06   2.697606e-06  -2.077095e-10  -4.879190e-01  -8.988724e-01   6.921111e-05
  -3.084135e-07   3.066975e-06  -2.480134e-10   1.027668e-01  -1.021950e+00   8.264082e-05
  -1.974056e-06   2.364843e-06  -2.016736e-10   6.577774e-01  -7.879919e-01   6.719990e-05
  -2.947718e-06   8.355351e-07  -8.478340e-11   9.822123e-01  -2.784096e-01   2.825077e-05
  -2.869718e-06  -9.888860e-07   6.211580e-11   9.562219e-01   3.295078e-01  -2.069767e-05
  -1.737508e-06  -2.445517e-06   1.858339e-10   5.789569e-01   8.148735e-01  -6.192192e-05
   5.522635e-08  -2.963749e-06   2.382062e-10  -1.840203e-02   9.875542e-01  -7.937294e-05
   1.821104e-06  -2.302399e-06   1.957422e-10  -6.068121e-01   7.671848e-01  -6.522348e-05
   2.835594e-06  -6.967745e-07   7.297220e-11  -9.448515e-01   2.321730e-01  -2.431515e-05
   2.663435e-06   1.199206e-06  -8.023652e-11  -8.874862e-01  -3.995886e-01   2.673570e-05
   1.377593e-06   2.595404e-06  -2.000279e-10  -4.590292e-01  -8.648175e-01   6.665152e-05
  -4.760803e-07   2.929803e-06  -2.380118e-10   1.586352e-01  -9.762428e-01   7.930818e-05
  -2.145987e-06   2.102409e-06  -1.816441e-10   7.150667e-01  -7.005461e-01   6.052582e-05
  -3.002418e-06   4.710562e-07  -5.585876e-11   1.000439e+00  -1.569612e-01   1.861276e-05
  -2.759715e-06  -1.336924e-06   9.071108e-11   9.195677e-01   4.454778e-01  -3.022594e-05
  -1.534833e-06  -2.672070e-06   2.052358e-10   5.114233e-01   8.903634e-01  -6.838686e-05
   2.275950e-07  -3.073253e-06   2.480314e-10  -7.583717e-02   1.024042e+00  -8.264680e-05
   1.909553e-06  -2.399970e-06   2.041052e-10  -6.362843e-01   7.996966e-01  -6.801011e-05
   2.910989e-06  -8.756362e-07   8.778115e-11  -9.699738e-01   2.917717e-01  -2.924965e-05
   2.845765e-06   9.652670e-07  -6.036412e-11  -9.482404e-01  -3.216377e-01   2.011400e-05
   1.699709e-06   2.434286e-06  -1.851598e-10  -5.663619e-01  -8.111313e-01   6.169729e-05
  -1.152663e-07   2.936617e-06  -2.363894e-10   3.840801e-02  -9.785133e-01   7.876759e-05
  -1.879249e-06   2.236432e-06  -1.907972e-10   6.261867e-01  -7.452039e-01   6.357575e-05
  -2.856873e-06   6.028556e-07  -6.556209e-11   9.519418e-01  -2.008782e-01   2.184601e-05
  -2.639251e-06  -1.284106e-06   8.719612e-11   8.794277e-01   4.278783e-01  -2.905471e-05
  -1.334561e-06  -2.646047e-06   2.043513e-10   4.446905e-01   8.816923e-01  -6.809212e-05
   5.060939e-07  -2.956115e-06   2.403042e-10  -1.686361e-01   9.850105e-01  -8.007202e-05
   2.157971e-06  -2.133547e-06   1.842153e-10  -7.190599e-01   7.109217e-01  -6.138259e-05
   3.018455e-06  -5.225046e-07   6.008448e-11  -1.005783e+00   1.741043e-01  -2.002082e-05
   2.802745e-06   1.277778e-06  -8.570524e-11  -9.339056e-01  -4.257697e-01   2.855794e-05
   1.605102e-06   2.631698e-06  -2.015731e-10  -5.348378e-01  -8.769111e-01   6.716639e-05
  -1.526541e-07   3.066033e-06  -2.470013e-10   5.086605e-02  -1.021636e+00   8.230358e-05
  -1.853934e-06   2.414552e-06  -2.049411e-10   6.177514e-01  -8.045554e-01   6.828866e-05
  -2.876769e-06   8.859176e-07  -8.840061e-11   9.585713e-01  -2.951976e-01   2.945606e-05
  -2.810066e-06  -9.731021e-07   6.120761e-11   9.363452e-01   3.242484e-01  -2.039505e-05
  -1.638354e-06  -2.444136e-06   1.863192e-10   5.459177e-01   8.144132e-01  -6.208361e-05
   1.982987e-07  -2.915970e-06   2.352315e-10  -6.607534e-02   9.716337e-01  -7.838176e-05
   1.950331e-06  -2.171742e-06   1.860325e-10  -6.498721e-01   7.236485e-01  -6.198809e-05
   2.886027e-06  -5.173551e-07   5.887499e-11  -9.616562e-01   1.723885e-01  -1.961780e-05
   2.631190e-06   1.353715e-06  -9.283147e-11  -8.767419e-01  -4.510727e-01   3.093248e-05
   1.320694e-06   2.686990e-06  -2.077208e-10  -4.400700e-01  -8.953351e-01   6.921488e-05
  -5.028944e-07   2.987917e-06  -2.428374e-10   1.675700e-01  -9.956071e-01   8.091611e-05
  -2.144782e-06   2.182494e-06  -1.880645e-10   7.146652e-01  -7.272312e-01   6.266518e-05
  -3.021012e-06   5.934958e-07  -6.579769e-11   1.006635e+00  -1.977594e-01   2.192452e-05
  -2.837898e-06  -1.205080e-06   7.965911e-11   9.456191e-01   4.015460e-01  -2.654330e-05
  -1.664304e-06  -2.582639e-06   1.972796e-10   5.545646e-01   8.605640e-01  -6.573575e-05
   9.524686e-08  -3.046903e-06   2.451208e-10  -3.173731e-02   1.015262e+00  -8.167696e-05
   1.816522e-06  -2.406494e-06   2.040695e-10  -6.052854e-01   8.018705e-01  -6.799821e-05
   2.850695e-06  -8.638286e-07   8.647095e-11  -9.498831e-01   2.878373e-01  -2.881308e-05
   2.766878e-06   1.012302e-06  -6.461346e-11  -9.219545e-01  -3.373101e-01   2.152992e-05
   1.560721e-06   2.473298e-06  -1.891265e-10  -5.200496e-01  -8.241303e-01   6.301905e-05
  -2.931059e-07   2.903684e-06  -2.348154e-10   9.766613e-02  -9.675397e-01   7.824310e-05
  -2.024479e-06   2.117107e-06  -1.820932e-10   6.745790e-01  -7.054437e-01   6.067549e-05
  -2.919833e-06   4.520390e-07  -5.383589e-11   9.729209e-01  -1.506244e-01   1.793872e-05
  -2.641066e-06  -1.399455e-06   9.644326e-11   8.800326e-01   4.663139e-01  -3.213596e-05
  -1.337219e-06  -2.713563e-06   2.097542e-10   4.455761e-01   9.041892e-01  -6.989242e-05
   4.681676e-07  -3.020290e-06   2.452269e-10  -1.559986e-01   1.006394e+00  -8.171232e-05
   2.108570e-06  -2.240894e-06   1.925341e-10  -7.025991e-01   7.466909e-01  -6.415450e-05
   3.009166e-06  -6.728083e-07   7.209219e-11  -1.002687e+00   2.241872e-01  -2.402192e-05
   2.859662e-06   1.129930e-06  -7.349661e-11  -9.528712e-01  -3.765052e-01   2.448989e-05
   1.703508e-06   2.532832e-06  -1.930463e-10  -5.676277e-01  -8.439676e-01   6.432516e-05
  -6.467289e-08   3.019399e-06  -2.427295e-10   2.154973e-02  -1.006097e+00   8.088016e-05
  -1.803949e-06   2.376594e-06  -2.015941e-10   6.010958e-01  -7.919075e-01   6.717338e-05
  -2.836536e-06   8.112188e-07  -8.216330e-11   9.451652e-01  -2.703071e-01   2.737772e-05
  -2.720996e-06  -1.077906e-06   7.015479e-11   9.066662e-01   3.591702e-01  -2.337636e-05
  -1.476675e-06  -2.517083e-06   1.931460e-10   4.920446e-01   8.387200e-01  -6.435840e-05
   3.866425e-07  -2.901156e-06   2.351749e-10  -1.288336e-01   9.666975e-01  -7.836289e-05
   2.092026e-06  -2.080464e-06   1.795583e-10  -6.970862e-01   6.932337e-01  -5.983082e-05
   2.954798e-06  -4.155687e-07   5.111896e-11  -9.845716e-01   1.384721e-01  -1.703341e-05
   2.667656e-06   1.416213e-06  -9.762844e-11  -8.888925e-01  -4.718980e-01   3.253088e-05
   1.380608e-06   2.722494e-06  -2.102101e-10  -4.600340e-01  -9.071652e-01   7.004435e-05
  -4.079181e-07   3.047706e-06  -2.470651e-10   1.359228e-01  -1.015529e+00   8.232483e-05
  -2.054671e-06   2.299154e-06  -1.968860e-10   6.846392e-01  -7.661037e-01   6.560462e-05
  -2.984528e-06   7.482186e-07  -7.799659e-11   9.944778e-01  -2.493148e-01   2.598933e-05
  -2.865013e-06  -1.064049e-06   6.817677e-11   9.546542e-01   3.545530e-01  -2.271726e-05
  -1.716708e-06  -2.490665e-06   1.895826e-10   5.720263e-01   8.299174e-01  -6.317103e-05
   6.653431e-08  -2.988004e-06   2.402208e-10  -2.216997e-02   9.956360e-01  -8.004425e-05
   1.818896e-06  -2.328186e-06   1.977987e-10  -6.060763e-01   7.757775e-01  -6.590871e-05
   2.835659e-06  -7.342607e-07   7.598127e-11  -9.448730e-01   2.446638e-01  -2.531780e-05
   2.677613e-06   1.160866e-06  -7.707409e-11  -8.922102e-01  -3.868134e-01   2.568194e-05
   1.397522e-06   2.569128e-06  -1.977991e-10  -4.656698e-01  -8.560619e-01   6.590886e-05
  -4.661759e-07   2.909277e-06  -2.363049e-10   1.553350e-01  -9.694035e-01   7.873941e-05
  -2.144751e-06   2.067314e-06  -1.788198e-10   7.146550e-01  -6.888519e-01   5.958476e-05
  -2.987005e-06   4.121606e-07  -5.103905e-11   9.953031e-01  -1.373365e-01   1.700678e-05
  -2.706634e-06  -1.402762e-06   9.631448e-11   9.018804e-01   4.674158e-01  -3.209306e-05
  -1.443297e-06  -2.712450e-06   2.090271e-10   4.809224e-01   9.038186e-01  -6.965016e-05
   3.316354e-07  -3.065290e-06   2.480177e-10  -1.105046e-01   1.021389e+00  -8.264227e-05
   1.991181e-06  -2.348100e-06   2.004328e-10  -6.634836e-01   7.824130e-01  -6.678643e-05
   2.951171e-06  -8.081933e-07   8.260968e-11  -9.833628e-01   2.692990e-01  -2.752646e-05
   2.853593e-06   1.018088e-06  -6.455654e-11  -9.508490e-01  -3.392383e-01   2.151096e-05
   1.701401e-06   2.463385e-06  -1.874850e-10  -5.669258e-01  -8.208271e-01   6.247210e-05
  -1.018399e-07   2.957087e-06  -2.379517e-10   3.393417e-02  -9.853343e-01   7.928815e-05
  -1.859566e-06   2.266759e-06  -1.931130e-10   6.196282e-01  -7.553094e-01   6.434739e-05
  -2.847258e-06   6.428320e-07  -6.871283e-11   9.487380e-01  -2.141988e-01   2.289588e-05
  -2.642161e-06  -1.249623e-06   8.441096e-11   8.803974e-01   4.163881e-01  -2.812667e-05
  -1.334324e-06  -2.622667e-06   2.024762e-10   4.446114e-01   8.739017e-01  -6.746731e-05
   5.212925e-07  -2.927920e-06   2.381326e-10  -1.737004e-01   9.756155e-01  -7.934841e-05
   2.176616e-06  -2.079450e-06   1.799854e-10  -7.252725e-01   6.928957e-01  -5.997315e-05
   3.012232e-06  -4.410704e-07   5.351106e-11  -1.003709e+00   1.469695e-01  -1.783048e-05
   2.751345e-06   1.361829e-06  -9.276033e-11  -9.167788e-01  -4.537765e-01   3.090877e-05
   1.515020e-06   2.684599e-06  -2.063605e-10  -5.048216e-01  -8.945381e-01   6.876161e-05
  -2.510366e-07   3.069977e-06  -2.479094e-10   8.364818e-02  -1.022951e+00   8.260616e-05
  -1.927991e-06   2.380377e-06  -2.026435e-10   6.424281e-01  -7.931680e-01   6.752305e-05
  -2.914875e-06   8.434119e-07  -8.521815e-11   9.712686e-01  -2.810342e-01   2.839563e-05
  -2.827312e-06  -9.999652e-07   6.325998e-11   9.420919e-01   3.331995e-01  -2.107893e-05
  -1.658743e-06  -2.455644e-06   1.871202e-10   5.527117e-01   8.182477e-01  -6.235053e-05
   1.666937e-07  -2.930206e-06   2.361841e-10  -5.554418e-02   9.763771e-01  -7.869916e-05
   1.920082e-06  -2.199597e-06   1.880863e-10  -6.397928e-01   7.329302e-01  -6.267245e-05
   2.869116e-06  -5.492522e-07   6.133341e-11  -9.560212e-01   1.830169e-01  -2.043697e-05
   2.619778e-06   1.332108e-06  -9.116595e-11  -8.729391e-01  -4.438733e-01   3.037751e-05
   1.295967e-06   2.671380e-06  -2.066166e-10  -4.318305e-01  -8.901334e-01   6.884693e-05
  -5.453490e-07   2.955306e-06  -2.404752e-10   1.817163e-01  -9.847409e-01   8.012902e-05
  -2.184182e-06   2.114459e-06  -1.828408e-10   7.277936e-01  -7.045610e-01   6.092458e-05
  -3.026556e-06   4.968729e-07  -5.807596e-11   1.008482e+00  -1.655636e-01   1.935155e-05
  -2.794166e-06  -1.299828e-06   8.752660e-11   9.310471e-01   4.331170e-01  -2.916484e-05
  -1.584491e-06  -2.642879e-06   2.025944e-10   5.279700e-01   8.806367e-01  -6.750670e-05
   1.784987e-07  -3.061184e-06   2.467675e-10  -5.947775e-02   1.020020e+00  -8.222568e-05
   1.875347e-06  -2.391336e-06   2.032066e-10  -6.248863e-01   7.968198e-01  -6.771068e-05
   2.881883e-06  -8.479455e-07   8.538367e-11  -9.602754e-01   2.825449e-01  -2.845079e-05
   2.789648e-06   1.013523e-06  -6.457460e-11  -9.295416e-01  -3.377171e-01   2.151697e-05
   1.593430e-06   2.468629e-06  -1.885551e-10  -5.309487e-01  -8.225747e-01   6.282866e-05
  -2.526997e-07   2.909955e-06  -2.350758e-10   8.420234e-02  -9.696294e-01   7.832988e-05
  -1.991732e-06   2.135257e-06  -1.833530e-10   6.636671e-01  -7.114912e-01   6.109527e-05
  -2.898380e-06   4.664174e-07  -5.486094e-11   9.657724e-01  -1.554154e-01   1.828027e-05
  -2.614288e-06  -1.397629e-06   9.645773e-11   8.711098e-01   4.657056e-01  -3.214079e-05
  -1.287518e-06  -2.709780e-06   2.097494e-10   4.290154e-01   9.029288e-01  -6.989083e-05
   5.362187e-07  -2.987753e-06   2.430245e-10  -1.786740e-01   9.955524e-01  -8.097847e-05
   2.166945e-06  -2.166156e-06   1.868865e-10  -7.220503e-01   7.217873e-01  -6.227266e-05
   3.027265e-06  -5.703888e-07   6.398070e-11  -1.008718e+00   1.900599e-01  -2.131908e-05
   2.828033e-06   1.226175e-06  -8.141153e-11  -9.423320e-01  -4.085751e-01   2.712722e-05
   1.641084e-06   2.593733e-06  -1.983096e-10  -5.468274e-01  -8.642607e-01   6.607896e-05
  -1.253688e-07   3.040791e-06  -2.448113e-10   4.177427e-02  -1.013225e+00   8.157385e-05
  -1.842153e-06   2.379347e-06  -2.020447e-10   6.138260e-01  -7.928248e-01   6.732354e-05
  -2.857526e-06   8.200071e-07  -8.299486e-11   9.521595e-01  -2.732355e-01   2.765481e-05
  -2.744995e-06  -1.057772e-06   6.839456e-11   9.146626e-01   3.524614e-01  -2.278983e-05
  -1.513331e-06  -2.500034e-06   1.915572e-10   5.042588e-01   8.330390e-01  -6.382900e-05
   3.481569e-07  -2.898246e-06   2.347100e-10  -1.160097e-01   9.657278e-01  -7.820796e-05
   2.064672e-06  -2.082598e-06   1.795651e-10  -6.879717e-01   6.939446e-01  -5.983308e-05
   2.931930e-06  -4.056746e-07   5.018736e-11  -9.769515e-01   1.351753e-01  -1.672299e-05
   2.627065e-06   1.438238e-06  -9.964020e-11  -8.753672e-01  -4.792368e-01   3.320122e-05
   1.309329e-06   2.733437e-06  -2.115170e-10  -4.362830e-01  -9.108117e-01   7.047982e-05
  -4.963966e-07   3.020104e-06  -2.453817e-10   1.654049e-01  -1.006332e+00   8.176389e-05
  -2.127569e-06   2.225786e-06  -1.914357e-10   7.089298e-01  -7.416564e-01   6.378849e-05
  -3.013754e-06   6.500786e-07  -7.029547e-11   1.004216e+00  -2.166134e-01   2.342323e-05
  -2.847724e-06  -1.152149e-06   7.535170e-11   9.488933e-01   3.839088e-01  -2.510802e-05
  -1.676262e-06  -2.545196e-06   1.942025e-10   5.585491e-01   8.480877e-01  -6.471042e-05
   1.003748e-07  -3.012493e-06   2.423898e-10  -3.344599e-02   1.003796e+00  -8.076697e-05
   1.834378e-06  -2.345650e-06   1.992934e-10  -6.112352e-01   7.815967e-01  -6.640678e-05
   2.845163e-06  -7.622571e-07   7.828544e-11  -9.480399e-01   2.539925e-01  -2.608558e-05
   2.698304e-06   1.126940e-06  -7.422676e-11  -8.991048e-01  -3.755089e-01   2.473318e-05
   1.428758e-06   2.544869e-06  -1.956643e-10  -4.760780e-01  -8.479786e-01   6.519750e-05
  -4.399284e-07   2.896564e-06  -2.351267e-10   1.465890e-01  -9.651673e-01   7.834683e-05
  -2.129532e-06   2.049328e-06  -1.772848e-10   7.095836e-01  -6.828588e-01   5.907325e-05
  -2.966298e-06   3.749543e-07  -4.792834e-11   9.884034e-01  -1.249389e-01   1.597025e-05
  -2.656322e-06  -1.449525e-06   1.003702e-10   8.851158e-01   4.829978e-01  -3.344447e-05
  -1.357054e-06  -2.739353e-06   2.117048e-10   4.521856e-01   9.127827e-01  -7.054241e-05
   4.325669e-07  -3.046771e-06   2.471382e-10  -1.441361e-01   1.015218e+00  -8.234920e-05
   2.071848e-06  -2.283633e-06   1.957436e-10  -6.903627e-01   7.609320e-01  -6.522394e-05
   2.987981e-06  -7.236968e-07   7.604919e-11  -9.956283e-01   2.411438e-01  -2.534044e-05
   2.850589e-06   1.089367e-06  -7.029553e-11  -9.498478e-01  -3.629892e-01   2.342325e-05
   1.684560e-06   2.505495e-06  -1.909661e-10  -5.613140e-01  -8.348588e-01   6.363203e-05
  -1.083452e-07   2.980765e-06  -2.398912e-10   3.610181e-02  -9.932241e-01   7.993442e-05
  -1.853903e-06   2.294000e-06  -1.952653e-10   6.177410e-01  -7.643864e-01   6.506458e-05
  -2.845790e-06   6.816355e-07  -7.181842e-11   9.482487e-01  -2.271285e-01   2.393070e-05
  -2.654955e-06  -1.211418e-06   8.126773e-11   8.846604e-01   4.036581e-01  -2.707931e-05
  -1.351196e-06  -2.596749e-06   2.002945e-10   4.502334e-01   8.652655e-01  -6.674035e-05
   5.155946e-07  -2.905810e-06   2.363237e-10  -1.718018e-01   9.682482e-01  -7.874569e-05
   2.178529e-06  -2.040414e-06   1.768639e-10  -7.259099e-01   6.798887e-01  -5.893303e-05
   2.997527e-06  -3.775823e-07   4.832702e-11  -9.988092e-01   1.258146e-01  -1.610310e-05
   2.697208e-06   1.430967e-06  -9.863496e-11  -8.987397e-01  -4.768142e-01   3.286626e-05
   1.422502e-06   2.726531e-06  -2.102823e-10  -4.739933e-01  -9.085103e-01   7.006839e-05
  -3.546983e-07   3.063023e-06  -2.479744e-10   1.181894e-01  -1.020633e+00   8.262784e-05
  -2.008201e-06   2.330674e-06  -1.991365e-10   6.691549e-01  -7.766064e-01   6.635449e-05
  -2.954281e-06   7.799703e-07  -8.036317e-11   9.843993e-01  -2.598948e-01   2.677790e-05
  -2.836621e-06  -1.048078e-06   6.706561e-11   9.451937e-01   3.492312e-01  -2.234701e-05
  -1.664089e-06  -2.481452e-06   1.891595e-10   5.544929e-01   8.268474e-01  -6.303004e-05
   1.494024e-07  -2.949860e-06   2.376576e-10  -4.978252e-02   9.829262e-01  -7.919016e-05
   1.898159e-06  -2.230293e-06   1.904182e-10  -6.324876e-01   7.431583e-01  -6.344944e-05
   2.858393e-06  -5.886228e-07   6.442888e-11  -9.524483e-01   1.961356e-01  -2.146842e-05
   2.620531e-06   1.299461e-06  -8.854110e-11  -8.731900e-01  -4.329948e-01   2.950288e-05
   1.291521e-06   2.649080e-06  -2.048534e-10  -4.303492e-01  -8.827028e-01   6.825944e-05
  -5.653721e-07   2.925707e-06  -2.382200e-10   1.883882e-01  -9.748781e-01   7.937753e-05
  -2.206108e-06   2.056921e-06  -1.783546e-10   7.350998e-01  -6.853888e-01   5.942973e-05
  -3.021372e-06   4.119229e-07  -5.122660e-11   1.006755e+00  -1.372573e-01   1.706927e-05
  -2.742723e-06  -1.385947e-06   9.474792e-11   9.139056e-01   4.618129e-01  -3.157106e-05
  -1.495055e-06  -2.696531e-06   2.074383e-10   4.981688e-01   8.985142e-01  -6.912073e-05
   2.747294e-07  -3.066089e-06   2.477397e-10  -9.154289e-02   1.021655e+00  -8.254963e-05
   1.946625e-06  -2.359896e-06   2.011117e-10  -6.486371e-01   7.863436e-01  -6.701264e-05
   2.918522e-06  -8.100779e-07   8.256465e-11  -9.724840e-01   2.699270e-01  -2.751146e-05
   2.807999e-06   1.035534e-06  -6.623089e-11  -9.356566e-01  -3.450514e-01   2.206887e-05
   1.616653e-06   2.477122e-06  -1.890972e-10  -5.386867e-01  -8.254047e-01   6.300928e-05
  -2.187718e-07   2.923204e-06  -2.359352e-10   7.289720e-02  -9.740439e-01   7.861622e-05
  -1.960701e-06   2.162189e-06  -1.853281e-10   6.533272e-01  -7.204654e-01   6.175338e-05
  -2.880740e-06   4.958378e-07  -5.711620e-11   9.598946e-01  -1.652187e-01   1.903175e-05
  -2.600156e-06  -1.379194e-06   9.506302e-11   8.664008e-01   4.595626e-01  -3.167605e-05
  -1.258073e-06  -2.695788e-06   2.088034e-10   4.192040e-01   8.982665e-01  -6.957561e-05
   5.834234e-07  -2.954184e-06   2.406141e-10  -1.944032e-01   9.843669e-01  -8.017528e-05
   2.209334e-06  -2.095684e-06   1.814851e-10  -7.361747e-01   6.983051e-01  -6.047287e-05
   3.033987e-06  -4.717874e-07   5.610724e-11  -1.010958e+00   1.572048e-01  -1.869556e-05
   2.785144e-06   1.321425e-06  -8.931430e-11  -9.280408e-01  -4.403136e-01   2.976052e-05
   1.563371e-06   2.653674e-06  -2.035878e-10  -5.209327e-01  -8.842337e-01   6.783770e-05
  -2.049683e-07   3.055727e-06  -2.464887e-10   6.829772e-02  -1.018202e+00   8.213276e-05
  -1.897188e-06   2.367097e-06  -2.013924e-10   6.321642e-01  -7.887430e-01   6.710618e-05
  -2.886808e-06   8.087658e-07  -8.226866e-11   9.619166e-01  -2.694897e-01   2.741283e-05
  -2.768383e-06  -1.054731e-06   6.800981e-11   9.224560e-01   3.514479e-01  -2.266162e-05
  -1.547588e-06  -2.493061e-06   1.907917e-10   5.156737e-01   8.307156e-01  -6.357390e-05
   3.073360e-07  -2.903346e-06   2.348738e-10  -1.024078e-01   9.674270e-01  -7.826256e-05
   2.032572e-06  -2.098510e-06   1.806492e-10  -6.772755e-01   6.992469e-01  -6.019433e-05
   2.910077e-06  -4.160791e-07   5.089105e-11  -9.696699e-01   1.386422e-01  -1.695746e-05
   2.597395e-06   1.440407e-06  -9.999267e-11  -8.654808e-01  -4.799595e-01   3.331867e-05
   1.255119e-06   2.731624e-06  -2.116974e-10  -4.182197e-01  -9.102073e-01   7.053992e-05
  -5.684704e-07   2.987234e-06  -2.431768e-10   1.894206e-01  -9.953796e-01   8.102922e-05
  -2.188213e-06   2.149912e-06  -1.857106e-10   7.291368e-01  -7.163745e-01   6.188083e-05
  -3.032885e-06   5.474534e-07  -6.217367e-11   1.010591e+00  -1.824176e-01   2.071696e-05
  -2.817553e-06  -1.247193e-06   8.316150e-11   9.388401e-01   4.155787e-01  -2.771033e-05
  -1.617045e-06  -2.604665e-06   1.993316e-10   5.388172e-01   8.679034e-01  -6.641949e-05
   1.564028e-07  -3.034096e-06   2.444606e-10  -5.211515e-02   1.010995e+00  -8.145698e-05
   1.868333e-06  -2.351113e-06   1.999361e-10  -6.225493e-01   7.834171e-01  -6.662091e-05
   2.864144e-06  -7.750295e-07   7.942469e-11  -9.543646e-01   2.582484e-01  -2.646519e-05
   2.722317e-06   1.103784e-06  -7.222384e-11  -9.071063e-01  -3.677930e-01   2.406578e-05
   1.465342e-06   2.526466e-06  -1.939673e-10  -4.882683e-01  -8.418465e-01   6.463204e-05
  -4.029806e-07   2.892257e-06  -2.345589e-10   1.342776e-01  -9.637322e-01   7.815762e-05
  -2.104020e-06   2.048142e-06  -1.770362e-10   7.010827e-01  -6.824637e-01   5.899043e-05
  -2.943366e-06   3.602039e-07  -4.660658e-11   9.807623e-01  -1.200239e-01   1.552983e-05
  -2.613138e-06  -1.475800e-06   1.027387e-10   8.707266e-01   4.917528e-01  -3.423368e-05
  -1.282130e-06  -2.752389e-06   2.132016e-10   4.272199e-01   9.171265e-01  -7.104115e-05
   5.237954e-07  -3.019483e-06   2.454966e-10  -1.745344e-01   1.006125e+00  -8.180218e-05
   2.145910e-06  -2.210492e-06   1.903184e-10  -7.150410e-01   7.365603e-01  -6.341621e-05
   3.017784e-06  -6.271158e-07   6.847667e-11  -1.005559e+00   2.089619e-01  -2.281719e-05
   2.835044e-06   1.174661e-06  -7.723479e-11  -9.446680e-01  -3.914100e-01   2.573549e-05
   1.647964e-06   2.557597e-06  -1.953679e-10  -5.491200e-01  -8.522196e-01   6.509875e-05
  -1.371463e-07   3.005025e-06  -2.420115e-10   4.569867e-02  -1.001308e+00   8.064092e-05
  -1.865330e-06   2.313635e-06  -1.969099e-10   6.215487e-01  -7.709287e-01   6.561256e-05
  -2.853483e-06   7.123451e-07  -7.432947e-11   9.508123e-01  -2.373613e-01   2.476740e-05
  -2.674925e-06  -1.176146e-06   7.831665e-11   8.913146e-01   3.919049e-01  -2.609598e-05
  -1.380635e-06  -2.572110e-06   1.981400e-10   4.600430e-01   8.570556e-01  -6.602244e-05
   4.925580e-07  -2.891506e-06   2.350371e-10  -1.641258e-01   9.634818e-01  -7.831698e-05
   2.166001e-06  -2.018499e-06   1.750296e-10  -7.217355e-01   6.725862e-01  -5.832182e-05
   2.977142e-06  -3.353678e-07   4.481628e-11  -9.920169e-01   1.117483e-01  -1.493328e-05
   2.645022e-06   1.481665e-06  -1.030178e-10  -8.813505e-01  -4.937072e-01   3.432666e-05
   1.333965e-06   2.755357e-06  -2.131282e-10  -4.444921e-01  -9.181155e-01   7.101668e-05
  -4.567285e-07   3.045313e-06  -2.471665e-10   1.521870e-01  -1.014732e+00   8.235861e-05
  -2.088658e-06   2.267640e-06  -1.945610e-10   6.959640e-01  -7.556029e-01   6.482990e-05
  -2.990984e-06   6.985587e-07  -7.404964e-11   9.966290e-01  -2.327675e-01   2.467416e-05
  -2.835342e-06  -1.115289e-06   7.246772e-11   9.447673e-01   3.716266e-01  -2.414705e-05
  -1.651227e-06  -2.520486e-06   1.923697e-10   5.502071e-01   8.398538e-01  -6.409972e-05
   1.512237e-07  -2.972966e-06   2.395231e-10  -5.038942e-02   9.906253e-01  -7.981175e-05
   1.889258e-06  -2.258840e-06   1.926559e-10  -6.295217e-01   7.526706e-01  -6.419509e-05
   2.855485e-06  -6.284034e-07   6.760424e-11  -9.514794e-01   2.093910e-01  -2.252648e-05
   2.631779e-06   1.261718e-06  -8.544418e-11  -8.769381e-01  -4.204185e-01   2.847095e-05
   1.305067e-06   2.623632e-06  -2.027295e-10  -4.348629e-01  -8.742232e-01   6.755172e-05
  -5.640325e-07   2.901971e-06  -2.363068e-10   1.879419e-01  -9.669691e-01   7.874006e-05
  -2.211179e-06   2.013956e-06  -1.749367e-10   7.367892e-01  -6.710726e-01   5.829084e-05
  -3.007391e-06   3.439951e-07  -4.569058e-11   1.002096e+00  -1.146230e-01   1.522461e-05
  -2.687686e-06  -1.458171e-06   1.008756e-10   8.955668e-01   4.858787e-01  -3.361286e-05
  -1.401852e-06  -2.739877e-06   2.114776e-10   4.671126e-01   9.129575e-01  -7.046669e-05
   3.776741e-07  -3.060166e-06   2.478833e-10  -1.258452e-01   1.019681e+00  -8.259746e-05
   2.025168e-06  -2.312521e-06   1.977815e-10  -6.748085e-01   7.705578e-01  -6.590301e-05
   2.957061e-06  -7.508172e-07   7.804002e-11  -9.853256e-01   2.501806e-01  -2.600380e-05
   2.818787e-06   1.078873e-06  -6.964448e-11  -9.392510e-01  -3.594925e-01   2.320631e-05
   1.625574e-06   2.499699e-06  -1.908556e-10  -5.416593e-01  -8.329274e-01   6.359519e-05
  -1.978607e-07   2.942052e-06  -2.373223e-10   6.592938e-02  -9.803244e-01   7.907841e-05
  -1.936808e-06   2.193040e-06  -1.876606e-10   6.453660e-01  -7.307454e-01   6.253060e-05
  -2.868975e-06   5.342412e-07  -6.012777e-11   9.559745e-01  -1.780151e-01   2.003524e-05
  -2.598594e-06  -1.348644e-06   9.262046e-11   8.658803e-01   4.493831e-01  -3.086217e-05
  -1.249253e-06  -2.674631e-06   2.071583e-10   4.162649e-01   8.912167e-01  -6.902746e-05
   6.082932e-07  -2.923186e-06   2.382757e-10  -2.026900e-01   9.740381e-01  -7.939610e-05
   2.234478e-06  -2.034825e-06   1.767517e-10  -7.445530e-01   6.780262e-01  -5.889563e-05
   3.029847e-06  -3.835746e-07   4.900229e-11  -1.009579e+00   1.278113e-01  -1.632811e-05
   2.733820e-06   1.409334e-06  -9.667848e-11  -9.109391e-01  -4.696056e-01   3.221434e-05
   1.474873e-06   2.707903e-06  -2.084723e-10  -4.914441e-01  -9.023032e-01   6.946528e-05
  -2.987420e-07   3.061581e-06  -2.475223e-10   9.954416e-02  -1.020153e+00   8.247719e-05
  -1.965495e-06   2.338493e-06  -1.995073e-10   6.549246e-01  -7.792118e-01   6.647804e-05
  -2.921932e-06   7.756074e-07  -7.981850e-11   9.736202e-01  -2.584410e-01   2.659641e-05
  -2.787815e-06  -1.071960e-06   6.927581e-11   9.289310e-01   3.571888e-01  -2.308347e-05
  -1.573466e-06  -2.498681e-06   1.910871e-10   5.242965e-01   8.325881e-01  -6.367235e-05
   2.714206e-07  -2.915599e-06   2.356414e-10  -9.044035e-02   9.715100e-01  -7.851832e-05
   2.001028e-06  -2.124267e-06   1.825269e-10  -6.667649e-01   7.078295e-01  -6.082000e-05
   2.891739e-06  -4.427053e-07   5.291785e-11  -9.635595e-01   1.475143e-01  -1.763282e-05
   2.580433e-06   1.425307e-06  -9.888274e-11  -8.598288e-01  -4.749282e-01   3.294883e-05
   1.220920e-06   2.719273e-06  -2.109117e-10  -4.068241e-01  -9.060919e-01   7.027812e-05
  -6.203226e-07   2.952760e-06  -2.407216e-10   2.066984e-01  -9.838922e-01   8.021110e-05
  -2.233457e-06   2.077201e-06  -1.801467e-10   7.442127e-01  -6.921463e-01   6.002688e-05
  -3.040760e-06   4.471892e-07  -5.417368e-11   1.013215e+00  -1.490084e-01   1.805127e-05
  -2.775648e-06  -1.342635e-06   9.107371e-11   9.248766e-01   4.473809e-01  -3.034677e-05
  -1.541683e-06  -2.664119e-06   2.045564e-10   5.137060e-01   8.877139e-01  -6.816048e-05
   2.321188e-07  -3.049657e-06   2.461647e-10  -7.734455e-02   1.016179e+00  -8.202481e-05
   1.919479e-06  -2.341810e-06   1.994969e-10  -6.395916e-01   7.803172e-01  -6.647458e-05
   2.891531e-06  -7.683787e-07   7.905554e-11  -9.634903e-01   2.560323e-01  -2.634218e-05
   2.746270e-06   1.096679e-06  -7.150958e-11  -9.150877e-01  -3.654255e-01   2.382778e-05
   1.500883e-06   2.517377e-06  -1.930241e-10  -5.001109e-01  -8.388178e-01   6.431776e-05
  -3.621125e-07   2.896144e-06  -2.346251e-10   1.206599e-01  -9.650273e-01   7.817970e-05
  -2.072788e-06   2.061573e-06  -1.779264e-10   6.906761e-01  -6.869389e-01   5.928705e-05
  -2.921123e-06   3.664160e-07  -4.697144e-11   9.733507e-01  -1.220939e-01   1.565141e-05
  -2.580546e-06  -1.482021e-06   1.034340e-10   8.598664e-01   4.938258e-01  -3.446535e-05
  -1.223505e-06  -2.752532e-06   2.135656e-10   4.076853e-01   9.171742e-01  -7.116242e-05
   5.996820e-07  -2.986362e-06   2.432944e-10  -1.998207e-01   9.950888e-01  -8.106840e-05
   2.208625e-06  -2.133721e-06   1.845338e-10  -7.359385e-01   7.109795e-01  -6.148871e-05
   3.037883e-06  -5.246204e-07   6.037111e-11  -1.012256e+00   1.748094e-01  -2.011632e-05
   2.806431e-06   1.268200e-06  -8.491441e-11  -9.351340e-01  -4.225785e-01   2.829442e-05
   1.592136e-06   2.615466e-06  -2.003482e-10  -5.305174e-01  -8.715024e-01   6.675825e-05
  -1.883832e-07   3.026812e-06  -2.440682e-10   6.277136e-02  -1.008567e+00   8.132623e-05
  -1.895054e-06   2.321783e-06  -1.977426e-10   6.314529e-01  -7.736440e-01   6.589004e-05
  -2.870520e-06   7.289266e-07  -7.576275e-11   9.564893e-01  -2.428864e-01   2.524499e-05
  -2.698856e-06  -1.150263e-06   7.609538e-11   8.992889e-01   3.832804e-01  -2.535583e-05
  -1.416830e-06  -2.552540e-06   1.963516e-10   4.721036e-01   8.505346e-01  -6.542655e-05
   4.574824e-07  -2.885734e-06   2.343630e-10  -1.524382e-01   9.615587e-01  -7.809236e-05
   2.142479e-06  -2.013808e-06   1.745118e-10  -7.138977e-01   6.710233e-01  -5.814926e-05
   2.954156e-06  -3.156740e-07   4.309743e-11  -9.843576e-01   1.051861e-01  -1.436054e-05
   2.599302e-06   1.512141e-06  -1.057387e-10  -8.661162e-01  -5.038622e-01   3.523331e-05
   1.255598e-06   2.770435e-06  -2.148095e-10  -4.183791e-01  -9.231397e-01   7.157692e-05
  -5.504176e-07   3.018420e-06  -2.455713e-10   1.834053e-01  -1.005771e+00   8.182708e-05
  -2.163642e-06   2.194964e-06  -1.891788e-10   7.209494e-01  -7.313863e-01   6.303647e-05
  -3.021270e-06   6.038496e-07  -6.663026e-11   1.006721e+00  -2.012094e-01   2.220194e-05
  -2.821597e-06  -1.197523e-06   7.915054e-11   9.401873e-01   3.990278e-01  -2.637384e-05
  -1.618580e-06  -2.570050e-06   1.965441e-10   5.393288e-01   8.563692e-01  -6.549066e-05
   1.749930e-07  -2.996985e-06   2.415937e-10  -5.830962e-02   9.986286e-01  -8.050172e-05
   1.896768e-06  -2.280552e-06   1.944437e-10  -6.320242e-01   7.599054e-01  -6.479080e-05
   2.861462e-06  -6.615435e-07   7.030004e-11  -9.534708e-01   2.204336e-01  -2.342475e-05
   2.650886e-06   1.225436e-06  -8.241723e-11  -8.833046e-01  -4.083287e-01   2.746233e-05
   1.332394e-06   2.598763e-06  -2.005692e-10  -4.439685e-01  -8.659366e-01   6.683188e-05
  -5.444535e-07   2.886008e-06  -2.349079e-10   1.814180e-01  -9.616501e-01   7.827393e-05
  -2.201412e-06   1.988026e-06  -1.727968e-10   7.335350e-01  -6.624324e-01   5.757781e-05
  -2.987346e-06   2.968233e-07  -4.178400e-11   9.954167e-01  -9.890483e-02   1.392289e-05
  -2.633751e-06  -1.512657e-06   1.055730e-10   8.775951e-01   5.040340e-01  -3.517808e-05
  -1.311296e-06  -2.770531e-06   2.144824e-10   4.369385e-01   9.231717e-01  -7.146791e-05
   4.804701e-07  -3.043322e-06   2.471494e-10  -1.600980e-01   1.014069e+00  -8.235292e-05
   2.105155e-06  -2.251127e-06   1.933348e-10  -7.014610e-01   7.501004e-01  -6.442131e-05
   2.993552e-06  -6.727429e-07   7.199307e-11  -9.974847e-01   2.241654e-01  -2.398889e-05
   2.819253e-06   1.141853e-06  -7.469650e-11  -9.394063e-01  -3.804780e-01   2.488970e-05
   1.616694e-06   2.535635e-06  -1.937932e-10  -5.387004e-01  -8.449016e-01   6.457404e-05
  -1.951429e-07   2.964590e-06  -2.391149e-10   6.502377e-02  -9.878345e-01   7.967573e-05
  -1.924901e-06   2.222731e-06  -1.899721e-10   6.413983e-01  -7.406388e-01   6.330080e-05
  -2.864715e-06   5.746485e-07  -6.334529e-11   9.545547e-01  -1.914792e-01   2.110735e-05
  -2.608129e-06  -1.311677e-06   8.959617e-11   8.690575e-01   4.370655e-01  -2.985444e-05
  -1.259218e-06  -2.649751e-06   2.051015e-10   4.195855e-01   8.829265e-01  -6.834211e-05
   6.114387e-07  -2.897790e-06   2.362562e-10  -2.037382e-01   9.655757e-01  -7.872320e-05
   2.242701e-06  -1.987963e-06   1.730400e-10  -7.472928e-01   6.624114e-01  -5.765883e-05
   3.016609e-06  -3.113815e-07   4.312839e-11  -1.005168e+00   1.037558e-01  -1.437086e-05
   2.678047e-06   1.484415e-06  -1.030399e-10  -8.923550e-01  -4.946236e-01   3.433405e-05
   1.381289e-06   2.752520e-06  -2.126160e-10  -4.602608e-01  -9.171703e-01   7.084601e-05
  -4.006346e-07   3.056710e-06  -2.477440e-10   1.334959e-01  -1.018530e+00   8.255104e-05
  -2.042131e-06   2.293599e-06  -1.963648e-10   6.804609e-01  -7.642528e-01   6.543094e-05
  -2.959519e-06   7.206889e-07  -7.563666e-11   9.861445e-01  -2.401416e-01   2.520298e-05
  -2.800075e-06  -1.110485e-06   7.229416e-11   9.330161e-01   3.700258e-01  -2.408922e-05
  -1.585865e-06  -2.518100e-06   1.925712e-10   5.284280e-01   8.390588e-01  -6.416685e-05
   2.471557e-07  -2.933647e-06   2.369440e-10  -8.235504e-02   9.775236e-01  -7.895237e-05
   1.975441e-06  -2.155049e-06   1.848436e-10  -6.582389e-01   7.180862e-01  -6.159195e-05
   2.878986e-06  -4.797828e-07   5.581707e-11  -9.593102e-01   1.598690e-01  -1.859887e-05
   2.576401e-06   1.397099e-06  -9.664294e-11  -8.584854e-01  -4.655288e-01   3.220250e-05
   1.207580e-06   2.699311e-06  -2.093897e-10  -4.023792e-01  -8.994404e-01   6.977098e-05
  -6.500365e-07   2.920378e-06  -2.383013e-10   2.165994e-01  -9.731024e-01   7.940463e-05
  -2.261743e-06   2.013158e-06  -1.751766e-10   7.536377e-01  -6.708065e-01   5.837078e-05
  -3.037666e-06   3.559818e-07  -4.683467e-11   1.012184e+00  -1.186171e-01   1.560583e-05
  -2.724608e-06  -1.432046e-06   9.855682e-11   9.078695e-01   4.771737e-01  -3.284023e-05
  -1.454412e-06  -2.718747e-06   2.094657e-10   4.846262e-01   9.059168e-01  -6.979630e-05
   3.231412e-07  -3.056449e-06   2.472571e-10  -1.076742e-01   1.018443e+00  -8.238880e-05
   1.984636e-06  -2.316134e-06   1.978278e-10  -6.613028e-01   7.717615e-01  -6.591842e-05
   2.925102e-06  -7.399783e-07   7.697793e-11  -9.746764e-01   2.465690e-01  -2.564990e-05
   2.766751e-06   1.109222e-06  -7.239317e-11  -9.219123e-01  -3.696051e-01   2.412221e-05
   1.529219e-06   2.520274e-06  -1.930862e-10  -5.095527e-01  -8.397832e-01   6.433847e-05
  -3.245556e-07   2.907385e-06  -2.353016e-10   1.081455e-01  -9.687730e-01   7.840509e-05
  -2.040993e-06   2.085897e-06  -1.796875e-10   6.800816e-01  -6.950440e-01   5.987388e-05
  -2.902108e-06   3.899456e-07  -4.874563e-11   9.670147e-01  -1.299342e-01   1.624259e-05
  -2.560655e-06  -1.470401e-06   1.026210e-10   8.532388e-01   4.899541e-01  -3.419444e-05
  -1.184540e-06  -2.741838e-06   2.129415e-10   3.947018e-01   9.136109e-01  -7.095449e-05
   6.560574e-07  -2.951042e-06   2.407986e-10  -2.186056e-01   9.833199e-01  -8.023675e-05
   2.256581e-06  -2.058982e-06   1.788235e-10  -7.519178e-01   6.860757e-01  -5.958596e-05
   3.046884e-06  -4.230165e-07   5.227037e-11  -1.015255e+00   1.409538e-01  -1.741707e-05
   2.765646e-06   1.363522e-06  -9.281021e-11  -9.215439e-01  -4.543405e-01   3.092539e-05
   1.519367e-06   2.674248e-06  -2.055036e-10  -5.062700e-01  -8.910890e-01   6.847608e-05
  -2.600022e-07   3.042969e-06  -2.457955e-10   8.663562e-02  -1.013951e+00   8.190180e-05
  -1.942233e-06   2.315455e-06  -1.975184e-10   6.471736e-01  -7.715354e-01   6.581532e-05
  -2.896034e-06   7.267906e-07  -7.574471e-11   9.649907e-01  -2.421747e-01   2.523898e-05
  -2.723308e-06  -1.139316e-06   7.506972e-11   9.074365e-01   3.796327e-01  -2.501407e-05
  -1.453374e-06  -2.541521e-06   1.952475e-10   4.842804e-01   8.468630e-01  -6.505865e-05
   4.169326e-07  -2.888357e-06   2.343297e-10  -1.389266e-01   9.624326e-01  -7.808127e-05
   2.112322e-06  -2.024516e-06   1.751898e-10  -7.038490e-01   6.745911e-01  -5.837520e-05
   2.931528e-06  -3.174988e-07   4.310784e-11  -9.768176e-01   1.057941e-01  -1.436401e-05
   2.563773e-06   1.522451e-06  -1.067798e-10  -8.542776e-01  -5.072976e-01   3.558021e-05
   1.192675e-06   2.772517e-06  -2.153550e-10  -3.974125e-01  -9.238336e-01   7.175867e-05
  -6.298907e-07   2.985132e-06  -2.433774e-10   2.098866e-01  -9.946791e-01   8.109604e-05
  -2.228225e-06   2.117541e-06  -1.833530e-10   7.424695e-01  -7.055880e-01   6.109524e-05
  -3.042272e-06   5.018194e-07  -5.856745e-11   1.013719e+00  -1.672118e-01   1.951533e-05
  -2.794638e-06  -1.289260e-06   8.667556e-11   9.312043e-01   4.295957e-01  -2.888126e-05
  -1.566310e-06  -2.626164e-06   2.013621e-10   5.219119e-01   8.750670e-01  -6.709609e-05
   2.213388e-07  -3.018930e-06   2.436337e-10  -7.375256e-02   1.005941e+00  -8.118146e-05
   1.922303e-06  -2.291349e-06   1.954638e-10  -6.405328e-01   7.635031e-01  -6.513071e-05
   2.876626e-06  -6.817353e-07   7.201183e-11  -9.585238e-01   2.271618e-01  -2.399514e-05
   2.674625e-06   1.197133e-06  -8.000293e-11  -8.912149e-01  -3.988981e-01   2.665786e-05
   1.367875e-06   2.578203e-06  -1.987057e-10  -4.557913e-01  -8.590858e-01   6.621095e-05
  -5.115705e-07   2.878699e-06  -2.341236e-10   1.704610e-01  -9.592145e-01   7.801257e-05
  -2.180011e-06   1.979661e-06  -1.719967e-10   7.264039e-01  -6.596449e-01   5.731121e-05
  -2.964313e-06   2.721258e-07  -3.966326e-11   9.877419e-01  -9.067534e-02   1.321624e-05
  -2.585568e-06  -1.547267e-06   1.086405e-10   8.615398e-01   5.155667e-01  -3.620024e-05
  -1.229706e-06  -2.787595e-06   2.163425e-10   4.097517e-01   9.288575e-01  -7.208771e-05
   5.763203e-07  -3.016905e-06   2.456055e-10  -1.920363e-01   1.005266e+00  -8.183846e-05
   2.180815e-06  -2.179153e-06   1.880130e-10  -7.266717e-01   7.261180e-01  -6.264803e-05
   3.024227e-06  -5.802108e-07   6.475076e-11  -1.007706e+00   1.933327e-01  -2.157567e-05
   2.807360e-06   1.220787e-06  -8.110338e-11  -9.354437e-01  -4.067798e-01   2.702455e-05
   1.588078e-06   2.582570e-06  -1.977323e-10  -5.291652e-01  -8.605409e-01   6.588660e-05
  -2.139142e-07   2.988359e-06  -2.411355e-10   7.127859e-02  -9.957545e-01   8.034901e-05
  -1.928652e-06   2.246414e-06  -1.918954e-10   6.426482e-01  -7.485301e-01   6.394168e-05
  -2.869065e-06   6.099186e-07  -6.620227e-11   9.560043e-01  -2.032316e-01   2.205933e-05
  -2.626218e-06  -1.274720e-06   8.652116e-11   8.750852e-01   4.247509e-01  -2.882981e-05
  -1.284122e-06  -2.624788e-06   2.029482e-10   4.278836e-01   8.746085e-01  -6.762460e-05
   5.955420e-07  -2.880103e-06   2.347411e-10  -1.984412e-01   9.596821e-01  -7.821833e-05
   2.235750e-06  -1.957956e-06   1.705897e-10  -7.449769e-01   6.524126e-01  -5.684239e-05
   2.996920e-06  -2.593287e-07   3.883220e-11  -9.986071e-01   8.641120e-02  -1.293932e-05
   2.622502e-06   1.542529e-06  -1.080382e-10  -8.738467e-01  -5.139878e-01   3.599952e-05
   1.288998e-06   2.784900e-06  -2.157697e-10  -4.295084e-01  -9.279596e-01   7.189687e-05
  -5.038604e-07   3.040787e-06  -2.470866e-10   1.678919e-01  -1.013224e+00   8.233199e-05
  -2.121391e-06   2.234044e-06  -1.920614e-10   7.068712e-01  -7.444082e-01   6.399698e-05
  -2.995698e-06   6.461901e-07  -6.987481e-11   9.981999e-01  -2.153177e-01   2.328306e-05
  -2.802304e-06  -1.169092e-06   7.698465e-11   9.337588e-01   3.895544e-01  -2.565214e-05
  -1.580952e-06  -2.550935e-06   1.952361e-10   5.267906e-01   8.499999e-01  -6.505484e-05
   2.400689e-07  -2.955622e-06   2.386652e-10  -7.999361e-02   9.848461e-01  -7.952589e-05
   1.960768e-06  -2.185704e-06   1.872158e-10  -6.533496e-01   7.283009e-01  -6.238240e-05
   2.873449e-06  -5.204588e-07   5.904848e-11  -9.574652e-01   1.734226e-01  -1.967561e-05
   2.584050e-06   1.361211e-06  -9.371658e-11  -8.610341e-01  -4.535707e-01   3.122740e-05
   1.213728e-06   2.675086e-06  -2.074084e-10  -4.044277e-01  -8.913682e-01   6.911078e-05
  -6.577687e-07   2.893293e-06  -2.361739e-10   2.191758e-01  -9.640774e-01   7.869576e-05
  -2.273098e-06   1.962453e-06  -1.711753e-10   7.574216e-01  -6.539112e-01   5.703750e-05
  -3.025191e-06   2.797183e-07  -4.063866e-11   1.008027e+00  -9.320524e-02   1.354125e-05
  -2.668268e-06  -1.509747e-06   1.051319e-10   8.890965e-01   5.030645e-01  -3.503112e-05
  -1.360751e-06  -2.764491e-06   2.137002e-10   4.534174e-01   9.211589e-01  -7.120729e-05
   4.236513e-07  -3.052647e-06   2.475563e-10  -1.411653e-01   1.017176e+00  -8.248850e-05
   2.059138e-06  -2.273866e-06   1.948833e-10  -6.861277e-01   7.576774e-01  -6.493727e-05
   2.961661e-06  -6.895443e-07   7.314983e-11  -9.868582e-01   2.297638e-01  -2.437434e-05
   2.780474e-06   1.142918e-06  -7.501518e-11  -9.264847e-01  -3.808331e-01   2.499589e-05
   1.544977e-06   2.536625e-06  -1.943039e-10  -5.148034e-01  -8.452316e-01   6.474420e-05
  -2.972226e-07   2.924631e-06  -2.365214e-10   9.903786e-02  -9.745194e-01   7.881154e-05
  -2.013983e-06   2.116370e-06  -1.819710e-10   6.710814e-01  -7.051981e-01   6.063474e-05
  -2.888411e-06   4.253438e-07  -5.150439e-11   9.624506e-01  -1.417293e-01   1.716183e-05
  -2.554004e-06  -1.444758e-06   1.006028e-10   8.510225e-01   4.814095e-01  -3.352197e-05
  -1.166562e-06  -2.723115e-06   2.115469e-10   3.887113e-01   9.073722e-01  -7.048977e-05
   6.905887e-07  -2.917302e-06   2.382982e-10  -2.301118e-01   9.720773e-01  -7.940359e-05
   2.287920e-06  -1.991911e-06   1.736287e-10  -7.623603e-01   6.637267e-01  -5.785499e-05
   3.044838e-06  -3.290966e-07   4.471995e-11  -1.014574e+00   1.096587e-01  -1.490118e-05
   2.715055e-06   1.454144e-06  -1.003879e-10  -9.046864e-01  -4.845370e-01   3.345035e-05
   1.433608e-06   2.729100e-06  -2.104217e-10  -4.776940e-01  -9.093665e-01   7.011486e-05
  -3.479916e-07   3.050684e-06  -2.469438e-10   1.159547e-01  -1.016522e+00   8.228442e-05
  -2.004082e-06   2.292787e-06  -1.960709e-10   6.677825e-01  -7.639822e-01   6.533300e-05
  -2.928025e-06   7.031741e-07  -7.404156e-11   9.756506e-01  -2.343054e-01   2.467147e-05
  -2.744800e-06  -1.147294e-06   7.558088e-11   9.145980e-01   3.822912e-01  -2.518439e-05
  -1.483950e-06  -2.541854e-06   1.950905e-10   4.944687e-01   8.469741e-01  -6.500631e-05
   3.780891e-07  -2.898558e-06   2.349149e-10  -1.259835e-01   9.658315e-01  -7.827625e-05
   2.080525e-06  -2.047145e-06   1.768149e-10  -6.932539e-01   6.821314e-01  -5.891669e-05
   2.911849e-06  -3.376464e-07   4.460661e-11  -9.702604e-01   1.125075e-01  -1.486342e-05
   2.540869e-06   1.514434e-06  -1.062740e-10  -8.466459e-01  -5.046262e-01   3.541169e-05
   1.148960e-06   2.763491e-06  -2.148933e-10  -3.828461e-01  -9.208257e-01   7.160483e-05
  -6.906443e-07   2.949037e-06  -2.408456e-10   2.301304e-01  -9.826518e-01   8.025242e-05
  -2.278738e-06   2.040996e-06  -1.775131e-10   7.593009e-01  -6.800827e-01   5.914935e-05
  -3.052367e-06   3.992050e-07  -5.039219e-11   1.017082e+00  -1.330195e-01   1.679124e-05
  -2.755107e-06  -1.384150e-06   9.452922e-11   9.180322e-01   4.612141e-01  -3.149819e-05
  -1.496366e-06  -2.684095e-06   2.064322e-10   4.986056e-01   8.943702e-01  -6.878551e-05
   2.886669e-07  -3.035656e-06   2.453809e-10  -9.618702e-02   1.011514e+00  -8.176365e-05
   1.965461e-06  -2.288012e-06   1.954554e-10  -6.549134e-01   7.623911e-01  -6.512792e-05
   2.900298e-06  -6.840139e-07   7.233704e-11  -9.664116e-01   2.279210e-01  -2.410350e-05
   2.699500e-06   1.182584e-06  -7.868563e-11  -8.995034e-01  -3.940501e-01   2.621893e-05
   1.405127e-06   2.565439e-06  -1.974573e-10  -4.682039e-01  -8.548329e-01   6.579498e-05
  -4.716998e-07   2.879996e-06  -2.339879e-10   1.571756e-01  -9.596466e-01   7.796738e-05
  -2.151118e-06   1.987412e-06  -1.724451e-10   7.167763e-01  -6.622276e-01   5.746062e-05
  -2.941302e-06   2.693930e-07  -3.930558e-11   9.800745e-01  -8.976473e-02   1.309706e-05
  -2.547105e-06  -1.561682e-06   1.100287e-10   8.487238e-01   5.203698e-01  -3.666279e-05
  -1.162626e-06  -2.791594e-06   2.170667e-10   3.873998e-01   9.301900e-01  -7.232904e-05
   6.591379e-07  -2.983541e-06   2.434255e-10  -2.196321e-01   9.941490e-01  -8.111208e-05
   2.247057e-06  -2.101325e-06   1.821647e-10  -7.487442e-01   7.001849e-01  -6.069931e-05
   3.046063e-06  -4.789791e-07   5.675706e-11  -1.014982e+00   1.596011e-01  -1.891208e-05
   2.782145e-06   1.310434e-06  -8.845011e-11  -9.270417e-01  -4.366510e-01   2.947256e-05
   1.539522e-06   2.636784e-06  -2.023755e-10  -5.129857e-01  -8.786057e-01   6.743377e-05
  -2.552935e-07   3.010441e-06  -2.431566e-10   8.506661e-02  -1.003112e+00   8.102247e-05
  -1.950063e-06   2.259808e-06  -1.930991e-10   6.497827e-01  -7.529930e-01   6.434277e-05
  -2.882432e-06   6.334991e-07  -6.817524e-11   9.604582e-01  -2.110889e-01   2.271675e-05
  -2.649643e-06  -1.244314e-06   8.393994e-11   8.828904e-01   4.146194e-01  -2.796972e-05
  -1.318561e-06  -2.603405e-06   2.010250e-10   4.393590e-01   8.674836e-01  -6.698376e-05
   5.651557e-07  -2.871177e-06   2.338420e-10  -1.883161e-01   9.567080e-01  -7.791875e-05
   2.216584e-06  -1.945762e-06   1.694958e-10  -7.385904e-01   6.483494e-01  -5.647789e-05
   2.973851e-06  -2.295938e-07   3.630694e-11  -9.909201e-01   7.650319e-02  -1.209787e-05
   2.571943e-06   1.581189e-06  -1.114450e-10  -8.570000e-01  -5.268697e-01   3.713472e-05
   1.204422e-06   2.803887e-06  -2.178022e-10  -4.013267e-01  -9.342864e-01   7.257410e-05
  -6.015631e-07   3.014929e-06  -2.455986e-10   2.004475e-01  -1.004608e+00   8.183617e-05
  -2.197480e-06   2.163009e-06  -1.868174e-10   7.322248e-01  -7.207385e-01   6.224965e-05
  -3.026669e-06   5.561311e-07  -6.283277e-11   1.008520e+00  -1.853090e-01   2.093658e-05
  -2.792312e-06  -1.244505e-06   8.309744e-11   9.304294e-01   4.146827e-01  -2.768899e-05
  -1.556430e-06  -2.595166e-06   1.989336e-10   5.186198e-01   8.647381e-01  -6.628687e-05
   2.539027e-07  -2.979136e-06   2.406356e-10  -8.460321e-02   9.926810e-01  -8.018244e-05
   1.960935e-06  -2.211233e-06   1.892658e-10  -6.534054e-01   7.368074e-01  -6.306548e-05
   2.876260e-06  -5.575419e-07   6.204171e-11  -9.584018e-01   1.857791e-01  -2.067299e-05
   2.600958e-06   1.323910e-06  -9.062111e-11  -8.666682e-01  -4.411416e-01   3.019596e-05
   1.235906e-06   2.650151e-06  -2.052738e-10  -4.118175e-01  -8.830596e-01   6.839950e-05
  -6.457559e-07   2.873819e-06  -2.345386e-10   2.151730e-01  -9.575884e-01   7.815088e-05
  -2.269003e-06   1.928328e-06  -1.684117e-10   7.560571e-01  -6.425402e-01   5.611664e-05
  -3.005879e-06   2.228851e-07  -3.596105e-11   1.001592e+00  -7.426778e-02   1.198262e-05
  -2.611262e-06  -1.571313e-06   1.104160e-10   8.701013e-01   5.235790e-01  -3.679184e-05
  -1.267018e-06  -2.798489e-06   2.169925e-10   4.221845e-01   9.324877e-01  -7.230432e-05
   5.269694e-07  -3.037696e-06   2.469775e-10  -1.755920e-01   1.012194e+00  -8.229563e-05
   2.137419e-06  -2.216344e-06   1.907371e-10  -7.122117e-01   7.385103e-01  -6.355571e-05
   2.997434e-06  -6.188438e-07   6.769040e-11  -9.987782e-01   2.062056e-01  -2.255519e-05
   2.784478e-06   1.197035e-06  -7.933457e-11  -9.278191e-01  -3.988653e-01   2.643516e-05
   1.543993e-06   2.566376e-06  -1.966976e-10  -5.144757e-01  -8.551449e-01   6.554183e-05
  -2.859615e-07   2.946046e-06  -2.381725e-10   9.528554e-02  -9.816552e-01   7.936172e-05
  -1.996792e-06   2.147794e-06  -1.843897e-10   6.653534e-01  -7.156687e-01   6.144069e-05
  -2.881664e-06   4.659254e-07  -5.472095e-11   9.602024e-01  -1.552515e-01   1.823363e-05
  -2.559591e-06  -1.410238e-06   9.779855e-11   8.528841e-01   4.699068e-01  -3.258756e-05
  -1.168673e-06  -2.699618e-06   2.096483e-10   3.894150e-01   8.995427e-01  -6.985714e-05
   7.029843e-07  -2.888510e-06   2.360618e-10  -2.342422e-01   9.624836e-01  -7.865842e-05
   2.302378e-06  -1.937440e-06   1.693437e-10  -7.671780e-01   6.455764e-01  -5.642719e-05
   3.033144e-06  -2.489768e-07   3.821913e-11  -1.010677e+00   8.296184e-02  -1.273504e-05
   2.658322e-06   1.534215e-06  -1.071556e-10  -8.857825e-01  -5.112176e-01   3.570542e-05
   1.340176e-06   2.775819e-06  -2.147331e-10  -4.465616e-01  -9.249336e-01   7.155147e-05
  -4.467951e-07   3.047968e-06  -2.473198e-10   1.488771e-01  -1.015617e+00   8.240971e-05
  -2.076232e-06   2.253281e-06  -1.933339e-10   6.918237e-01  -7.508183e-01   6.442099e-05
  -2.963491e-06   6.573463e-07  -7.057658e-11   9.874680e-01  -2.190351e-01   2.351690e-05
  -2.759969e-06  -1.176174e-06   7.780756e-11   9.196525e-01   3.919141e-01  -2.592634e-05
  -1.502927e-06  -2.555242e-06   1.960509e-10   5.007920e-01   8.514350e-01  -6.532634e-05
   3.479908e-07  -2.914992e-06   2.360530e-10  -1.159544e-01   9.713077e-01  -7.865548e-05
   2.052359e-06  -2.077060e-06   1.790466e-10  -6.838689e-01   6.920995e-01  -5.966032e-05
   2.897238e-06  -3.710202e-07   4.719738e-11  -9.653920e-01   1.236281e-01  -1.572669e-05
   2.531456e-06   1.491560e-06  -1.044947e-10  -8.435091e-01  -4.970043e-01   3.481880e-05
   1.126248e-06   2.746041e-06  -2.136293e-10  -3.752783e-01  -9.150114e-01   7.118367e-05
  -7.299429e-07   2.913974e-06  -2.382676e-10   2.432251e-01  -9.709683e-01   7.939342e-05
  -2.313032e-06   1.971070e-06  -1.721069e-10   7.707280e-01  -6.567823e-01   5.734793e-05
  -3.051370e-06   3.028671e-07  -4.265400e-11   1.016750e+00  -1.009187e-01   1.421279e-05
  -2.705129e-06  -1.475688e-06   1.021767e-10   9.013790e-01   4.917156e-01  -3.404640e-05
  -1.412397e-06  -2.738995e-06   2.113434e-10   4.706263e-01   9.126635e-01  -7.042197e-05
   3.733553e-07  -3.044281e-06   2.465824e-10  -1.244061e-01   1.014388e+00  -8.216400e-05
   2.023861e-06  -2.268424e-06   1.942344e-10  -6.743731e-01   7.558641e-01  -6.472106e-05
   2.930695e-06  -6.651833e-07   7.100842e-11  -9.765402e-01   2.216465e-01  -2.366079e-05
   2.721957e-06   1.186144e-06  -7.883633e-11  -9.069863e-01  -3.952363e-01   2.626914e-05
   1.437706e-06   2.563374e-06  -1.970957e-10  -4.790598e-01  -8.541446e-01   6.567447e-05
  -4.319302e-07   2.889116e-06  -2.344808e-10   1.439239e-01  -9.626856e-01   7.813162e-05
  -2.119555e-06   2.008082e-06  -1.739143e-10   7.062593e-01  -6.691151e-01   5.795018e-05
  -2.920965e-06   2.858925e-07  -4.050758e-11   9.732980e-01  -9.526256e-02   1.349758e-05
  -2.521118e-06  -1.557369e-06   1.098388e-10   8.400646e-01   5.189325e-01  -3.659950e-05
  -1.114200e-06  -2.784238e-06   2.167675e-10   3.712639e-01   9.277390e-01  -7.222933e-05
   7.241052e-07  -2.946748e-06   2.408631e-10  -2.412799e-01   9.818891e-01  -8.025824e-05
   2.299964e-06  -2.023209e-06   1.762131e-10  -7.663737e-01   6.741558e-01  -5.871617e-05
   3.057218e-06  -3.756883e-07   4.853388e-11  -1.018699e+00   1.251835e-01  -1.617203e-05
   2.743999e-06   1.404585e-06  -9.623613e-11  -9.143308e-01  -4.680232e-01   3.206695e-05
   1.472622e-06   2.693692e-06  -2.073452e-10  -4.906940e-01  -8.975679e-01   6.908973e-05
  -3.181570e-07   3.027711e-06  -2.449206e-10   1.060134e-01  -1.008867e+00   8.161027e-05
  -1.989167e-06   2.259466e-06  -1.933068e-10   6.628124e-01  -7.528790e-01   6.441196e-05
  -2.904302e-06   6.400671e-07  -6.883388e-11   9.677456e-01  -2.132775e-01   2.293621e-05
  -2.674852e-06  -1.226421e-06   8.235223e-11   8.912905e-01   4.086571e-01  -2.744068e-05
  -1.356212e-06  -2.589078e-06   1.996487e-10   4.519049e-01   8.627096e-01  -6.652517e-05
   5.263178e-07  -2.871076e-06   2.336004e-10  -1.753749e-01   9.566743e-01  -7.783824e-05
   2.189127e-06  -1.950332e-06   1.696976e-10  -7.294414e-01   6.498724e-01  -5.654512e-05
   2.950459e-06  -2.221584e-07   3.556952e-11  -9.831256e-01   7.402564e-02  -1.185216e-05
   2.530568e-06   1.599704e-06  -1.131799e-10  -8.432133e-01  -5.330393e-01   3.771279e-05
   1.133346e-06   2.809775e-06  -2.187020e-10  -3.776434e-01  -9.362483e-01   7.287394e-05
  -6.874690e-07   2.981582e-06  -2.434386e-10   2.290723e-01  -9.934961e-01   8.111643e-05
  -2.265164e-06   2.085028e-06  -1.809655e-10   7.547776e-01  -6.947544e-01   6.029972e-05
  -3.049269e-06   4.560281e-07  -5.493426e-11   1.016050e+00  -1.519536e-01   1.830470e-05
  -2.768926e-06  -1.331782e-06   9.024308e-11   9.226367e-01   4.437647e-01  -3.006999e-05
  -1.511728e-06  -2.647348e-06   2.033905e-10   5.037245e-01   8.821257e-01  -6.777198e-05
   2.902650e-07  -3.001336e-06   2.426360e-10  -9.671952e-02   1.000079e+00  -8.084902e-05
   1.978310e-06  -2.227157e-06   1.906484e-10  -6.591949e-01   7.421135e-01  -6.352616e-05
   2.887906e-06  -5.842675e-07   6.425676e-11  -9.622822e-01   1.946844e-01  -2.141106e-05
   2.623931e-06   1.291724e-06  -8.789965e-11  -8.743230e-01  -4.304167e-01   2.928914e-05
   1.268972e-06   2.628101e-06  -2.033053e-10  -4.228354e-01  -8.757126e-01   6.774357e-05
  -6.181525e-07   2.863195e-06  -2.335200e-10   2.059753e-01  -9.540484e-01   7.781145e-05
  -2.252170e-06   1.912171e-06  -1.670137e-10   7.504479e-01  -6.371566e-01   5.565082e-05
  -2.982785e-06   1.881056e-07  -3.303076e-11   9.938972e-01  -6.267889e-02   1.100622e-05
  -2.558431e-06  -1.613920e-06   1.141533e-10   8.524977e-01   5.377760e-01  -3.803715e-05
  -1.179708e-06  -2.819333e-06   2.191904e-10   3.930918e-01   9.394331e-01  -7.303669e-05
   6.262082e-07  -3.012478e-06   2.455500e-10  -2.086595e-01   1.003791e+00  -8.181999e-05
   2.213688e-06  -2.146479e-06   1.855882e-10  -7.376255e-01   7.152307e-01  -6.184005e-05
   3.028607e-06  -5.315436e-07   6.087100e-11  -1.009165e+00   1.771162e-01  -2.028289e-05
   2.776429e-06   1.268721e-06  -8.513657e-11  -9.251369e-01  -4.227519e-01   2.836845e-05
   1.523613e-06   2.607844e-06  -2.001484e-10  -5.076847e-01  -8.689625e-01   6.669167e-05
  -2.949450e-07   2.969299e-06  -2.400928e-10   9.827894e-02  -9.894034e-01   8.000160e-05
  -1.993568e-06   2.175029e-06  -1.865562e-10   6.642789e-01  -7.247438e-01   6.216261e-05
  -2.883016e-06   5.044902e-07  -5.782433e-11   9.606528e-01  -1.681017e-01   1.926771e-05
  -2.575145e-06  -1.372918e-06   9.470975e-11   8.580669e-01   4.574717e-01  -3.155834e-05
  -1.187833e-06  -2.674821e-06   2.075428e-10   3.957992e-01   8.912799e-01  -6.915557e-05
   6.950331e-07  -2.867190e-06   2.343029e-10  -2.315927e-01   9.553796e-01  -7.807231e-05
   2.301164e-06  -1.899178e-06   1.662654e-10  -7.667733e-01   6.328272e-01  -5.540149e-05
   3.014234e-06  -1.874875e-07   3.317023e-11  -1.004376e+00   6.247291e-02  -1.105269e-05
   2.600014e-06   1.599044e-06  -1.127094e-10  -8.663536e-01  -5.328193e-01   3.755601e-05
   1.245301e-06   2.811324e-06  -2.181533e-10  -4.149482e-01  -9.367644e-01   7.269109e-05
  -5.498677e-07   3.034038e-06  -2.468215e-10   1.832220e-01  -1.010975e+00   8.224367e-05
  -2.153288e-06   2.197978e-06  -1.893584e-10   7.174994e-01  -7.323906e-01   6.309633e-05
  -2.998769e-06   5.906505e-07  -6.543560e-11   9.992232e-01  -1.968113e-01   2.180387e-05
  -2.765758e-06  -1.225705e-06   8.174818e-11   9.215814e-01   4.084184e-01  -2.723940e-05
  -1.505818e-06  -2.581941e-06   1.981764e-10   5.017553e-01   8.603314e-01  -6.603458e-05
   3.327740e-07  -2.935847e-06   2.376353e-10  -1.108840e-01   9.782567e-01  -7.918273e-05
   2.032907e-06  -2.109041e-06   1.814965e-10  -6.773870e-01   7.027558e-01  -6.047663e-05
   2.889337e-06  -4.111418e-07   5.037009e-11  -9.627590e-01   1.369970e-01  -1.678387e-05
   2.534804e-06   1.458678e-06  -1.018355e-10  -8.446250e-01  -4.860478e-01   3.393271e-05
   1.124126e-06   2.723335e-06  -2.118197e-10  -3.745714e-01  -9.074456e-01   7.058068e-05
  -7.470537e-07   2.883466e-06  -2.359219e-10   2.489266e-01  -9.608028e-01   7.861181e-05
  -2.330550e-06   1.912930e-06  -1.675459e-10   7.765653e-01  -6.374095e-01   5.582814e-05
  -3.040478e-06   2.191233e-07  -3.586714e-11   1.013121e+00  -7.301430e-02   1.195133e-05
  -2.648182e-06  -1.557872e-06   1.091152e-10   8.824036e-01   5.191001e-01  -3.635839e-05
  -1.319500e-06  -2.786536e-06   2.157176e-10   4.396721e-01   9.285047e-01  -7.187951e-05
   4.701358e-07  -3.042662e-06   2.470343e-10  -1.566545e-01   1.013849e+00  -8.231457e-05
   2.093456e-06  -2.231805e-06   1.917137e-10  -6.975628e-01   7.436622e-01  -6.388113e-05
   2.965011e-06  -6.240624e-07   6.791431e-11  -9.879744e-01   2.079445e-01  -2.262980e-05
   2.738552e-06   1.210243e-06  -8.067081e-11  -9.125158e-01  -4.032665e-01   2.688041e-05
   1.459742e-06   2.573914e-06  -1.978092e-10  -4.864022e-01  -8.576568e-01   6.591222e-05
  -3.993851e-07   2.904722e-06  -2.355377e-10   1.330796e-01  -9.678857e-01   7.848378e-05
  -2.090498e-06   2.037179e-06  -1.760750e-10   6.965772e-01  -6.788107e-01   5.867015e-05
  -2.905462e-06   3.169072e-07  -4.290365e-11   9.681322e-01  -1.055970e-01   1.429597e-05
  -2.508808e-06  -1.537446e-06   1.083138e-10   8.359627e-01   5.122942e-01  -3.609136e-05
  -1.086686e-06  -2.768090e-06   2.156369e-10   3.620957e-01   9.223583e-01  -7.185259e-05
   7.680981e-07  -2.910408e-06   2.382108e-10  -2.559388e-01   9.697801e-01  -7.937449e-05
   2.337104e-06  -1.950616e-06   1.706100e-10  -7.787491e-01   6.499668e-01  -5.684914e-05
   3.057268e-06  -2.772377e-07   4.063242e-11  -1.018716e+00   9.237867e-02  -1.353917e-05
   2.694797e-06   1.496739e-06  -1.039283e-10  -8.979363e-01  -4.987300e-01   3.463008e-05
   1.390716e-06   2.748465e-06  -2.122338e-10  -4.634020e-01  -9.158189e-01   7.071866e-05
  -3.992916e-07   3.037232e-06  -2.461726e-10   1.330484e-01  -1.012039e+00   8.202743e-05
  -2.043997e-06   2.243017e-06  -1.923162e-10   6.810826e-01  -7.473980e-01   6.408190e-05
  -2.933100e-06   6.260002e-07  -6.787800e-11   9.773415e-01  -2.085902e-01   2.261770e-05
  -2.698218e-06  -1.225731e-06   8.215640e-11   8.990763e-01   4.084273e-01  -2.737542e-05
  -1.390540e-06  -2.584782e-06   1.990975e-10   4.633432e-01   8.612779e-01  -6.634149e-05
   4.859858e-07  -2.879065e-06   2.339991e-10  -1.619359e-01   9.593364e-01  -7.797110e-05
   2.158022e-06  -1.968780e-06   1.709912e-10  -7.190768e-01   6.560193e-01  -5.697616e-05
   2.929463e-06  -2.347644e-07   3.645507e-11  -9.761297e-01   7.822609e-02  -1.214723e-05
   2.501443e-06   1.599175e-06  -1.133125e-10  -8.335084e-01  -5.328627e-01   3.775697e-05
   1.080276e-06   2.804090e-06  -2.185648e-10  -3.599599e-01  -9.343538e-01   7.282821e-05
  -7.564668e-07   2.944176e-06  -2.408512e-10   2.520631e-01  -9.810322e-01   8.025430e-05
  -2.320295e-06   2.005582e-06  -1.749205e-10   7.731481e-01  -6.682820e-01   5.828547e-05
  -3.061447e-06   3.523980e-07  -4.669000e-11   1.020108e+00  -1.174229e-01   1.555763e-05
  -2.732289e-06  -1.424890e-06   9.793629e-11   9.104289e-01   4.747892e-01  -3.263346e-05
  -1.448082e-06  -2.703068e-06   2.082453e-10   4.825170e-01   9.006921e-01  -6.938964e-05
   3.485119e-07  -3.019127e-06   2.444142e-10  -1.161280e-01   1.006007e+00  -8.144151e-05
   2.013349e-06  -2.229801e-06   1.910713e-10  -6.708703e-01   7.429945e-01  -6.366706e-05
   2.908021e-06  -5.949750e-07   6.523709e-11  -9.689850e-01   1.982523e-01  -2.173772e-05
   2.649375e-06   1.270760e-06  -8.606408e-11  -8.828012e-01  -4.234312e-01   2.867751e-05
   1.306704e-06   2.612385e-06  -2.018170e-10  -4.354083e-01  -8.704758e-01   6.724767e-05
  -5.806913e-07   2.861616e-06  -2.331680e-10   1.934928e-01  -9.535222e-01   7.769417e-05
  -2.226304e-06   1.913349e-06  -1.669528e-10   7.418293e-01  -6.375492e-01   5.563052e-05
  -2.959013e-06   1.758487e-07  -3.190408e-11   9.859758e-01  -5.859475e-02   1.063079e-05
  -2.514181e-06  -1.636514e-06   1.162328e-10   8.377531e-01   5.453045e-01  -3.873004e-05
  -1.104819e-06  -2.827078e-06   2.202623e-10   3.681379e-01   9.420136e-01  -7.339383e-05
   7.149331e-07  -2.979245e-06   2.434161e-10  -2.382236e-01   9.927174e-01  -8.110896e-05
   2.282592e-06  -2.068598e-06   1.797517e-10  -7.605850e-01   6.892799e-01  -5.989525e-05
   3.051899e-06  -4.328950e-07   5.309339e-11  -1.016927e+00   1.442454e-01  -1.769131e-05
   2.754951e-06   1.353364e-06  -9.205926e-11  -9.179803e-01  -4.509560e-01   3.067517e-05
   1.482890e-06   2.657875e-06  -2.044088e-10  -4.941153e-01  -8.856336e-01   6.811129e-05
  -3.262655e-07   2.991604e-06  -2.420713e-10   1.087153e-01  -9.968355e-01   8.066085e-05
  -2.007014e-06   2.193402e-06  -1.881117e-10   6.687595e-01  -7.308659e-01   6.268091e-05
  -2.893017e-06   5.340961e-07  -6.026067e-11   9.639854e-01  -1.779667e-01   2.007952e-05
  -2.597517e-06  -1.339276e-06   9.187509e-11   8.655216e-01   4.462617e-01  -3.061380e-05
  -1.219196e-06  -2.652248e-06   2.055426e-10   4.062496e-01   8.837585e-01  -6.848907e-05
   6.704794e-07  -2.854784e-06   2.331595e-10  -2.234112e-01   9.512458e-01  -7.769134e-05
   2.286745e-06  -1.878944e-06   1.645547e-10  -7.619687e-01   6.260849e-01  -5.483146e-05
   2.991131e-06  -1.476826e-07   2.983654e-11  -9.966780e-01   4.920950e-02  -9.941866e-06
   2.545031e-06   1.645480e-06  -1.167669e-10  -8.480326e-01  -5.482921e-01   3.890802e-05
   1.155523e-06   2.833953e-06  -2.205092e-10  -3.850329e-01  -9.443045e-01   7.347612e-05
  -6.503199e-07   3.009539e-06  -2.454592e-10   2.166938e-01  -1.002812e+00   8.178972e-05
  -2.229490e-06   2.129513e-06  -1.843215e-10   7.428909e-01  -7.095773e-01   6.141796e-05
  -3.030054e-06   5.063832e-07  -5.886030e-11   1.009648e+00  -1.687325e-01   1.961291e-05
  -2.759689e-06  -1.293478e-06   8.722427e-11   9.195591e-01   4.310013e-01  -2.906409e-05
  -1.489606e-06  -2.620605e-06   2.013771e-10   4.963534e-01   8.732146e-01  -6.710108e-05
   3.370207e-07  -2.958836e-06   2.395060e-10  -1.122990e-01   9.859171e-01  -7.980607e-05
   2.026495e-06  -2.137825e-06   1.837681e-10  -6.752506e-01   7.123469e-01  -6.123358e-05
   2.889303e-06  -4.508447e-07   5.355648e-11  -9.627479e-01   1.502264e-01  -1.784561e-05
   2.548823e-06   1.421657e-06  -9.877982e-11  -8.492960e-01  -4.737119e-01   3.291453e-05
   1.139989e-06   2.698772e-06  -2.097528e-10  -3.798571e-01  -8.992607e-01   6.989197e-05
  -7.433176e-07   2.860248e-06  -2.340360e-10   2.476817e-01  -9.530664e-01   7.798338e-05
  -2.332228e-06   1.870537e-06  -1.641534e-10   7.771244e-01  -6.232836e-01   5.469775e-05
  -3.021995e-06   1.531248e-07  -3.045890e-11   1.006962e+00  -5.102288e-02   1.014924e-05
  -2.588740e-06  -1.625761e-06   1.149215e-10   8.625970e-01   5.417217e-01  -3.829312e-05
  -1.223789e-06  -2.823431e-06   2.192543e-10   4.077801e-01   9.407986e-01  -7.305797e-05
   5.726264e-07  -3.029800e-06   2.466182e-10  -1.908055e-01   1.009563e+00  -8.217591e-05
   2.169047e-06  -2.178900e-06   1.879219e-10  -7.227505e-01   7.260336e-01  -6.261768e-05
   2.999712e-06  -5.615602e-07   6.310645e-11  -9.995373e-01   1.871181e-01  -2.102777e-05
   2.746128e-06   1.255119e-06  -8.422700e-11  -9.150403e-01  -4.182194e-01   2.806537e-05
   1.466430e-06   2.597611e-06  -1.996709e-10  -4.886307e-01  -8.655527e-01   6.653255e-05
  -3.804536e-07   2.925011e-06  -2.370523e-10   1.267714e-01  -9.746462e-01   7.898846e-05
  -2.069040e-06   2.069490e-06  -1.785394e-10   6.894272e-01  -6.895772e-01   5.949129e-05
  -2.896450e-06   3.562035e-07  -4.600343e-11   9.651293e-01  -1.186910e-01   1.532885e-05
  -2.509744e-06  -1.506459e-06   1.058211e-10   8.362745e-01   5.019687e-01  -3.526075e-05
  -1.080156e-06  -2.746229e-06   2.139215e-10   3.599198e-01   9.150740e-01  -7.128103e-05
   7.899512e-07  -2.878186e-06   2.357560e-10  -2.632205e-01   9.590434e-01  -7.855653e-05
   2.357628e-06  -1.888926e-06   1.657820e-10  -7.855878e-01   6.294110e-01  -5.524042e-05
   3.047200e-06  -1.901189e-07   3.357963e-11  -1.015361e+00   6.334973e-02  -1.118910e-05
   2.637816e-06   1.580769e-06  -1.110153e-10  -8.789497e-01  -5.267296e-01   3.699152e-05
   1.298658e-06   2.796673e-06  -2.166566e-10  -4.327273e-01  -9.318825e-01   7.219237e-05
  -4.937418e-07   3.036719e-06  -2.466993e-10   1.645202e-01  -1.011869e+00   8.220293e-05
  -2.110847e-06   2.209400e-06  -1.900200e-10   7.033578e-01  -7.361966e-01   6.331678e-05
  -2.966219e-06   5.896648e-07  -6.516079e-11   9.883772e-01  -1.964828e-01   2.171230e-05
  -2.716210e-06  -1.245114e-06   8.360393e-11   9.050714e-01   4.148860e-01  -2.785776e-05
  -1.415451e-06  -2.592602e-06   1.995754e-10   4.716440e-01   8.638839e-01  -6.650074e-05
   4.513257e-07  -2.893815e-06   2.349746e-10  -1.503867e-01   9.642513e-01  -7.829614e-05
   2.128327e-06  -1.996792e-06   1.730609e-10  -7.091823e-01   6.653533e-01  -5.766582e-05
   2.913080e-06  -2.630982e-07   3.863067e-11  -9.706706e-01   8.766723e-02  -1.287217e-05
   2.486113e-06   1.582367e-06  -1.120556e-10  -8.284005e-01  -5.272621e-01   3.733817e-05
   1.047915e-06   2.789265e-06  -2.175695e-10  -3.491770e-01  -9.294140e-01   7.249657e-05
  -8.050592e-07   2.906615e-06  -2.381287e-10   2.682546e-01  -9.685165e-01   7.934712e-05
  -2.360162e-06   1.930525e-06  -1.691361e-10   7.864323e-01  -6.432725e-01   5.635804e-05
  -3.062540e-06   2.521496e-07  -3.865051e-11   1.020472e+00  -8.401904e-02   1.287878e-05
