Method       t0       tn       N         h
 Euler        0        3  100000     3e-05

x  -  y  -  z  .........
  -2.883410e-06  -8.199914e-07   4.847779e-11   9.607842e-01   2.732302e-01  -1.615334e-05
  -2.866515e-06  -8.740486e-07   5.291807e-11   9.551547e-01   2.912427e-01  -1.763289e-05
  -2.848597e-06  -9.277939e-07   5.733945e-11   9.491842e-01   3.091512e-01  -1.910614e-05
  -2.829661e-06  -9.812075e-07   6.174035e-11   9.428746e-01   3.269492e-01  -2.057257e-05
  -2.809713e-06  -1.034270e-06   6.611916e-11   9.362276e-01   3.446303e-01  -2.203164e-05
  -2.788759e-06  -1.086963e-06   7.047429e-11   9.292455e-01   3.621880e-01  -2.348282e-05
  -2.766805e-06  -1.139265e-06   7.480416e-11   9.219302e-01   3.796158e-01  -2.492558e-05
  -2.743859e-06  -1.191159e-06   7.910719e-11   9.142842e-01   3.969075e-01  -2.635939e-05
  -2.719927e-06  -1.242625e-06   8.338181e-11   9.063097e-01   4.140566e-01  -2.778374e-05
  -2.695017e-06  -1.293645e-06   8.762645e-11   8.980095e-01   4.310568e-01  -2.919810e-05
  -2.669137e-06  -1.344198e-06   9.183955e-11   8.893860e-01   4.479018e-01  -3.060196e-05
  -2.642295e-06  -1.394268e-06   9.601956e-11   8.804421e-01   4.645855e-01  -3.199478e-05
  -2.614501e-06  -1.443835e-06   1.001649e-10   8.711807e-01   4.811017e-01  -3.337607e-05
  -2.585763e-06  -1.492880e-06   1.042742e-10   8.616048e-01   4.974442e-01  -3.474531e-05
  -2.556090e-06  -1.541386e-06   1.083457e-10   8.517176e-01   5.136069e-01  -3.610200e-05
  -2.525493e-06  -1.589334e-06   1.123781e-10   8.415222e-01   5.295839e-01  -3.744562e-05
  -2.493981e-06  -1.636707e-06   1.163697e-10   8.310222e-01   5.453691e-01  -3.877569e-05
  -2.461566e-06  -1.683487e-06   1.203192e-10   8.202210e-01   5.609566e-01  -4.009171e-05
  -2.428257e-06  -1.729656e-06   1.242251e-10   8.091223e-01   5.763407e-01  -4.139318e-05
  -2.394067e-06  -1.775197e-06   1.280858e-10   7.977297e-01   5.915154e-01  -4.267961e-05
  -2.359006e-06  -1.820093e-06   1.319000e-10   7.860471e-01   6.064751e-01  -4.395054e-05
  -2.323088e-06  -1.864326e-06   1.356662e-10   7.740785e-01   6.212142e-01  -4.520547e-05
  -2.286323e-06  -1.907880e-06   1.393829e-10   7.618280e-01   6.357270e-01  -4.644394e-05
  -2.248724e-06  -1.950739e-06   1.430489e-10   7.492998e-01   6.500080e-01  -4.766547e-05
  -2.210305e-06  -1.992886e-06   1.466626e-10   7.364982e-01   6.640518e-01  -4.886961e-05
  -2.171079e-06  -2.034305e-06   1.502228e-10   7.234275e-01   6.778531e-01  -5.005591e-05
  -2.131059e-06  -2.074981e-06   1.537281e-10   7.100924e-01   6.914066e-01  -5.122390e-05
  -2.090259e-06  -2.114897e-06   1.571771e-10   6.964974e-01   7.047071e-01  -5.237314e-05
  -2.048693e-06  -2.154038e-06   1.605685e-10   6.826473e-01   7.177494e-01  -5.350321e-05
  -2.006376e-06  -2.192390e-06   1.639011e-10   6.685469e-01   7.305286e-01  -5.461366e-05
  -1.963324e-06  -2.229937e-06   1.671735e-10   6.542012e-01   7.430397e-01  -5.570406e-05
  -1.919550e-06  -2.266665e-06   1.703845e-10   6.396152e-01   7.552779e-01  -5.677401e-05
  -1.875070e-06  -2.302560e-06   1.735329e-10   6.247941e-01   7.672385e-01  -5.782309e-05
  -1.829900e-06  -2.337607e-06   1.766174e-10   6.097431e-01   7.789167e-01  -5.885089e-05
  -1.784057e-06  -2.371794e-06   1.796369e-10   5.944675e-01   7.903081e-01  -5.985702e-05
  -1.737556e-06  -2.405107e-06   1.825902e-10   5.789729e-01   8.014082e-01  -6.084108e-05
  -1.690414e-06  -2.437532e-06   1.854761e-10   5.632646e-01   8.122127e-01  -6.180270e-05
  -1.642647e-06  -2.469057e-06   1.882935e-10   5.473483e-01   8.227172e-01  -6.274150e-05
  -1.594274e-06  -2.499670e-06   1.910414e-10   5.312298e-01   8.329177e-01  -6.365711e-05
  -1.545311e-06  -2.529358e-06   1.937186e-10   5.149148e-01   8.428102e-01  -6.454918e-05
  -1.495776e-06  -2.558110e-06   1.963241e-10   4.984092e-01   8.523906e-01  -6.541736e-05
  -1.445687e-06  -2.585914e-06   1.988568e-10   4.817190e-01   8.616553e-01  -6.626130e-05
  -1.395062e-06  -2.612760e-06   2.013158e-10   4.648502e-01   8.706005e-01  -6.708067e-05
  -1.343919e-06  -2.638636e-06   2.037002e-10   4.478088e-01   8.792227e-01  -6.787515e-05
  -1.292278e-06  -2.663532e-06   2.060088e-10   4.306012e-01   8.875184e-01  -6.864443e-05
  -1.240155e-06  -2.687438e-06   2.082409e-10   4.132336e-01   8.954842e-01  -6.938819e-05
  -1.187572e-06  -2.710345e-06   2.103956e-10   3.957122e-01   9.031169e-01  -7.010615e-05
  -1.134547e-06  -2.732243e-06   2.124720e-10   3.780436e-01   9.104135e-01  -7.079801e-05
  -1.081099e-06  -2.753123e-06   2.144692e-10   3.602341e-01   9.173710e-01  -7.146350e-05
  -1.027248e-06  -2.772976e-06   2.163864e-10   3.422904e-01   9.239865e-01  -7.210236e-05
  -9.730137e-07  -2.791796e-06   2.182230e-10   3.242190e-01   9.302574e-01  -7.271431e-05
  -9.184163e-07  -2.809573e-06   2.199780e-10   3.060265e-01   9.361810e-01  -7.329912e-05
  -8.634759e-07  -2.826301e-06   2.216509e-10   2.877197e-01   9.417548e-01  -7.385655e-05
  -8.082126e-07  -2.841972e-06   2.232410e-10   2.693054e-01   9.469767e-01  -7.438637e-05
  -7.526471e-07  -2.856580e-06   2.247475e-10   2.507904e-01   9.518443e-01  -7.488837e-05
  -6.967998e-07  -2.870119e-06   2.261699e-10   2.321814e-01   9.563556e-01  -7.536233e-05
  -6.406916e-07  -2.882583e-06   2.275076e-10   2.134856e-01   9.605087e-01  -7.580807e-05
  -5.843432e-07  -2.893967e-06   2.287601e-10   1.947096e-01   9.643018e-01  -7.622540e-05
  -5.277757e-07  -2.904265e-06   2.299267e-10   1.758607e-01   9.677333e-01  -7.661413e-05
  -4.710102e-07  -2.913473e-06   2.310071e-10   1.569458e-01   9.708016e-01  -7.697412e-05
  -4.140678e-07  -2.921588e-06   2.320007e-10   1.379720e-01   9.735055e-01  -7.730521e-05
  -3.569698e-07  -2.928605e-06   2.329072e-10   1.189463e-01   9.758436e-01  -7.760726e-05
  -2.997377e-07  -2.934521e-06   2.337261e-10   9.987592e-02   9.778149e-01  -7.788013e-05
  -2.423928e-07  -2.939333e-06   2.344571e-10   8.076797e-02   9.794184e-01  -7.812372e-05
  -1.849567e-07  -2.943039e-06   2.350999e-10   6.162963e-02   9.806534e-01  -7.833790e-05
  -1.274510e-07  -2.945638e-06   2.356542e-10   4.246808e-02   9.815191e-01  -7.852259e-05
  -6.989726e-08  -2.947126e-06   2.361197e-10   2.329054e-02   9.820151e-01  -7.867770e-05
  -1.231719e-08  -2.947504e-06   2.364962e-10   4.104224e-03   9.821410e-01  -7.880316e-05
   4.526752e-08  -2.946770e-06   2.367835e-10  -1.508364e-02   9.818966e-01  -7.889890e-05
   1.028352e-07  -2.944925e-06   2.369816e-10  -3.426582e-02   9.812818e-01  -7.896488e-05
   1.603640e-07  -2.941969e-06   2.370901e-10  -5.343506e-02   9.802967e-01  -7.900107e-05
   2.178322e-07  -2.937902e-06   2.371092e-10  -7.258412e-02   9.789414e-01  -7.900742e-05
   2.752182e-07  -2.932725e-06   2.370387e-10  -9.170577e-02   9.772164e-01  -7.898393e-05
   3.325002e-07  -2.926439e-06   2.368786e-10  -1.107928e-01   9.751221e-01  -7.893059e-05
   3.896565e-07  -2.919048e-06   2.366290e-10  -1.298379e-01   9.726592e-01  -7.884742e-05
   4.466655e-07  -2.910553e-06   2.362899e-10  -1.488339e-01   9.698285e-01  -7.873443e-05
   5.035055e-07  -2.900956e-06   2.358615e-10  -1.677736e-01   9.666309e-01  -7.859166e-05
   5.601549e-07  -2.890262e-06   2.353437e-10  -1.866498e-01   9.630675e-01  -7.841915e-05
   6.165923e-07  -2.878474e-06   2.347369e-10  -2.054554e-01   9.591396e-01  -7.821695e-05
   6.727963e-07  -2.865596e-06   2.340412e-10  -2.241832e-01   9.548485e-01  -7.798514e-05
   7.287454e-07  -2.851633e-06   2.332569e-10  -2.428261e-01   9.501957e-01  -7.772379e-05
   7.844184e-07  -2.836589e-06   2.323842e-10  -2.613769e-01   9.451830e-01  -7.743299e-05
   8.397942e-07  -2.820470e-06   2.314234e-10  -2.798287e-01   9.398121e-01  -7.711285e-05
   8.948516e-07  -2.803283e-06   2.303749e-10  -2.981745e-01   9.340849e-01  -7.676348e-05
   9.495698e-07  -2.785032e-06   2.292391e-10  -3.164072e-01   9.280036e-01  -7.638501e-05
   1.003928e-06  -2.765726e-06   2.280163e-10  -3.345199e-01   9.215704e-01  -7.597757e-05
   1.057905e-06  -2.745370e-06   2.267071e-10  -3.525058e-01   9.147877e-01  -7.554132e-05
   1.111481e-06  -2.723973e-06   2.253118e-10  -3.703579e-01   9.076580e-01  -7.507641e-05
   1.164636e-06  -2.701542e-06   2.238311e-10  -3.880695e-01   9.001839e-01  -7.458301e-05
   1.217348e-06  -2.678087e-06   2.222655e-10  -4.056339e-01   8.923682e-01  -7.406132e-05
   1.269598e-06  -2.653615e-06   2.206155e-10  -4.230443e-01   8.842139e-01  -7.351152e-05
   1.321367e-06  -2.628136e-06   2.188817e-10  -4.402942e-01   8.757240e-01  -7.293382e-05
   1.372634e-06  -2.601659e-06   2.170649e-10  -4.573769e-01   8.669017e-01  -7.232843e-05
   1.423380e-06  -2.574195e-06   2.151657e-10  -4.742860e-01   8.577503e-01  -7.169560e-05
   1.473586e-06  -2.545754e-06   2.131848e-10  -4.910151e-01   8.482733e-01  -7.103554e-05
   1.523232e-06  -2.516346e-06   2.111230e-10  -5.075578e-01   8.384743e-01  -7.034852e-05
   1.572300e-06  -2.485983e-06   2.089810e-10  -5.239078e-01   8.283570e-01  -6.963479e-05
   1.620771e-06  -2.454676e-06   2.067597e-10  -5.400589e-01   8.179252e-01  -6.889463e-05
   1.668627e-06  -2.422437e-06   2.044599e-10  -5.560050e-01   8.071830e-01  -6.812831e-05
   1.715849e-06  -2.389279e-06   2.020825e-10  -5.717401e-01   7.961343e-01  -6.733613e-05
   1.762420e-06  -2.355214e-06   1.996284e-10  -5.872581e-01   7.847834e-01  -6.651839e-05
   1.808323e-06  -2.320255e-06   1.970985e-10  -6.025532e-01   7.731346e-01  -6.567541e-05
   1.853539e-06  -2.284415e-06   1.944938e-10  -6.176196e-01   7.611924e-01  -6.480750e-05
   1.898051e-06  -2.247708e-06   1.918153e-10  -6.324516e-01   7.489614e-01  -6.391499e-05
   1.941843e-06  -2.210149e-06   1.890640e-10  -6.470437e-01   7.364461e-01  -6.299823e-05
   1.984899e-06  -2.171751e-06   1.862410e-10  -6.613903e-01   7.236515e-01  -6.205757e-05
   2.027201e-06  -2.132529e-06   1.833474e-10  -6.754860e-01   7.105823e-01  -6.109337e-05
   2.068735e-06  -2.092498e-06   1.803842e-10  -6.893255e-01   6.972437e-01  -6.010601e-05
   2.109484e-06  -2.051674e-06   1.773526e-10  -7.029036e-01   6.836406e-01  -5.909584e-05
   2.149434e-06  -2.010072e-06   1.742537e-10  -7.162153e-01   6.697784e-01  -5.806328e-05
   2.188569e-06  -1.967709e-06   1.710888e-10  -7.292554e-01   6.556623e-01  -5.700870e-05
   2.226874e-06  -1.924599e-06   1.678591e-10  -7.420192e-01   6.412978e-01  -5.593253e-05
   2.264336e-06  -1.880761e-06   1.645658e-10  -7.545020e-01   6.266903e-01  -5.483516e-05
   2.300940e-06  -1.836210e-06   1.612102e-10  -7.666989e-01   6.118454e-01  -5.371702e-05
   2.336674e-06  -1.790963e-06   1.577935e-10  -7.786056e-01   5.967689e-01  -5.257855e-05
   2.371522e-06  -1.745039e-06   1.543171e-10  -7.902175e-01   5.814665e-01  -5.142017e-05
   2.405473e-06  -1.698455e-06   1.507823e-10  -8.015304e-01   5.659441e-01  -5.024234e-05
   2.438515e-06  -1.651228e-06   1.471905e-10  -8.125401e-01   5.502076e-01  -4.904550e-05
   2.470634e-06  -1.603377e-06   1.435430e-10  -8.232426e-01   5.342630e-01  -4.783012e-05
   2.501819e-06  -1.554920e-06   1.398412e-10  -8.336339e-01   5.181165e-01  -4.659665e-05
   2.532059e-06  -1.505875e-06   1.360866e-10  -8.437102e-01   5.017742e-01  -4.534558e-05
   2.561343e-06  -1.456261e-06   1.322807e-10  -8.534679e-01   4.852424e-01  -4.407738e-05
   2.589659e-06  -1.406098e-06   1.284247e-10  -8.629033e-01   4.685274e-01  -4.279254e-05
   2.616999e-06  -1.355404e-06   1.245203e-10  -8.720130e-01   4.516356e-01  -4.149156e-05
   2.643351e-06  -1.304198e-06   1.205690e-10  -8.807939e-01   4.345734e-01  -4.017492e-05
   2.668707e-06  -1.252501e-06   1.165721e-10  -8.892426e-01   4.173473e-01  -3.884313e-05
   2.693056e-06  -1.200332e-06   1.125314e-10  -8.973563e-01   3.999640e-01  -3.749671e-05
   2.716392e-06  -1.147711e-06   1.084482e-10  -9.051319e-01   3.824301e-01  -3.613616e-05
   2.738705e-06  -1.094658e-06   1.043243e-10  -9.125668e-01   3.647521e-01  -3.476200e-05
   2.759987e-06  -1.041193e-06   1.001610e-10  -9.196583e-01   3.469369e-01  -3.337477e-05
   2.780231e-06  -9.873358e-07   9.596015e-11  -9.264039e-01   3.289912e-01  -3.197499e-05
   2.799430e-06  -9.331079e-07   9.172318e-11  -9.328013e-01   3.109219e-01  -3.056318e-05
   2.817578e-06  -8.785295e-07   8.745176e-11  -9.388483e-01   2.927358e-01  -2.913990e-05
   2.834668e-06  -8.236213e-07   8.314750e-11  -9.445428e-01   2.744397e-01  -2.770567e-05
   2.850694e-06  -7.684040e-07   7.881205e-11  -9.498829e-01   2.560407e-01  -2.626105e-05
   2.865651e-06  -7.128985e-07   7.444704e-11  -9.548668e-01   2.375457e-01  -2.480658e-05
   2.879535e-06  -6.571259e-07   7.005414e-11  -9.594929e-01   2.189617e-01  -2.334282e-05
   2.892339e-06  -6.011072e-07   6.563499e-11  -9.637596e-01   2.002956e-01  -2.187031e-05
   2.904062e-06  -5.448635e-07   6.119128e-11  -9.676656e-01   1.815546e-01  -2.038961e-05
   2.914698e-06  -4.884160e-07   5.672468e-11  -9.712096e-01   1.627456e-01  -1.890129e-05
   2.924244e-06  -4.317859e-07   5.223688e-11  -9.743907e-01   1.438759e-01  -1.740591e-05
   2.932699e-06  -3.749946e-07   4.772957e-11  -9.772077e-01   1.249524e-01  -1.590402e-05
   2.940058e-06  -3.180633e-07   4.320444e-11  -9.796601e-01   1.059822e-01  -1.439620e-05
   2.946321e-06  -2.610133e-07   3.866319e-11  -9.817470e-01   8.697253e-02  -1.288300e-05
   2.951486e-06  -2.038661e-07   3.410754e-11  -9.834679e-01   6.793043e-02  -1.136501e-05
   2.955552e-06  -1.466429e-07   2.953918e-11  -9.848226e-01   4.886303e-02  -9.842782e-06
   2.958517e-06  -8.936510e-08   2.495982e-11  -9.858108e-01   2.977744e-02  -8.316890e-06
   2.960383e-06  -3.205410e-08   2.037119e-11  -9.864323e-01   1.068078e-02  -6.787906e-06
   2.961148e-06   2.526882e-08   1.577498e-11  -9.866873e-01  -8.419850e-03  -5.256399e-06
   2.960813e-06   8.258235e-08   1.117292e-11  -9.865759e-01  -2.751736e-02  -3.722940e-06
   2.959380e-06   1.398653e-07   6.566707e-12  -9.860984e-01  -4.660466e-02  -2.188100e-06
   2.956850e-06   1.970963e-07   1.958062e-12  -9.852554e-01  -6.567468e-02  -6.524479e-07
   2.953225e-06   2.542543e-07  -2.651308e-12  -9.840474e-01  -8.472037e-02   8.834454e-07
   2.948507e-06   3.113183e-07  -7.259698e-12  -9.824751e-01  -1.037347e-01   2.419012e-06
   2.942698e-06   3.682671e-07  -1.186540e-11  -9.805396e-01  -1.227107e-01   3.953684e-06
   2.935802e-06   4.250798e-07  -1.646672e-11  -9.782417e-01  -1.416413e-01   5.486895e-06
   2.927822e-06   4.817356e-07  -2.106196e-11  -9.755827e-01  -1.605197e-01   7.018080e-06
   2.918762e-06   5.382137e-07  -2.564944e-11  -9.725638e-01  -1.793388e-01   8.546677e-06
   2.908626e-06   5.944935e-07  -3.022746e-11  -9.691864e-01  -1.980918e-01   1.007212e-05
   2.897419e-06   6.505543e-07  -3.479435e-11  -9.654522e-01  -2.167719e-01   1.159386e-05
   2.885146e-06   7.063758e-07  -3.934843e-11  -9.613627e-01  -2.353723e-01   1.311133e-05
   2.871813e-06   7.619377e-07  -4.388806e-11  -9.569199e-01  -2.538861e-01   1.462399e-05
   2.857425e-06   8.172197e-07  -4.841156e-11  -9.521257e-01  -2.723067e-01   1.613127e-05
   2.841988e-06   8.722019e-07  -5.291731e-11  -9.469821e-01  -2.906274e-01   1.763263e-05
   2.825510e-06   9.268644e-07  -5.740366e-11  -9.414913e-01  -3.088415e-01   1.912754e-05
   2.807997e-06   9.811874e-07  -6.186898e-11  -9.356558e-01  -3.269425e-01   2.061543e-05
   2.789457e-06   1.035151e-06  -6.631166e-11  -9.294779e-01  -3.449239e-01   2.209578e-05
   2.769896e-06   1.088737e-06  -7.073011e-11  -9.229602e-01  -3.627792e-01   2.356806e-05
   2.749325e-06   1.141925e-06  -7.512272e-11  -9.161055e-01  -3.805021e-01   2.503173e-05
   2.727750e-06   1.194696e-06  -7.948793e-11  -9.089165e-01  -3.980861e-01   2.648626e-05
   2.705180e-06   1.247032e-06  -8.382416e-11  -9.013961e-01  -4.155250e-01   2.793114e-05
   2.681626e-06   1.298914e-06  -8.812987e-11  -8.935476e-01  -4.328125e-01   2.936585e-05
   2.657096e-06   1.350323e-06  -9.240351e-11  -8.853739e-01  -4.499426e-01   3.078987e-05
   2.631600e-06   1.401241e-06  -9.664357e-11  -8.768785e-01  -4.669092e-01   3.220271e-05
   2.605149e-06   1.451651e-06  -1.008485e-10  -8.680646e-01  -4.837063e-01   3.360385e-05
   2.577753e-06   1.501534e-06  -1.050169e-10  -8.589359e-01  -5.003278e-01   3.499280e-05
   2.549422e-06   1.550873e-06  -1.091472e-10  -8.494959e-01  -5.167681e-01   3.636907e-05
   2.520169e-06   1.599650e-06  -1.132381e-10  -8.397483e-01  -5.330213e-01   3.773218e-05
   2.490004e-06   1.647849e-06  -1.172879e-10  -8.296971e-01  -5.490817e-01   3.908164e-05
   2.458940e-06   1.695453e-06  -1.212954e-10  -8.193460e-01  -5.649437e-01   4.041698e-05
   2.426988e-06   1.742444e-06  -1.252591e-10  -8.086992e-01  -5.806018e-01   4.173772e-05
   2.394160e-06   1.788808e-06  -1.291776e-10  -7.977609e-01  -5.960506e-01   4.304342e-05
   2.360471e-06   1.834527e-06  -1.330496e-10  -7.865351e-01  -6.112846e-01   4.433362e-05
   2.325932e-06   1.879585e-06  -1.368738e-10  -7.750263e-01  -6.262987e-01   4.560786e-05
   2.290557e-06   1.923968e-06  -1.406487e-10  -7.632389e-01  -6.410876e-01   4.686570e-05
   2.254359e-06   1.967660e-06  -1.443731e-10  -7.511774e-01  -6.556463e-01   4.810672e-05
   2.217352e-06   2.010647e-06  -1.480457e-10  -7.388464e-01  -6.699698e-01   4.933048e-05
   2.179551e-06   2.052912e-06  -1.516653e-10  -7.262506e-01  -6.840531e-01   5.053655e-05
   2.140969e-06   2.094443e-06  -1.552305e-10  -7.133947e-01  -6.978916e-01   5.172453e-05
   2.101622e-06   2.135224e-06  -1.587403e-10  -7.002837e-01  -7.114804e-01   5.289402e-05
   2.061524e-06   2.175243e-06  -1.621933e-10  -6.869225e-01  -7.248150e-01   5.404460e-05
   2.020689e-06   2.214485e-06  -1.655884e-10  -6.733162e-01  -7.378909e-01   5.517589e-05
   1.979135e-06   2.252937e-06  -1.689245e-10  -6.594697e-01  -7.507037e-01   5.628751e-05
   1.936875e-06   2.290587e-06  -1.722004e-10  -6.453883e-01  -7.632491e-01   5.737908e-05
   1.893926e-06   2.327422e-06  -1.754150e-10  -6.310773e-01  -7.755229e-01   5.845023e-05
   1.850304e-06   2.363430e-06  -1.785673e-10  -6.165419e-01  -7.875210e-01   5.950060e-05
   1.806025e-06   2.398598e-06  -1.816562e-10  -6.017876e-01  -7.992395e-01   6.052985e-05
   1.761105e-06   2.432915e-06  -1.846806e-10  -5.868198e-01  -8.106744e-01   6.153762e-05
   1.715561e-06   2.466370e-06  -1.876395e-10  -5.716440e-01  -8.218220e-01   6.252358e-05
   1.669410e-06   2.498952e-06  -1.905321e-10  -5.562658e-01  -8.326787e-01   6.348741e-05
   1.622668e-06   2.530651e-06  -1.933572e-10  -5.406909e-01  -8.432409e-01   6.442878e-05
   1.575353e-06   2.561455e-06  -1.961141e-10  -5.249250e-01  -8.535051e-01   6.534739e-05
   1.527482e-06   2.591355e-06  -1.988017e-10  -5.089738e-01  -8.634681e-01   6.624293e-05
   1.479072e-06   2.620341e-06  -2.014192e-10  -4.928431e-01  -8.731267e-01   6.711512e-05
   1.430141e-06   2.648404e-06  -2.039658e-10  -4.765388e-01  -8.824776e-01   6.796367e-05
   1.380707e-06   2.675535e-06  -2.064406e-10  -4.600669e-01  -8.915181e-01   6.878830e-05
   1.330788e-06   2.701726e-06  -2.088428e-10  -4.434332e-01  -9.002451e-01   6.958875e-05
   1.280401e-06   2.726968e-06  -2.111717e-10  -4.266437e-01  -9.086560e-01   7.036476e-05
   1.229565e-06   2.751253e-06  -2.134265e-10  -4.097046e-01  -9.167481e-01   7.111608e-05
   1.178298e-06   2.774574e-06  -2.156065e-10  -3.926219e-01  -9.245189e-01   7.184248e-05
   1.126618e-06   2.796923e-06  -2.177110e-10  -3.754017e-01  -9.319659e-01   7.254372e-05
   1.074545e-06   2.818294e-06  -2.197393e-10  -3.580502e-01  -9.390870e-01   7.321958e-05
   1.022095e-06   2.838680e-06  -2.216909e-10  -3.405736e-01  -9.458798e-01   7.386986e-05
   9.692895e-07   2.858075e-06  -2.235650e-10  -3.229780e-01  -9.523425e-01   7.449435e-05
   9.161454e-07   2.876474e-06  -2.253612e-10  -3.052698e-01  -9.584729e-01   7.509285e-05
   8.626821e-07   2.893869e-06  -2.270788e-10  -2.874552e-01  -9.642694e-01   7.566519e-05
   8.089184e-07   2.910258e-06  -2.287174e-10  -2.695406e-01  -9.697302e-01   7.621119e-05
   7.548734e-07   2.925634e-06  -2.302765e-10  -2.515322e-01  -9.748537e-01   7.673068e-05
   7.005662e-07   2.939994e-06  -2.317555e-10  -2.334364e-01  -9.796386e-01   7.722351e-05
   6.460157e-07   2.953333e-06  -2.331541e-10  -2.152596e-01  -9.840833e-01   7.768953e-05
   5.912411e-07   2.965648e-06  -2.344718e-10  -1.970081e-01  -9.881867e-01   7.812861e-05
   5.362618e-07   2.976935e-06  -2.357083e-10  -1.786884e-01  -9.919478e-01   7.854062e-05
   4.810967e-07   2.987192e-06  -2.368632e-10  -1.603068e-01  -9.953654e-01   7.892544e-05
   4.257653e-07   2.996415e-06  -2.379361e-10  -1.418697e-01  -9.984388e-01   7.928296e-05
   3.702867e-07   3.004603e-06  -2.389269e-10  -1.233836e-01  -1.001167e+00   7.961308e-05
   3.146803e-07   3.011754e-06  -2.398351e-10  -1.048550e-01  -1.003550e+00   7.991572e-05
   2.589654e-07   3.017866e-06  -2.406606e-10  -8.629014e-02  -1.005587e+00   8.019080e-05
   2.031612e-07   3.022938e-06  -2.414032e-10  -6.769556e-02  -1.007277e+00   8.043824e-05
   1.472870e-07   3.026969e-06  -2.420627e-10  -4.907767e-02  -1.008620e+00   8.065798e-05
   9.136220e-08   3.029959e-06  -2.426389e-10  -3.044290e-02  -1.009616e+00   8.084997e-05
   3.540596e-08   3.031907e-06  -2.431317e-10  -1.179766e-02  -1.010265e+00   8.101417e-05
  -2.056244e-08   3.032814e-06  -2.435409e-10   6.851634e-03  -1.010567e+00   8.115055e-05
  -7.652379e-08   3.032680e-06  -2.438666e-10   2.549858e-02  -1.010523e+00   8.125907e-05
  -1.324589e-07   3.031506e-06  -2.441087e-10   4.413678e-02  -1.010131e+00   8.133974e-05
  -1.883486e-07   3.029294e-06  -2.442672e-10   6.275985e-02  -1.009394e+00   8.139254e-05
  -2.441739e-07   3.026045e-06  -2.443420e-10   8.136145e-02  -1.008312e+00   8.141748e-05
  -2.999156e-07   3.021760e-06  -2.443333e-10   9.993522e-02  -1.006884e+00   8.141457e-05
  -3.555549e-07   3.016443e-06  -2.442411e-10   1.184748e-01  -1.005112e+00   8.138383e-05
  -4.110727e-07   3.010096e-06  -2.440654e-10   1.369740e-01  -1.002997e+00   8.132530e-05
  -4.664503e-07   3.002721e-06  -2.438065e-10   1.554264e-01  -1.000540e+00   8.123902e-05
  -5.216687e-07   2.994323e-06  -2.434644e-10   1.738258e-01  -9.977417e-01   8.112504e-05
  -5.767095e-07   2.984905e-06  -2.430394e-10   1.921660e-01  -9.946033e-01   8.098342e-05
  -6.315539e-07   2.974470e-06  -2.425316e-10   2.104408e-01  -9.911263e-01   8.081422e-05
  -6.861834e-07   2.963023e-06  -2.419413e-10   2.286439e-01  -9.873121e-01   8.061753e-05
  -7.405797e-07   2.950569e-06  -2.412687e-10   2.467694e-01  -9.831622e-01   8.039342e-05
  -7.947243e-07   2.937112e-06  -2.405142e-10   2.648110e-01  -9.786783e-01   8.014201e-05
  -8.485991e-07   2.922658e-06  -2.396780e-10   2.827626e-01  -9.738621e-01   7.986339e-05
  -9.021860e-07   2.907213e-06  -2.387606e-10   3.006184e-01  -9.687155e-01   7.955767e-05
  -9.554670e-07   2.890781e-06  -2.377621e-10   3.183722e-01  -9.632405e-01   7.922497e-05
  -1.008424e-06   2.873371e-06  -2.366831e-10   3.360182e-01  -9.574390e-01   7.886544e-05
  -1.061040e-06   2.854987e-06  -2.355240e-10   3.535504e-01  -9.513134e-01   7.847920e-05
  -1.113297e-06   2.835638e-06  -2.342851e-10   3.709629e-01  -9.448659e-01   7.806640e-05
  -1.165177e-06   2.815329e-06  -2.329670e-10   3.882500e-01  -9.380989e-01   7.762720e-05
  -1.216664e-06   2.794069e-06  -2.315702e-10   4.054059e-01  -9.310147e-01   7.716177e-05
  -1.267739e-06   2.771865e-06  -2.300952e-10   4.224248e-01  -9.236162e-01   7.667027e-05
  -1.318387e-06   2.748725e-06  -2.285425e-10   4.393011e-01  -9.159058e-01   7.615289e-05
  -1.368590e-06   2.724658e-06  -2.269127e-10   4.560293e-01  -9.078864e-01   7.560982e-05
  -1.418331e-06   2.699673e-06  -2.252063e-10   4.726036e-01  -8.995609e-01   7.504125e-05
  -1.467594e-06   2.673777e-06  -2.234241e-10   4.890187e-01  -8.909323e-01   7.444740e-05
  -1.516363e-06   2.646981e-06  -2.215667e-10   5.052691e-01  -8.820035e-01   7.382847e-05
  -1.564622e-06   2.619294e-06  -2.196346e-10   5.213494e-01  -8.727779e-01   7.318468e-05
  -1.612354e-06   2.590726e-06  -2.176286e-10   5.372543e-01  -8.632586e-01   7.251627e-05
  -1.659544e-06   2.561286e-06  -2.155495e-10   5.529785e-01  -8.534489e-01   7.182348e-05
  -1.706176e-06   2.530985e-06  -2.133979e-10   5.685168e-01  -8.433524e-01   7.110654e-05
  -1.752235e-06   2.499834e-06  -2.111746e-10   5.838641e-01  -8.329725e-01   7.036571e-05
  -1.797705e-06   2.467844e-06  -2.088803e-10   5.990153e-01  -8.223129e-01   6.960124e-05
  -1.842572e-06   2.435025e-06  -2.065160e-10   6.139654e-01  -8.113772e-01   6.881342e-05
  -1.886821e-06   2.401388e-06  -2.040823e-10   6.287095e-01  -8.001693e-01   6.800250e-05
  -1.930436e-06   2.366947e-06  -2.015803e-10   6.432428e-01  -7.886930e-01   6.716878e-05
  -1.973405e-06   2.331712e-06  -1.990106e-10   6.575604e-01  -7.769523e-01   6.631253e-05
  -2.015712e-06   2.295695e-06  -1.963742e-10   6.716576e-01  -7.649512e-01   6.543407e-05
  -2.057344e-06   2.258910e-06  -1.936720e-10   6.855298e-01  -7.526938e-01   6.453368e-05
  -2.098287e-06   2.221368e-06  -1.909050e-10   6.991724e-01  -7.401843e-01   6.361168e-05
  -2.138527e-06   2.183082e-06  -1.880741e-10   7.125810e-01  -7.274271e-01   6.266838e-05
  -2.178052e-06   2.144065e-06  -1.851802e-10   7.257511e-01  -7.144264e-01   6.170411e-05
  -2.216848e-06   2.104332e-06  -1.822244e-10   7.386783e-01  -7.011867e-01   6.071919e-05
  -2.254902e-06   2.063894e-06  -1.792076e-10   7.513585e-01  -6.877124e-01   5.971397e-05
  -2.292203e-06   2.022766e-06  -1.761309e-10   7.637875e-01  -6.740082e-01   5.868878e-05
  -2.328737e-06   1.980963e-06  -1.729954e-10   7.759612e-01  -6.600787e-01   5.764398e-05
  -2.364494e-06   1.938497e-06  -1.698020e-10   7.878755e-01  -6.459287e-01   5.657990e-05
  -2.399460e-06   1.895383e-06  -1.665519e-10   7.995266e-01  -6.315628e-01   5.549693e-05
  -2.433624e-06   1.851637e-06  -1.632461e-10   8.109107e-01  -6.169859e-01   5.439542e-05
  -2.466976e-06   1.807272e-06  -1.598858e-10   8.220239e-01  -6.022030e-01   5.327574e-05
  -2.499504e-06   1.762303e-06  -1.564722e-10   8.328626e-01  -5.872190e-01   5.213827e-05
  -2.531198e-06   1.716746e-06  -1.530063e-10   8.434233e-01  -5.720390e-01   5.098339e-05
  -2.562047e-06   1.670617e-06  -1.494893e-10   8.537025e-01  -5.566680e-01   4.981150e-05
  -2.592041e-06   1.623929e-06  -1.459225e-10   8.636968e-01  -5.411113e-01   4.862299e-05
  -2.621170e-06   1.576700e-06  -1.423069e-10   8.734029e-01  -5.253740e-01   4.741825e-05
  -2.649424e-06   1.528945e-06  -1.386439e-10   8.828176e-01  -5.094614e-01   4.619769e-05
  -2.676795e-06   1.480679e-06  -1.349346e-10   8.919377e-01  -4.933788e-01   4.496172e-05
  -2.703272e-06   1.431920e-06  -1.311803e-10   9.007603e-01  -4.771317e-01   4.371074e-05
  -2.728848e-06   1.382683e-06  -1.273823e-10   9.092825e-01  -4.607254e-01   4.244519e-05
  -2.753514e-06   1.332985e-06  -1.235418e-10   9.175014e-01  -4.441655e-01   4.116549e-05
  -2.777261e-06   1.282843e-06  -1.196600e-10   9.254143e-01  -4.274574e-01   3.987205e-05
  -2.800083e-06   1.232272e-06  -1.157384e-10   9.330186e-01  -4.106068e-01   3.856532e-05
  -2.821970e-06   1.181291e-06  -1.117782e-10   9.403117e-01  -3.936192e-01   3.724572e-05
  -2.842916e-06   1.129915e-06  -1.077806e-10   9.472912e-01  -3.765003e-01   3.591370e-05
  -2.862914e-06   1.078163e-06  -1.037472e-10   9.539548e-01  -3.592559e-01   3.456971e-05
  -2.881957e-06   1.026051e-06  -9.967910e-11   9.603002e-01  -3.418917e-01   3.321418e-05
  -2.900039e-06   9.735973e-07  -9.557779e-11   9.663253e-01  -3.244134e-01   3.184758e-05
  -2.917154e-06   9.208186e-07  -9.144460e-11   9.720282e-01  -3.068270e-01   3.047036e-05
  -2.933296e-06   8.677326e-07  -8.728091e-11   9.774067e-01  -2.891381e-01   2.908297e-05
  -2.948459e-06   8.143572e-07  -8.308810e-11   9.824592e-01  -2.713529e-01   2.768588e-05
  -2.962638e-06   7.607101e-07  -7.886757e-11   9.871840e-01  -2.534771e-01   2.627955e-05
  -2.975829e-06   7.068092e-07  -7.462072e-11   9.915793e-01  -2.355167e-01   2.486445e-05
  -2.988027e-06   6.526723e-07  -7.034896e-11   9.956437e-01  -2.174777e-01   2.344106e-05
  -2.999227e-06   5.983177e-07  -6.605373e-11   9.993757e-01  -1.993661e-01   2.200984e-05
  -3.009426e-06   5.437633e-07  -6.173645e-11   1.002774e+00  -1.811880e-01   2.057127e-05
  -3.018620e-06   4.890273e-07  -5.739855e-11   1.005838e+00  -1.629493e-01   1.912583e-05
  -3.026807e-06   4.341280e-07  -5.304149e-11   1.008566e+00  -1.446563e-01   1.767401e-05
  -3.033982e-06   3.790837e-07  -4.866670e-11   1.010956e+00  -1.263149e-01   1.621629e-05
  -3.040143e-06   3.239128e-07  -4.427566e-11   1.013009e+00  -1.079313e-01   1.475314e-05
  -3.045289e-06   2.686336e-07  -3.986982e-11   1.014724e+00  -8.951170e-02   1.328507e-05
  -3.049416e-06   2.132646e-07  -3.545066e-11   1.016099e+00  -7.106214e-02   1.181255e-05
  -3.052524e-06   1.578244e-07  -3.101964e-11   1.017135e+00  -5.258883e-02   1.033609e-05
  -3.054612e-06   1.023313e-07  -2.657825e-11   1.017830e+00  -3.409792e-02   8.856167e-06
  -3.055677e-06   4.680399e-08  -2.212796e-11   1.018185e+00  -1.559561e-02   7.373282e-06
  -3.055719e-06  -8.738978e-09  -1.767027e-11   1.018200e+00   2.911925e-03   5.887931e-06
  -3.054739e-06  -6.427902e-08  -1.320667e-11   1.017873e+00   2.141848e-02   4.400608e-06
  -3.052735e-06  -1.197975e-07  -8.738638e-12   1.017205e+00   3.991787e-02   2.911811e-06
  -3.049709e-06  -1.752759e-07  -4.267683e-12   1.016197e+00   5.840388e-02   1.422039e-06
  -3.045661e-06  -2.306955e-07   2.047021e-13   1.014848e+00   7.687031e-02  -6.820902e-08
  -3.040592e-06  -2.860378e-07   4.677019e-12   1.013159e+00   9.531098e-02  -1.558435e-06
  -3.034503e-06  -3.412842e-07   9.147766e-12   1.011130e+00   1.137197e-01  -3.048137e-06
  -3.027396e-06  -3.964160e-07   1.361544e-11   1.008762e+00   1.320902e-01  -4.536817e-06
  -3.019273e-06  -4.514148e-07   1.807855e-11   1.006055e+00   1.504164e-01  -6.023975e-06
  -3.010136e-06  -5.062620e-07   2.253559e-11   1.003011e+00   1.686921e-01  -7.509109e-06
  -2.999987e-06  -5.609391e-07   2.698506e-11   9.996291e-01   1.869111e-01  -8.991720e-06
  -2.988830e-06  -6.154277e-07   3.142545e-11   9.959115e-01   2.050673e-01  -1.047131e-05
  -2.976668e-06  -6.697093e-07   3.585528e-11   9.918589e-01   2.231546e-01  -1.194738e-05
  -2.963505e-06  -7.237655e-07   4.027304e-11   9.874727e-01   2.411667e-01  -1.341942e-05
  -2.949344e-06  -7.775781e-07   4.467725e-11   9.827541e-01   2.590977e-01  -1.488695e-05
  -2.934189e-06  -8.311289e-07   4.906640e-11   9.777045e-01   2.769414e-01  -1.634947e-05
  -2.918046e-06  -8.843995e-07   5.343903e-11   9.723254e-01   2.946917e-01  -1.780648e-05
  -2.900919e-06  -9.373720e-07   5.779363e-11   9.666184e-01   3.123427e-01  -1.925748e-05
  -2.882813e-06  -9.900282e-07   6.212874e-11   9.605854e-01   3.298884e-01  -2.070199e-05
  -2.863735e-06  -1.042350e-06   6.644288e-11   9.542281e-01   3.473227e-01  -2.213950e-05
  -2.843689e-06  -1.094320e-06   7.073458e-11   9.475486e-01   3.646397e-01  -2.356955e-05
  -2.822681e-06  -1.145920e-06   7.500237e-11   9.405488e-01   3.818334e-01  -2.499162e-05
  -2.800720e-06  -1.197133e-06   7.924480e-11   9.332310e-01   3.988980e-01  -2.640525e-05
  -2.777811e-06  -1.247941e-06   8.346041e-11   9.255974e-01   4.158277e-01  -2.780993e-05
  -2.753961e-06  -1.298326e-06   8.764777e-11   9.176504e-01   4.326165e-01  -2.920521e-05
  -2.729178e-06  -1.348271e-06   9.180543e-11   9.093925e-01   4.492588e-01  -3.059059e-05
  -2.703470e-06  -1.397759e-06   9.593196e-11   9.008263e-01   4.657488e-01  -3.196560e-05
  -2.676845e-06  -1.446773e-06   1.000260e-10   8.919545e-01   4.820808e-01  -3.332976e-05
  -2.649311e-06  -1.495296e-06   1.040860e-10   8.827799e-01   4.982491e-01  -3.468261e-05
  -2.620877e-06  -1.543310e-06   1.081107e-10   8.733053e-01   5.142482e-01  -3.602367e-05
  -2.591552e-06  -1.590801e-06   1.120986e-10   8.635340e-01   5.300724e-01  -3.735249e-05
  -2.561346e-06  -1.637749e-06   1.160484e-10   8.534688e-01   5.457163e-01  -3.866860e-05
  -2.530267e-06  -1.684141e-06   1.199586e-10   8.431131e-01   5.611744e-01  -3.997155e-05
  -2.498326e-06  -1.729958e-06   1.238281e-10   8.324701e-01   5.764413e-01  -4.126088e-05
  -2.465534e-06  -1.775186e-06   1.276552e-10   8.215433e-01   5.915117e-01  -4.253614e-05
  -2.431900e-06  -1.819808e-06   1.314389e-10   8.103361e-01   6.063802e-01  -4.379689e-05
  -2.397436e-06  -1.863808e-06   1.351776e-10   7.988523e-01   6.210417e-01  -4.504268e-05
  -2.362152e-06  -1.907172e-06   1.388702e-10   7.870954e-01   6.354909e-01  -4.627308e-05
  -2.326061e-06  -1.949883e-06   1.425152e-10   7.750694e-01   6.497228e-01  -4.748765e-05
  -2.289174e-06  -1.991927e-06   1.461115e-10   7.627780e-01   6.637323e-01  -4.868597e-05
  -2.251502e-06  -2.033289e-06   1.496577e-10   7.502254e-01   6.775144e-01  -4.986761e-05
  -2.213058e-06  -2.073953e-06   1.531526e-10   7.374155e-01   6.910642e-01  -5.103215e-05
  -2.173855e-06  -2.113906e-06   1.565950e-10   7.243526e-01   7.043770e-01  -5.217918e-05
  -2.133906e-06  -2.153133e-06   1.599835e-10   7.110410e-01   7.174478e-01  -5.330829e-05
  -2.093223e-06  -2.191620e-06   1.633171e-10   6.974850e-01   7.302720e-01  -5.441908e-05
  -2.051819e-06  -2.229353e-06   1.665945e-10   6.836890e-01   7.428450e-01  -5.551115e-05
  -2.009710e-06  -2.266318e-06   1.698146e-10   6.696577e-01   7.551623e-01  -5.658411e-05
  -1.966908e-06  -2.302502e-06   1.729761e-10   6.553956e-01   7.672193e-01  -5.763757e-05
  -1.923428e-06  -2.337892e-06   1.760780e-10   6.409074e-01   7.790117e-01  -5.867115e-05
  -1.879283e-06  -2.372476e-06   1.791191e-10   6.261980e-01   7.905352e-01  -5.968447e-05
  -1.834489e-06  -2.406239e-06   1.820983e-10   6.112723e-01   8.017856e-01  -6.067718e-05
  -1.789061e-06  -2.439170e-06   1.850145e-10   5.961351e-01   8.127586e-01  -6.164890e-05
  -1.743014e-06  -2.471257e-06   1.878667e-10   5.807916e-01   8.234504e-01  -6.259928e-05
  -1.696363e-06  -2.502488e-06   1.906538e-10   5.652469e-01   8.338568e-01  -6.352797e-05
  -1.649123e-06  -2.532851e-06   1.933748e-10   5.495062e-01   8.439741e-01  -6.443463e-05
  -1.601311e-06  -2.562335e-06   1.960287e-10   5.335747e-01   8.537984e-01  -6.531893e-05
  -1.552943e-06  -2.590929e-06   1.986144e-10   5.174578e-01   8.633261e-01  -6.618053e-05
  -1.504035e-06  -2.618621e-06   2.011311e-10   5.011610e-01   8.725536e-01  -6.701912e-05
  -1.454603e-06  -2.645402e-06   2.035778e-10   4.846898e-01   8.814774e-01  -6.783438e-05
  -1.404664e-06  -2.671262e-06   2.059535e-10   4.680497e-01   8.900940e-01  -6.862601e-05
  -1.354236e-06  -2.696189e-06   2.082575e-10   4.512464e-01   8.984002e-01  -6.939370e-05
  -1.303334e-06  -2.720176e-06   2.104887e-10   4.342855e-01   9.063928e-01  -7.013717e-05
  -1.251978e-06  -2.743212e-06   2.126464e-10   4.171729e-01   9.140687e-01  -7.085613e-05
  -1.200183e-06  -2.765289e-06   2.147296e-10   3.999143e-01   9.214248e-01  -7.155030e-05
  -1.147968e-06  -2.786397e-06   2.167378e-10   3.825158e-01   9.284584e-01  -7.221943e-05
  -1.095351e-06  -2.806529e-06   2.186699e-10   3.649832e-01   9.351666e-01  -7.286324e-05
  -1.042350e-06  -2.825676e-06   2.205254e-10   3.473226e-01   9.415467e-01  -7.348150e-05
  -9.889825e-07  -2.843831e-06   2.223034e-10   3.295400e-01   9.475962e-01  -7.407395e-05
  -9.352675e-07  -2.860987e-06   2.240032e-10   3.116415e-01   9.533126e-01  -7.464036e-05
  -8.812235e-07  -2.877136e-06   2.256243e-10   2.936334e-01   9.586935e-01  -7.518052e-05
  -8.268690e-07  -2.892271e-06   2.271659e-10   2.755219e-01   9.637368e-01  -7.569419e-05
  -7.722231e-07  -2.906387e-06   2.286274e-10   2.573133e-01   9.684404e-01  -7.618118e-05
  -7.173046e-07  -2.919477e-06   2.300082e-10   2.390139e-01   9.728021e-01  -7.664128e-05
  -6.621327e-07  -2.931536e-06   2.313077e-10   2.206300e-01   9.768202e-01  -7.707430e-05
  -6.067267e-07  -2.942558e-06   2.325255e-10   2.021681e-01   9.804929e-01  -7.748007e-05
  -5.511059e-07  -2.952538e-06   2.336609e-10   1.836346e-01   9.838185e-01  -7.785841e-05
  -4.952898e-07  -2.961472e-06   2.347136e-10   1.650361e-01   9.867954e-01  -7.820916e-05
  -4.392980e-07  -2.969356e-06   2.356829e-10   1.463790e-01   9.894223e-01  -7.853217e-05
  -3.831503e-07  -2.976185e-06   2.365687e-10   1.276699e-01   9.916979e-01  -7.882730e-05
  -3.268664e-07  -2.981957e-06   2.373703e-10   1.089155e-01   9.936211e-01  -7.909441e-05
  -2.704661e-07  -2.986667e-06   2.380874e-10   9.012232e-02   9.951906e-01  -7.933337e-05
  -2.139696e-07  -2.990314e-06   2.387198e-10   7.129704e-02   9.964058e-01  -7.954408e-05
  -1.573967e-07  -2.992894e-06   2.392670e-10   5.244634e-02   9.972657e-01  -7.972643e-05
  -1.007677e-07  -2.994407e-06   2.397289e-10   3.357693e-02   9.977696e-01  -7.988033e-05
  -4.410272e-08  -2.994850e-06   2.401051e-10   1.469552e-02   9.979171e-01  -8.000569e-05
   1.257805e-08  -2.994221e-06   2.403955e-10  -4.191146e-03   9.977077e-01  -8.010243e-05
   6.925432e-08  -2.992521e-06   2.405997e-10  -2.307631e-02   9.971412e-01  -8.017050e-05
   1.259058e-07  -2.989748e-06   2.407178e-10  -4.195320e-02   9.962173e-01  -8.020984e-05
   1.825120e-07  -2.985903e-06   2.407495e-10  -6.081504e-02   9.949361e-01  -8.022041e-05
   2.390528e-07  -2.980986e-06   2.406948e-10  -7.965504e-02   9.932976e-01  -8.020217e-05
   2.955076e-07  -2.974997e-06   2.405535e-10  -9.846641e-02   9.913020e-01  -8.015511e-05
   3.518561e-07  -2.967938e-06   2.403257e-10  -1.172423e-01   9.889498e-01  -8.007920e-05
   4.080778e-07  -2.959809e-06   2.400113e-10  -1.359761e-01   9.862413e-01  -7.997445e-05
   4.641524e-07  -2.950614e-06   2.396104e-10  -1.546607e-01   9.831773e-01  -7.984086e-05
   5.200595e-07  -2.940354e-06   2.391231e-10  -1.732896e-01   9.797585e-01  -7.967846e-05
   5.757787e-07  -2.929031e-06   2.385493e-10  -1.918559e-01   9.759857e-01  -7.948727e-05
   6.312897e-07  -2.916649e-06   2.378893e-10  -2.103527e-01   9.718599e-01  -7.926734e-05
   6.865721e-07  -2.903212e-06   2.371431e-10  -2.287735e-01   9.673823e-01  -7.901872e-05
   7.416058e-07  -2.888722e-06   2.363110e-10  -2.471113e-01   9.625543e-01  -7.874146e-05
   7.963705e-07  -2.873185e-06   2.353933e-10  -2.653595e-01   9.573771e-01  -7.843565e-05
   8.508461e-07  -2.856604e-06   2.343900e-10  -2.835114e-01   9.518523e-01  -7.810135e-05
   9.050124e-07  -2.838986e-06   2.333016e-10  -3.015602e-01   9.459816e-01  -7.773868e-05
   9.588495e-07  -2.820334e-06   2.321283e-10  -3.194993e-01   9.397667e-01  -7.734772e-05
   1.012337e-06  -2.800656e-06   2.308705e-10  -3.373221e-01   9.332097e-01  -7.692860e-05
   1.065457e-06  -2.779957e-06   2.295285e-10  -3.550219e-01   9.263125e-01  -7.648144e-05
   1.118187e-06  -2.758244e-06   2.281028e-10  -3.725923e-01   9.190775e-01  -7.600638e-05
   1.170509e-06  -2.735523e-06   2.265938e-10  -3.900265e-01   9.115067e-01  -7.550357e-05
   1.222403e-06  -2.711803e-06   2.250020e-10  -4.073182e-01   9.036029e-01  -7.497315e-05
   1.273850e-06  -2.687090e-06   2.233278e-10  -4.244609e-01   8.953684e-01  -7.441531e-05
   1.324830e-06  -2.661394e-06   2.215719e-10  -4.414481e-01   8.868060e-01  -7.383021e-05
   1.375325e-06  -2.634722e-06   2.197347e-10  -4.582735e-01   8.779186e-01  -7.321806e-05
   1.425315e-06  -2.607083e-06   2.178170e-10  -4.749308e-01   8.687091e-01  -7.257904e-05
   1.474782e-06  -2.578487e-06   2.158193e-10  -4.914137e-01   8.591806e-01  -7.191337e-05
   1.523707e-06  -2.548944e-06   2.137422e-10  -5.077160e-01   8.493363e-01  -7.122127e-05
   1.572071e-06  -2.518462e-06   2.115865e-10  -5.238315e-01   8.391796e-01  -7.050297e-05
   1.619856e-06  -2.487054e-06   2.093529e-10  -5.397542e-01   8.287139e-01  -6.975871e-05
   1.667045e-06  -2.454729e-06   2.070421e-10  -5.554779e-01   8.179428e-01  -6.898874e-05
   1.713619e-06  -2.421498e-06   2.046550e-10  -5.709967e-01   8.068700e-01  -6.819333e-05
   1.759560e-06  -2.387374e-06   2.021924e-10  -5.863048e-01   7.954994e-01  -6.737274e-05
   1.804850e-06  -2.352367e-06   1.996550e-10  -6.013962e-01   7.838348e-01  -6.652726e-05
   1.849474e-06  -2.316491e-06   1.970438e-10  -6.162652e-01   7.718804e-01  -6.565718e-05
   1.893413e-06  -2.279757e-06   1.943597e-10  -6.309062e-01   7.596403e-01  -6.476280e-05
   1.936651e-06  -2.242179e-06   1.916036e-10  -6.453135e-01   7.471189e-01  -6.384444e-05
   1.979170e-06  -2.203769e-06   1.887764e-10  -6.594815e-01   7.343205e-01  -6.290240e-05
   2.020956e-06  -2.164543e-06   1.858793e-10  -6.734049e-01   7.212496e-01  -6.193703e-05
   2.061991e-06  -2.124512e-06   1.829131e-10  -6.870783e-01   7.079110e-01  -6.094867e-05
   2.102260e-06  -2.083692e-06   1.798789e-10  -7.004964e-01   6.943093e-01  -5.993765e-05
   2.141747e-06  -2.042097e-06   1.767779e-10  -7.136539e-01   6.804495e-01  -5.890435e-05
   2.180437e-06  -1.999743e-06   1.736110e-10  -7.265459e-01   6.663364e-01  -5.784913e-05
   2.218315e-06  -1.956643e-06   1.703796e-10  -7.391673e-01   6.519752e-01  -5.677236e-05
   2.255367e-06  -1.912814e-06   1.670846e-10  -7.515132e-01   6.373709e-01  -5.567443e-05
   2.291577e-06  -1.868272e-06   1.637273e-10  -7.635789e-01   6.225290e-01  -5.455574e-05
   2.326932e-06  -1.823033e-06   1.603089e-10  -7.753595e-01   6.074547e-01  -5.341669e-05
   2.361418e-06  -1.777112e-06   1.568306e-10  -7.868505e-01   5.921535e-01  -5.225768e-05
   2.395021e-06  -1.730528e-06   1.532937e-10  -7.980475e-01   5.766310e-01  -5.107915e-05
   2.427728e-06  -1.683296e-06   1.496994e-10  -8.089460e-01   5.608929e-01  -4.988151e-05
   2.459527e-06  -1.635434e-06   1.460492e-10  -8.195417e-01   5.449448e-01  -4.866520e-05
   2.490405e-06  -1.586960e-06   1.423442e-10  -8.298305e-01   5.287927e-01  -4.743067e-05
   2.520349e-06  -1.537891e-06   1.385859e-10  -8.398084e-01   5.124424e-01  -4.617836e-05
   2.549349e-06  -1.488245e-06   1.347756e-10  -8.494713e-01   4.958999e-01  -4.490874e-05
   2.577392e-06  -1.438042e-06   1.309148e-10  -8.588155e-01   4.791714e-01  -4.362227e-05
   2.604467e-06  -1.387298e-06   1.270048e-10  -8.678374e-01   4.622630e-01  -4.231942e-05
   2.630564e-06  -1.336033e-06   1.230472e-10  -8.765332e-01   4.451810e-01  -4.100068e-05
   2.655673e-06  -1.284266e-06   1.190432e-10  -8.848996e-01   4.279316e-01  -3.966653e-05
   2.679782e-06  -1.232016e-06   1.149945e-10  -8.929332e-01   4.105213e-01  -3.831746e-05
   2.702884e-06  -1.179302e-06   1.109026e-10  -9.006308e-01   3.929566e-01  -3.695397e-05
   2.724967e-06  -1.126145e-06   1.067689e-10  -9.079894e-01   3.752439e-01  -3.557657e-05
   2.746025e-06  -1.072563e-06   1.025949e-10  -9.150060e-01   3.573899e-01  -3.418577e-05
   2.766048e-06  -1.018577e-06   9.838234e-11  -9.216778e-01   3.394012e-01  -3.278209e-05
   2.785028e-06  -9.642072e-07   9.413265e-11  -9.280021e-01   3.212845e-01  -3.136605e-05
   2.802957e-06  -9.094736e-07   8.984747e-11  -9.339763e-01   3.030467e-01  -2.993817e-05
   2.819829e-06  -8.543969e-07   8.552838e-11  -9.395982e-01   2.846945e-01  -2.849900e-05
   2.835636e-06  -7.989976e-07   8.117699e-11  -9.448653e-01   2.662349e-01  -2.704908e-05
   2.850372e-06  -7.432965e-07   7.679495e-11  -9.497755e-01   2.476746e-01  -2.558893e-05
   2.864031e-06  -6.873145e-07   7.238390e-11  -9.543269e-01   2.290208e-01  -2.411912e-05
   2.876608e-06  -6.310728e-07   6.794548e-11  -9.585176e-01   2.102805e-01  -2.264019e-05
   2.888096e-06  -5.745925e-07   6.348138e-11  -9.623458e-01   1.914606e-01  -2.115270e-05
   2.898493e-06  -5.178948e-07   5.899326e-11  -9.658100e-01   1.725683e-01  -1.965721e-05
   2.907793e-06  -4.610012e-07   5.448282e-11  -9.689088e-01   1.536107e-01  -1.815428e-05
   2.915992e-06  -4.039331e-07   4.995176e-11  -9.716408e-01   1.345950e-01  -1.664448e-05
   2.923087e-06  -3.467120e-07   4.540178e-11  -9.740050e-01   1.155283e-01  -1.512838e-05
   2.929075e-06  -2.893596e-07   4.083461e-11  -9.760003e-01   9.641784e-02  -1.360655e-05
   2.933953e-06  -2.318976e-07   3.625197e-11  -9.776258e-01   7.727086e-02  -1.207956e-05
   2.937720e-06  -1.743478e-07   3.165560e-11  -9.788809e-01   5.809461e-02  -1.054800e-05
   2.940373e-06  -1.167318e-07   2.704722e-11  -9.797649e-01   3.889634e-02  -9.012434e-06
   2.941911e-06  -5.907161e-08   2.242859e-11  -9.802775e-01   1.968332e-02  -7.473456e-06
   2.942334e-06  -1.389014e-09   1.780146e-11  -9.804184e-01   4.628349e-04  -5.931644e-06
   2.941641e-06   5.629411e-08   1.316758e-11  -9.801875e-01  -1.875782e-02  -4.387583e-06
   2.939832e-06   1.139559e-07   8.528697e-12  -9.795848e-01  -3.797136e-02  -2.841857e-06
   2.936908e-06   1.715744e-07   3.886583e-12  -9.786104e-01  -5.717050e-02  -1.295053e-06
   2.932870e-06   2.291278e-07  -7.570063e-13  -9.772647e-01  -7.634794e-02   2.522429e-07
   2.927718e-06   2.865943e-07  -5.400308e-12  -9.755482e-01  -9.549641e-02   1.799443e-06
   2.921455e-06   3.439520e-07  -1.004156e-11  -9.734614e-01  -1.146086e-01   3.345959e-06
   2.914084e-06   4.011792e-07  -1.467900e-11  -9.710051e-01  -1.336774e-01   4.891206e-06
   2.905606e-06   4.582541e-07  -1.931087e-11  -9.681803e-01  -1.526953e-01   6.434596e-06
   2.896026e-06   5.151550e-07  -2.393541e-11  -9.649879e-01  -1.716554e-01   7.975544e-06
   2.885346e-06   5.718604e-07  -2.855086e-11  -9.614292e-01  -1.905502e-01   9.513464e-06
   2.873570e-06   6.283487e-07  -3.315547e-11  -9.575055e-01  -2.093727e-01   1.104777e-05
   2.860704e-06   6.845984e-07  -3.774750e-11  -9.532183e-01  -2.281158e-01   1.257789e-05
   2.846752e-06   7.405882e-07  -4.232520e-11  -9.485693e-01  -2.467722e-01   1.410323e-05
   2.831719e-06   7.962969e-07  -4.688683e-11  -9.435601e-01  -2.653350e-01   1.562321e-05
   2.815611e-06   8.517034e-07  -5.143066e-11  -9.381928e-01  -2.837970e-01   1.713727e-05
   2.798434e-06   9.067865e-07  -5.595497e-11  -9.324694e-01  -3.021513e-01   1.864482e-05
   2.780196e-06   9.615255e-07  -6.045804e-11  -9.263921e-01  -3.203910e-01   2.014529e-05
   2.760902e-06   1.015900e-06  -6.493817e-11  -9.199632e-01  -3.385090e-01   2.163812e-05
   2.740561e-06   1.069888e-06  -6.939366e-11  -9.131852e-01  -3.564986e-01   2.312274e-05
   2.719179e-06   1.123471e-06  -7.382282e-11  -9.060608e-01  -3.743530e-01   2.459858e-05
   2.696767e-06   1.176627e-06  -7.822398e-11  -8.985926e-01  -3.920653e-01   2.606510e-05
   2.673331e-06   1.229338e-06  -8.259547e-11  -8.907837e-01  -4.096290e-01   2.752173e-05
   2.648882e-06   1.281582e-06  -8.693563e-11  -8.826369e-01  -4.270373e-01   2.896792e-05
   2.623429e-06   1.333340e-06  -9.124284e-11  -8.741555e-01  -4.442837e-01   3.040313e-05
   2.596981e-06   1.384593e-06  -9.551546e-11  -8.653428e-01  -4.613617e-01   3.182681e-05
   2.569548e-06   1.435321e-06  -9.975188e-11  -8.562021e-01  -4.782648e-01   3.323843e-05
   2.541143e-06   1.485505e-06  -1.039505e-10  -8.467370e-01  -4.949868e-01   3.463746e-05
   2.511775e-06   1.535127e-06  -1.081098e-10  -8.369512e-01  -5.115212e-01   3.602338e-05
   2.481455e-06   1.584167e-06  -1.122281e-10  -8.268485e-01  -5.278620e-01   3.739565e-05
   2.450197e-06   1.632608e-06  -1.163039e-10  -8.164328e-01  -5.440030e-01   3.875376e-05
   2.418011e-06   1.680430e-06  -1.203358e-10  -8.057081e-01  -5.599380e-01   4.009721e-05
   2.384910e-06   1.727617e-06  -1.243221e-10  -7.946786e-01  -5.756613e-01   4.142549e-05
   2.350908e-06   1.774151e-06  -1.282613e-10  -7.833486e-01  -5.911669e-01   4.273810e-05
   2.316017e-06   1.820014e-06  -1.321521e-10  -7.717225e-01  -6.064490e-01   4.403456e-05
   2.280250e-06   1.865190e-06  -1.359930e-10  -7.598048e-01  -6.215019e-01   4.531438e-05
   2.243623e-06   1.909660e-06  -1.397825e-10  -7.476000e-01  -6.363200e-01   4.657708e-05
   2.206148e-06   1.953410e-06  -1.435192e-10  -7.351130e-01  -6.508979e-01   4.782219e-05
   2.167840e-06   1.996423e-06  -1.472018e-10  -7.223485e-01  -6.652302e-01   4.904926e-05
   2.128715e-06   2.038682e-06  -1.508288e-10  -7.093115e-01  -6.793115e-01   5.025782e-05
   2.088787e-06   2.080173e-06  -1.543989e-10  -6.960071e-01  -6.931366e-01   5.144743e-05
   2.048072e-06   2.120879e-06  -1.579109e-10  -6.824403e-01  -7.067005e-01   5.261765e-05
   2.006585e-06   2.160787e-06  -1.613633e-10  -6.686164e-01  -7.199981e-01   5.376805e-05
   1.964343e-06   2.199881e-06  -1.647550e-10  -6.545408e-01  -7.330247e-01   5.489821e-05
   1.921361e-06   2.238147e-06  -1.680847e-10  -6.402189e-01  -7.457754e-01   5.600770e-05
   1.877657e-06   2.275571e-06  -1.713512e-10  -6.256562e-01  -7.582456e-01   5.709613e-05
   1.833247e-06   2.312140e-06  -1.745533e-10  -6.108582e-01  -7.704308e-01   5.816309e-05
   1.788148e-06   2.347840e-06  -1.776898e-10  -5.958308e-01  -7.823265e-01   5.920820e-05
   1.742378e-06   2.382659e-06  -1.807595e-10  -5.805796e-01  -7.939284e-01   6.023108e-05
   1.695954e-06   2.416583e-06  -1.837615e-10  -5.651106e-01  -8.052324e-01   6.123136e-05
   1.648893e-06   2.449602e-06  -1.866945e-10  -5.494296e-01  -8.162344e-01   6.220867e-05
   1.601215e-06   2.481701e-06  -1.895575e-10  -5.335426e-01  -8.269305e-01   6.316267e-05
   1.552937e-06   2.512872e-06  -1.923495e-10  -5.174558e-01  -8.373168e-01   6.409300e-05
   1.504078e-06   2.543102e-06  -1.950696e-10  -5.011754e-01  -8.473897e-01   6.499934e-05
   1.454656e-06   2.572380e-06  -1.977166e-10  -4.847074e-01  -8.571455e-01   6.588137e-05
   1.404690e-06   2.600697e-06  -2.002898e-10  -4.680582e-01  -8.665810e-01   6.673877e-05
   1.354199e-06   2.628042e-06  -2.027881e-10  -4.512342e-01  -8.756927e-01   6.757124e-05
   1.303203e-06   2.654406e-06  -2.052107e-10  -4.342417e-01  -8.844775e-01   6.837848e-05
   1.251721e-06   2.679780e-06  -2.075567e-10  -4.170872e-01  -8.929323e-01   6.916021e-05
   1.199772e-06   2.704154e-06  -2.098254e-10  -3.997772e-01  -9.010542e-01   6.991616e-05
   1.147376e-06   2.727522e-06  -2.120159e-10  -3.823183e-01  -9.088405e-01   7.064606e-05
   1.094552e-06   2.749874e-06  -2.141275e-10  -3.647170e-01  -9.162885e-01   7.134966e-05
   1.041322e-06   2.771203e-06  -2.161595e-10  -3.469802e-01  -9.233956e-01   7.202673e-05
   9.877051e-07   2.791502e-06  -2.181111e-10  -3.291143e-01  -9.301595e-01   7.267702e-05
   9.337210e-07   2.810765e-06  -2.199817e-10  -3.111262e-01  -9.365780e-01   7.330033e-05
   8.793904e-07   2.828984e-06  -2.217706e-10  -2.930227e-01  -9.426489e-01   7.389643e-05
   8.247338e-07   2.846155e-06  -2.234773e-10  -2.748105e-01  -9.483703e-01   7.446513e-05
   7.697716e-07   2.862271e-06  -2.251013e-10  -2.564964e-01  -9.537403e-01   7.500624e-05
   7.145244e-07   2.877327e-06  -2.266419e-10  -2.380875e-01  -9.587573e-01   7.551959e-05
   6.590129e-07   2.891319e-06  -2.280986e-10  -2.195904e-01  -9.634196e-01   7.600500e-05
   6.032579e-07   2.904242e-06  -2.294711e-10  -2.010122e-01  -9.677258e-01   7.646232e-05
   5.472801e-07   2.916093e-06  -2.307588e-10  -1.823598e-01  -9.716747e-01   7.689140e-05
   4.911003e-07   2.926869e-06  -2.319614e-10  -1.636401e-01  -9.752651e-01   7.729212e-05
   4.347396e-07   2.936565e-06  -2.330785e-10  -1.448600e-01  -9.784960e-01   7.766434e-05
   3.782187e-07   2.945179e-06  -2.341097e-10  -1.260267e-01  -9.813665e-01   7.800796e-05
   3.215586e-07   2.952710e-06  -2.350548e-10  -1.071469e-01  -9.838758e-01   7.832288e-05
   2.647803e-07   2.959155e-06  -2.359135e-10  -8.822773e-02  -9.860234e-01   7.860899e-05
   2.079047e-07   2.964514e-06  -2.366855e-10  -6.927616e-02  -9.878089e-01   7.886624e-05
   1.509528e-07   2.968784e-06  -2.373706e-10  -5.029916e-02  -9.892318e-01   7.909454e-05
   9.394561e-08   2.971966e-06  -2.379688e-10  -3.130372e-02  -9.902920e-01   7.929383e-05
   3.690397e-08   2.974059e-06  -2.384797e-10  -1.229681e-02  -9.909894e-01   7.946409e-05
  -2.015117e-08   2.975064e-06  -2.389034e-10   6.714595e-03  -9.913242e-01   7.960525e-05
  -7.719896e-08   2.974980e-06  -2.392397e-10   2.572355e-02  -9.912965e-01   7.971732e-05
  -1.342185e-07   2.973811e-06  -2.394886e-10   4.472311e-02  -9.909067e-01   7.980026e-05
  -1.911892e-07   2.971555e-06  -2.396501e-10   6.370635e-02  -9.901553e-01   7.985408e-05
  -2.480901e-07   2.968217e-06  -2.397243e-10   8.266636e-02  -9.890428e-01   7.987879e-05
  -3.049006e-07   2.963797e-06  -2.397111e-10   1.015963e-01  -9.875701e-01   7.987440e-05
  -3.616002e-07   2.958299e-06  -2.396107e-10   1.204892e-01  -9.857380e-01   7.984094e-05
  -4.181683e-07   2.951725e-06  -2.394232e-10   1.393383e-01  -9.835476e-01   7.977846e-05
  -4.745846e-07   2.944079e-06  -2.391487e-10   1.581369e-01  -9.809999e-01   7.968700e-05
  -5.308287e-07   2.935365e-06  -2.387875e-10   1.768780e-01  -9.780964e-01   7.956663e-05
  -5.868804e-07   2.925588e-06  -2.383397e-10   1.955550e-01  -9.748382e-01   7.941742e-05
  -6.427195e-07   2.914750e-06  -2.378056e-10   2.141613e-01  -9.712271e-01   7.923945e-05
  -6.983262e-07   2.902858e-06  -2.371854e-10   2.326900e-01  -9.672647e-01   7.903282e-05
  -7.536805e-07   2.889918e-06  -2.364796e-10   2.511347e-01  -9.629526e-01   7.879763e-05
  -8.087626e-07   2.875933e-06  -2.356884e-10   2.694887e-01  -9.582929e-01   7.853398e-05
  -8.635531e-07   2.860912e-06  -2.348121e-10   2.877455e-01  -9.532876e-01   7.824201e-05
  -9.180325e-07   2.844860e-06  -2.338513e-10   3.058986e-01  -9.479388e-01   7.792185e-05
  -9.721814e-07   2.827783e-06  -2.328063e-10   3.239416e-01  -9.422488e-01   7.757365e-05
  -1.025981e-06   2.809690e-06  -2.316776e-10   3.418682e-01  -9.362200e-01   7.719754e-05
  -1.079412e-06   2.790588e-06  -2.304657e-10   3.596719e-01  -9.298549e-01   7.679371e-05
  -1.132455e-06   2.770484e-06  -2.291710e-10   3.773466e-01  -9.231561e-01   7.636232e-05
  -1.185092e-06   2.749387e-06  -2.277942e-10   3.948860e-01  -9.161264e-01   7.590356e-05
  -1.237306e-06   2.727306e-06  -2.263358e-10   4.122840e-01  -9.087686e-01   7.541761e-05
  -1.289076e-06   2.704249e-06  -2.247965e-10   4.295344e-01  -9.010857e-01   7.490469e-05
  -1.340386e-06   2.680225e-06  -2.231768e-10   4.466314e-01  -8.930807e-01   7.436499e-05
  -1.391217e-06   2.655244e-06  -2.214774e-10   4.635689e-01  -8.847569e-01   7.379874e-05
  -1.441552e-06   2.629317e-06  -2.196991e-10   4.803411e-01  -8.761175e-01   7.320617e-05
  -1.491373e-06   2.602452e-06  -2.178425e-10   4.969422e-01  -8.671660e-01   7.258752e-05
  -1.540664e-06   2.574662e-06  -2.159083e-10   5.133664e-01  -8.579058e-01   7.194304e-05
  -1.589407e-06   2.545955e-06  -2.138973e-10   5.296080e-01  -8.483406e-01   7.127297e-05
  -1.637585e-06   2.516345e-06  -2.118104e-10   5.456615e-01  -8.384741e-01   7.057759e-05
  -1.685182e-06   2.485841e-06  -2.096484e-10   5.615214e-01  -8.283100e-01   6.985716e-05
  -1.732182e-06   2.454457e-06  -2.074120e-10   5.771823e-01  -8.178523e-01   6.911197e-05
  -1.778568e-06   2.422203e-06  -2.051021e-10   5.926387e-01  -8.071050e-01   6.834230e-05
  -1.824326e-06   2.389093e-06  -2.027197e-10   6.078855e-01  -7.960721e-01   6.754846e-05
  -1.869438e-06   2.355138e-06  -2.002657e-10   6.229175e-01  -7.847580e-01   6.673075e-05
  -1.913891e-06   2.320351e-06  -1.977409e-10   6.377296e-01  -7.731668e-01   6.588948e-05
  -1.957668e-06   2.284746e-06  -1.951465e-10   6.523167e-01  -7.613029e-01   6.502497e-05
  -2.000756e-06   2.248337e-06  -1.924832e-10   6.666741e-01  -7.491707e-01   6.413755e-05
  -2.043139e-06   2.211136e-06  -1.897522e-10   6.807967e-01  -7.367749e-01   6.322755e-05
  -2.084805e-06   2.173157e-06  -1.869545e-10   6.946800e-01  -7.241200e-01   6.229532e-05
  -2.125737e-06   2.134415e-06  -1.840911e-10   7.083193e-01  -7.112108e-01   6.134121e-05
  -2.165924e-06   2.094924e-06  -1.811632e-10   7.217100e-01  -6.980519e-01   6.036558e-05
  -2.205352e-06   2.054699e-06  -1.781717e-10   7.348477e-01  -6.846484e-01   5.936878e-05
  -2.244007e-06   2.013753e-06  -1.751178e-10   7.477280e-01  -6.710050e-01   5.835119e-05
  -2.281877e-06   1.972104e-06  -1.720026e-10   7.603467e-01  -6.571269e-01   5.731318e-05
  -2.318949e-06   1.929765e-06  -1.688273e-10   7.726996e-01  -6.430190e-01   5.625513e-05
  -2.355212e-06   1.886752e-06  -1.655931e-10   7.847827e-01  -6.286867e-01   5.517745e-05
  -2.390653e-06   1.843081e-06  -1.623010e-10   7.965920e-01  -6.141350e-01   5.408051e-05
  -2.425260e-06   1.798767e-06  -1.589525e-10   8.081236e-01  -5.993692e-01   5.296472e-05
  -2.459023e-06   1.753827e-06  -1.555485e-10   8.193739e-01  -5.843948e-01   5.183049e-05
  -2.491931e-06   1.708277e-06  -1.520905e-10   8.303392e-01  -5.692170e-01   5.067823e-05
  -2.523973e-06   1.662134e-06  -1.485796e-10   8.410158e-01  -5.538414e-01   4.950836e-05
  -2.555138e-06   1.615413e-06  -1.450171e-10   8.514005e-01  -5.382735e-01   4.832130e-05
  -2.585417e-06   1.568132e-06  -1.414043e-10   8.614898e-01  -5.225189e-01   4.711748e-05
  -2.614800e-06   1.520307e-06  -1.377425e-10   8.712805e-01  -5.065833e-01   4.589732e-05
  -2.643278e-06   1.471956e-06  -1.340330e-10   8.807696e-01  -4.904722e-01   4.466128e-05
  -2.670841e-06   1.423096e-06  -1.302771e-10   8.899539e-01  -4.741914e-01   4.340978e-05
  -2.697481e-06   1.373744e-06  -1.264762e-10   8.988307e-01  -4.577467e-01   4.214328e-05
  -2.723190e-06   1.323917e-06  -1.226316e-10   9.073971e-01  -4.411440e-01   4.086223e-05
  -2.747959e-06   1.273634e-06  -1.187448e-10   9.156504e-01  -4.243890e-01   3.956708e-05
  -2.771781e-06   1.222912e-06  -1.148170e-10   9.235881e-01  -4.074878e-01   3.825829e-05
  -2.794648e-06   1.171768e-06  -1.108496e-10   9.312078e-01  -3.904463e-01   3.693632e-05
  -2.816554e-06   1.120222e-06  -1.068441e-10   9.385070e-01  -3.732703e-01   3.560165e-05
  -2.837491e-06   1.068290e-06  -1.028019e-10   9.454835e-01  -3.559661e-01   3.425473e-05
  -2.857454e-06   1.015991e-06  -9.872434e-11   9.521352e-01  -3.385396e-01   3.289605e-05
  -2.876435e-06   9.633437e-07  -9.461292e-11   9.584602e-01  -3.209968e-01   3.152607e-05
  -2.894431e-06   9.103659e-07  -9.046904e-11   9.644564e-01  -3.033440e-01   3.014529e-05
  -2.911434e-06   8.570760e-07  -8.629416e-11   9.701222e-01  -2.855873e-01   2.875417e-05
  -2.927441e-06   8.034928e-07  -8.208974e-11   9.754558e-01  -2.677327e-01   2.735321e-05
  -2.942446e-06   7.496346e-07  -7.785723e-11   9.804557e-01  -2.497866e-01   2.594289e-05
  -2.956445e-06   6.955202e-07  -7.359811e-11   9.851204e-01  -2.317551e-01   2.452371e-05
  -2.969435e-06   6.411682e-07  -6.931385e-11   9.894487e-01  -2.136444e-01   2.309614e-05
  -2.981411e-06   5.865974e-07  -6.500593e-11   9.934392e-01  -1.954608e-01   2.166070e-05
  -2.992370e-06   5.318265e-07  -6.067585e-11   9.970909e-01  -1.772105e-01   2.021787e-05
  -3.002310e-06   4.768744e-07  -5.632508e-11   1.000403e+00  -1.588998e-01   1.876814e-05
  -3.011227e-06   4.217599e-07  -5.195513e-11   1.003374e+00  -1.405351e-01   1.731203e-05
  -3.019119e-06   3.665018e-07  -4.756751e-11   1.006004e+00  -1.221225e-01   1.585002e-05
  -3.025985e-06   3.111192e-07  -4.316370e-11   1.008292e+00  -1.036684e-01   1.438262e-05
  -3.031822e-06   2.556308e-07  -3.874523e-11   1.010237e+00  -8.517901e-02   1.291034e-05
  -3.036630e-06   2.000556e-07  -3.431361e-11   1.011839e+00  -6.666073e-02   1.143367e-05
  -3.040408e-06   1.444125e-07  -2.987034e-11   1.013098e+00  -4.811984e-02   9.953128e-06
  -3.043154e-06   8.872042e-08  -2.541694e-11   1.014013e+00  -2.956263e-02   8.469206e-06
  -3.044870e-06   3.299829e-08  -2.095493e-11   1.014584e+00  -1.099540e-02   6.982414e-06
  -3.045554e-06  -2.273501e-08  -1.648582e-11   1.014812e+00   7.575557e-03   5.493257e-06
  -3.045207e-06  -7.846062e-08  -1.201113e-11   1.014697e+00   2.614395e-02   4.002241e-06
  -3.043831e-06  -1.341597e-07  -7.532376e-12   1.014238e+00   4.470350e-02   2.509871e-06
  -3.041425e-06  -1.898134e-07  -3.051078e-12   1.013437e+00   6.324794e-02   1.016653e-06
  -3.037992e-06  -2.454030e-07   1.431251e-12   1.012293e+00   8.177101e-02  -4.769087e-07
  -3.033534e-06  -3.009098e-07   5.913097e-12   1.010807e+00   1.002665e-01  -1.970309e-06
  -3.028052e-06  -3.563150e-07   1.039295e-11   1.008980e+00   1.187281e-01  -3.463045e-06
  -3.021548e-06  -4.116001e-07   1.486929e-11   1.006813e+00   1.371497e-01  -4.954614e-06
  -3.014027e-06  -4.667464e-07   1.934063e-11   1.004307e+00   1.555251e-01  -6.444512e-06
  -3.005489e-06  -5.217355e-07   2.380545e-11   1.001462e+00   1.738481e-01  -7.932239e-06
  -2.995941e-06  -5.765490e-07   2.826225e-11   9.982806e-01   1.921125e-01  -9.417296e-06
  -2.985383e-06  -6.311684e-07   3.270955e-11   9.947629e-01   2.103123e-01  -1.089918e-05
  -2.973822e-06  -6.855756e-07   3.714584e-11   9.909105e-01   2.284414e-01  -1.237741e-05
  -2.961261e-06  -7.397522e-07   4.156964e-11   9.867251e-01   2.464937e-01  -1.385147e-05
  -2.947705e-06  -7.936803e-07   4.597948e-11   9.822081e-01   2.644631e-01  -1.532087e-05
  -2.933159e-06  -8.473418e-07   5.037387e-11   9.773611e-01   2.823437e-01  -1.678513e-05
  -2.917628e-06  -9.007189e-07   5.475136e-11   9.721861e-01   3.001295e-01  -1.824376e-05
  -2.901118e-06  -9.537937e-07   5.911046e-11   9.666848e-01   3.178146e-01  -1.969626e-05
  -2.883635e-06  -1.006549e-06   6.344975e-11   9.608593e-01   3.353932e-01  -2.114216e-05
  -2.865185e-06  -1.058966e-06   6.776775e-11   9.547115e-01   3.528592e-01  -2.258097e-05
  -2.845775e-06  -1.111028e-06   7.206305e-11   9.482438e-01   3.702070e-01  -2.401221e-05
  -2.825411e-06  -1.162719e-06   7.633419e-11   9.414584e-01   3.874307e-01  -2.543540e-05
  -2.804101e-06  -1.214019e-06   8.057978e-11   9.343577e-01   4.045247e-01  -2.685008e-05
  -2.781852e-06  -1.264914e-06   8.479838e-11   9.269441e-01   4.214833e-01  -2.825576e-05
  -2.758673e-06  -1.315385e-06   8.898861e-11   9.192203e-01   4.383008e-01  -2.965199e-05
  -2.734570e-06  -1.365415e-06   9.314905e-11   9.111890e-01   4.549716e-01  -3.103830e-05
  -2.709552e-06  -1.414990e-06   9.727835e-11   9.028528e-01   4.714902e-01  -3.241422e-05
  -2.683628e-06  -1.464091e-06   1.013751e-10   8.942148e-01   4.878512e-01  -3.377931e-05
  -2.656808e-06  -1.512702e-06   1.054380e-10   8.852778e-01   5.040491e-01  -3.513311e-05
  -2.629099e-06  -1.560808e-06   1.094656e-10   8.760449e-01   5.200786e-01  -3.647516e-05
  -2.600512e-06  -1.608393e-06   1.134567e-10   8.665194e-01   5.359342e-01  -3.780502e-05
  -2.571056e-06  -1.655440e-06   1.174098e-10   8.567043e-01   5.516109e-01  -3.912226e-05
  -2.540741e-06  -1.701934e-06   1.213238e-10   8.466032e-01   5.671033e-01  -4.042643e-05
  -2.509578e-06  -1.747860e-06   1.251972e-10   8.362194e-01   5.824064e-01  -4.171710e-05
  -2.477578e-06  -1.793202e-06   1.290289e-10   8.255563e-01   5.975150e-01  -4.299385e-05
  -2.444750e-06  -1.837946e-06   1.328174e-10   8.146178e-01   6.124241e-01  -4.425624e-05
  -2.411106e-06  -1.882077e-06   1.365617e-10   8.034073e-01   6.271289e-01  -4.550386e-05
  -2.376658e-06  -1.925579e-06   1.402603e-10   7.919288e-01   6.416244e-01  -4.673630e-05
  -2.341417e-06  -1.968439e-06   1.439122e-10   7.801860e-01   6.559058e-01  -4.795314e-05
  -2.305394e-06  -2.010643e-06   1.475161e-10   7.681829e-01   6.699684e-01  -4.915399e-05
  -2.268603e-06  -2.052175e-06   1.510707e-10   7.559236e-01   6.838075e-01  -5.033844e-05
  -2.231055e-06  -2.093023e-06   1.545750e-10   7.434121e-01   6.974186e-01  -5.150610e-05
  -2.192762e-06  -2.133173e-06   1.580277e-10   7.306527e-01   7.107970e-01  -5.265658e-05
  -2.153739e-06  -2.172612e-06   1.614277e-10   7.176496e-01   7.239383e-01  -5.378950e-05
  -2.113997e-06  -2.211326e-06   1.647739e-10   7.044072e-01   7.368382e-01  -5.490448e-05
  -2.073550e-06  -2.249302e-06   1.680651e-10   6.909298e-01   7.494924e-01  -5.600114e-05
  -2.032411e-06  -2.286528e-06   1.713002e-10   6.772220e-01   7.618966e-01  -5.707914e-05
  -1.990595e-06  -2.322992e-06   1.744783e-10   6.632884e-01   7.740467e-01  -5.813809e-05
  -1.948115e-06  -2.358681e-06   1.775981e-10   6.491335e-01   7.859387e-01  -5.917766e-05
  -1.904985e-06  -2.393583e-06   1.806587e-10   6.347622e-01   7.975685e-01  -6.019748e-05
  -1.861220e-06  -2.427687e-06   1.836590e-10   6.201791e-01   8.089323e-01  -6.119723e-05
  -1.816834e-06  -2.460981e-06   1.865981e-10   6.053891e-01   8.200263e-01  -6.217657e-05
  -1.771841e-06  -2.493454e-06   1.894750e-10   5.903972e-01   8.308467e-01  -6.313516e-05
  -1.726258e-06  -2.525096e-06   1.922886e-10   5.752083e-01   8.413899e-01  -6.407269e-05
  -1.680099e-06  -2.555894e-06   1.950381e-10   5.598275e-01   8.516524e-01  -6.498885e-05
  -1.633379e-06  -2.585840e-06   1.977224e-10   5.442599e-01   8.616306e-01  -6.588331e-05
  -1.586113e-06  -2.614923e-06   2.003408e-10   5.285106e-01   8.713213e-01  -6.675578e-05
  -1.538319e-06  -2.643133e-06   2.028923e-10   5.125848e-01   8.807211e-01  -6.760597e-05
  -1.490010e-06  -2.670460e-06   2.053761e-10   4.964880e-01   8.898269e-01  -6.843359e-05
  -1.441204e-06  -2.696896e-06   2.077913e-10   4.802253e-01   8.986355e-01  -6.923836e-05
  -1.391917e-06  -2.722430e-06   2.101370e-10   4.638023e-01   9.071440e-01  -7.001999e-05
  -1.342165e-06  -2.747056e-06   2.124126e-10   4.472243e-01   9.153494e-01  -7.077824e-05
  -1.291964e-06  -2.770763e-06   2.146172e-10   4.304968e-01   9.232489e-01  -7.151283e-05
  -1.241332e-06  -2.793544e-06   2.167501e-10   4.136255e-01   9.308398e-01  -7.222353e-05
  -1.190284e-06  -2.815391e-06   2.188105e-10   3.966158e-01   9.381196e-01  -7.291007e-05
  -1.138838e-06  -2.836297e-06   2.207977e-10   3.794736e-01   9.450855e-01  -7.357223e-05
  -1.087012e-06  -2.856254e-06   2.227110e-10   3.622043e-01   9.517354e-01  -7.420978e-05
  -1.034821e-06  -2.875255e-06   2.245498e-10   3.448139e-01   9.580667e-01  -7.482250e-05
  -9.822844e-07  -2.893293e-06   2.263135e-10   3.273081e-01   9.640774e-01  -7.541017e-05
  -9.294187e-07  -2.910363e-06   2.280014e-10   3.096926e-01   9.697652e-01  -7.597259e-05
  -8.762417e-07  -2.926458e-06   2.296129e-10   2.919735e-01   9.751282e-01  -7.650956e-05
  -8.227710e-07  -2.941572e-06   2.311474e-10   2.741564e-01   9.801644e-01  -7.702089e-05
  -7.690245e-07  -2.955700e-06   2.326045e-10   2.562475e-01   9.848720e-01  -7.750641e-05
  -7.150202e-07  -2.968837e-06   2.339836e-10   2.382527e-01   9.892494e-01  -7.796593e-05
  -6.607759e-07  -2.980978e-06   2.352842e-10   2.201779e-01   9.932949e-01  -7.839929e-05
  -6.063099e-07  -2.992118e-06   2.365058e-10   2.020292e-01   9.970069e-01  -7.880634e-05
  -5.516403e-07  -3.002254e-06   2.376479e-10   1.838127e-01   1.000384e+00  -7.918693e-05
  -4.967853e-07  -3.011381e-06   2.387103e-10   1.655344e-01   1.003426e+00  -7.954092e-05
  -4.417634e-07  -3.019496e-06   2.396924e-10   1.472005e-01   1.006130e+00  -7.986817e-05
  -3.865930e-07  -3.026596e-06   2.405939e-10   1.288171e-01   1.008495e+00  -8.016857e-05
  -3.312925e-07  -3.032677e-06   2.414145e-10   1.103903e-01   1.010522e+00  -8.044200e-05
  -2.758805e-07  -3.037738e-06   2.421539e-10   9.192645e-02   1.012208e+00  -8.068836e-05
  -2.203756e-07  -3.041776e-06   2.428117e-10   7.343161e-02   1.013553e+00  -8.090754e-05
  -1.647965e-07  -3.044788e-06   2.433876e-10   5.491202e-02   1.014557e+00  -8.109946e-05
  -1.091618e-07  -3.046775e-06   2.438815e-10   3.637392e-02   1.015219e+00  -8.126404e-05
  -5.349025e-08  -3.047734e-06   2.442932e-10   1.782355e-02   1.015539e+00  -8.140121e-05
   2.199325e-09  -3.047664e-06   2.446224e-10  -7.328394e-04   1.015515e+00  -8.151090e-05
   5.788816e-08  -3.046565e-06   2.448690e-10  -1.928898e-02   1.015149e+00  -8.159307e-05
   1.135574e-07  -3.044436e-06   2.450329e-10  -3.783859e-02   1.014440e+00  -8.164767e-05
   1.691883e-07  -3.041278e-06   2.451139e-10  -5.637542e-02   1.013388e+00  -8.167466e-05
   2.247619e-07  -3.037091e-06   2.451120e-10  -7.489317e-02   1.011993e+00  -8.167402e-05
   2.802595e-07  -3.031876e-06   2.450271e-10  -9.338557e-02   1.010255e+00  -8.164574e-05
   3.356621e-07  -3.025634e-06   2.448592e-10  -1.118463e-01   1.008175e+00  -8.158979e-05
   3.909509e-07  -3.018367e-06   2.446083e-10  -1.302692e-01   1.005753e+00  -8.150619e-05
   4.461071e-07  -3.010075e-06   2.442744e-10  -1.486478e-01   1.002991e+00  -8.139494e-05
   5.011119e-07  -3.000762e-06   2.438576e-10  -1.669760e-01   9.998873e-01  -8.125607e-05
   5.559465e-07  -2.990430e-06   2.433580e-10  -1.852475e-01   9.964444e-01  -8.108959e-05
   6.105921e-07  -2.979081e-06   2.427757e-10  -2.034561e-01   9.926629e-01  -8.089555e-05
   6.650300e-07  -2.966719e-06   2.421108e-10  -2.215954e-01   9.885437e-01  -8.067400e-05
   7.192415e-07  -2.953347e-06   2.413635e-10  -2.396593e-01   9.840880e-01  -8.042498e-05
   7.732081e-07  -2.938969e-06   2.405339e-10  -2.576415e-01   9.792971e-01  -8.014857e-05
   8.269110e-07  -2.923589e-06   2.396224e-10  -2.755359e-01   9.741724e-01  -7.984484e-05
   8.803319e-07  -2.907212e-06   2.386291e-10  -2.933363e-01   9.687153e-01  -7.951387e-05
   9.334521e-07  -2.889842e-06   2.375544e-10  -3.110366e-01   9.629274e-01  -7.915575e-05
   9.862535e-07  -2.871485e-06   2.363984e-10  -3.286306e-01   9.568106e-01  -7.877058e-05
   1.038718e-06  -2.852146e-06   2.351617e-10  -3.461122e-01   9.503666e-01  -7.835848e-05
   1.090826e-06  -2.831830e-06   2.338444e-10  -3.634754e-01   9.435974e-01  -7.791957e-05
   1.142561e-06  -2.810545e-06   2.324471e-10  -3.807141e-01   9.365049e-01  -7.745396e-05
   1.193905e-06  -2.788297e-06   2.309701e-10  -3.978222e-01   9.290915e-01  -7.696181e-05
   1.244838e-06  -2.765092e-06   2.294139e-10  -4.147939e-01   9.213593e-01  -7.644325e-05
   1.295345e-06  -2.740937e-06   2.277789e-10  -4.316232e-01   9.133108e-01  -7.589845e-05
   1.345406e-06  -2.715841e-06   2.260656e-10  -4.483042e-01   9.049484e-01  -7.532756e-05
   1.395004e-06  -2.689811e-06   2.242746e-10  -4.648310e-01   8.962748e-01  -7.473077e-05
   1.444123e-06  -2.662854e-06   2.224063e-10  -4.811977e-01   8.872927e-01  -7.410826e-05
   1.492743e-06  -2.634981e-06   2.204615e-10  -4.973987e-01   8.780049e-01  -7.346021e-05
   1.540850e-06  -2.606199e-06   2.184406e-10  -5.134282e-01   8.684143e-01  -7.278683e-05
   1.588424e-06  -2.576517e-06   2.163443e-10  -5.292804e-01   8.585240e-01  -7.208833e-05
   1.635449e-06  -2.545945e-06   2.141733e-10  -5.449498e-01   8.483371e-01  -7.136493e-05
   1.681909e-06  -2.514493e-06   2.119283e-10  -5.604308e-01   8.378569e-01  -7.061685e-05
   1.727787e-06  -2.482171e-06   2.096099e-10  -5.757179e-01   8.270868e-01  -6.984433e-05
   1.773067e-06  -2.448988e-06   2.072189e-10  -5.908055e-01   8.160301e-01  -6.904763e-05
   1.817732e-06  -2.414957e-06   2.047560e-10  -6.056883e-01   8.046906e-01  -6.822698e-05
   1.861766e-06  -2.380088e-06   2.022221e-10  -6.203610e-01   7.930718e-01  -6.738266e-05
   1.905153e-06  -2.344392e-06   1.996180e-10  -6.348181e-01   7.811775e-01  -6.651493e-05
   1.947878e-06  -2.307881e-06   1.969444e-10  -6.490545e-01   7.690117e-01  -6.562407e-05
   1.989925e-06  -2.270567e-06   1.942024e-10  -6.630650e-01   7.565782e-01  -6.471038e-05
   2.031279e-06  -2.232462e-06   1.913926e-10  -6.768446e-01   7.438812e-01  -6.377415e-05
   2.071924e-06  -2.193579e-06   1.885162e-10  -6.903882e-01   7.309248e-01  -6.281568e-05
   2.111847e-06  -2.153930e-06   1.855739e-10  -7.036908e-01   7.177133e-01  -6.183529e-05
   2.151032e-06  -2.113528e-06   1.825668e-10  -7.167476e-01   7.042511e-01  -6.083329e-05
   2.189464e-06  -2.072388e-06   1.794959e-10  -7.295537e-01   6.905426e-01  -5.981003e-05
   2.227130e-06  -2.030522e-06   1.763621e-10  -7.421045e-01   6.765924e-01  -5.876582e-05
   2.264016e-06  -1.987944e-06   1.731666e-10  -7.543953e-01   6.624051e-01  -5.770103e-05
   2.300108e-06  -1.944670e-06   1.699103e-10  -7.664215e-01   6.479855e-01  -5.661600e-05
   2.335392e-06  -1.900712e-06   1.665944e-10  -7.781786e-01   6.333384e-01  -5.551110e-05
   2.369856e-06  -1.856087e-06   1.632199e-10  -7.896622e-01   6.184688e-01  -5.438668e-05
   2.403486e-06  -1.810809e-06   1.597880e-10  -8.008681e-01   6.033816e-01  -5.324314e-05
   2.436269e-06  -1.764893e-06   1.562999e-10  -8.117920e-01   5.880820e-01  -5.208085e-05
   2.468194e-06  -1.718355e-06   1.527566e-10  -8.224297e-01   5.725750e-01  -5.090020e-05
   2.499248e-06  -1.671211e-06   1.491595e-10  -8.327772e-01   5.568661e-01  -4.970159e-05
   2.529419e-06  -1.623477e-06   1.455096e-10  -8.428306e-01   5.409604e-01  -4.848543e-05
   2.558696e-06  -1.575168e-06   1.418084e-10  -8.525861e-01   5.248635e-01  -4.725212e-05
   2.587068e-06  -1.526302e-06   1.380569e-10  -8.620398e-01   5.085809e-01  -4.600210e-05
   2.614523e-06  -1.476896e-06   1.342565e-10  -8.711881e-01   4.921181e-01  -4.473577e-05
   2.641051e-06  -1.426965e-06   1.304086e-10  -8.800274e-01   4.754807e-01  -4.345358e-05
   2.666641e-06  -1.376529e-06   1.265143e-10  -8.885544e-01   4.586746e-01  -4.215597e-05
   2.691284e-06  -1.325603e-06   1.225751e-10  -8.967656e-01   4.417055e-01  -4.084337e-05
   2.714969e-06  -1.274205e-06   1.185922e-10  -9.046578e-01   4.245792e-01  -3.951625e-05
   2.737688e-06  -1.222354e-06   1.145672e-10  -9.122279e-01   4.073018e-01  -3.817506e-05
   2.759430e-06  -1.170067e-06   1.105013e-10  -9.194728e-01   3.898792e-01  -3.682026e-05
   2.780188e-06  -1.117362e-06   1.063960e-10  -9.263897e-01   3.723175e-01  -3.545232e-05
   2.799954e-06  -1.064259e-06   1.022526e-10  -9.329756e-01   3.546228e-01  -3.407172e-05
   2.818718e-06  -1.010775e-06   9.807277e-11  -9.392280e-01   3.368013e-01  -3.267894e-05
   2.836473e-06  -9.569289e-07   9.385779e-11  -9.451443e-01   3.188593e-01  -3.127446e-05
   2.853212e-06  -9.027402e-07   8.960918e-11  -9.507219e-01   3.008031e-01  -2.985877e-05
   2.868928e-06  -8.482278e-07   8.532843e-11  -9.559585e-01   2.826389e-01  -2.843238e-05
   2.883613e-06  -7.934109e-07   8.101706e-11  -9.608520e-01   2.643733e-01  -2.699578e-05
   2.897263e-06  -7.383089e-07   7.667657e-11  -9.654002e-01   2.460127e-01  -2.554948e-05
   2.909870e-06  -6.829413e-07   7.230849e-11  -9.696011e-01   2.275636e-01  -2.409399e-05
   2.921430e-06  -6.273278e-07   6.791438e-11  -9.734528e-01   2.090326e-01  -2.262983e-05
   2.931936e-06  -5.714881e-07   6.349579e-11  -9.769537e-01   1.904262e-01  -2.115750e-05
   2.941385e-06  -5.154423e-07   5.905429e-11  -9.801021e-01   1.717511e-01  -1.967754e-05
   2.949771e-06  -4.592102e-07   5.459146e-11  -9.828964e-01   1.530139e-01  -1.819048e-05
   2.957091e-06  -4.028122e-07   5.010889e-11  -9.853354e-01   1.342215e-01  -1.669684e-05
   2.963340e-06  -3.462684e-07   4.560819e-11  -9.874178e-01   1.153805e-01  -1.519715e-05
   2.968516e-06  -2.895991e-07   4.109097e-11  -9.891425e-01   9.649765e-02  -1.369197e-05
   2.972616e-06  -2.328249e-07   3.655884e-11  -9.905085e-01   7.757983e-02  -1.218181e-05
   2.975636e-06  -1.759661e-07   3.201345e-11  -9.915150e-01   5.863386e-02  -1.066724e-05
   2.977576e-06  -1.190434e-07   2.745642e-11  -9.921613e-01   3.966658e-02  -9.148785e-06
   2.978432e-06  -6.207741e-08   2.288941e-11  -9.924466e-01   2.068488e-02  -7.627007e-06
   2.978204e-06  -5.088827e-09   1.831407e-11  -9.923708e-01   1.695654e-03  -6.102452e-06
   2.976891e-06   5.190161e-08   1.373206e-11  -9.919332e-01  -1.729419e-02  -4.575673e-06
   2.974493e-06   1.088731e-07   9.145031e-12  -9.911339e-01  -3.627773e-02  -3.047226e-06
   2.971008e-06   1.658049e-07   4.554669e-12  -9.899728e-01  -5.524802e-02  -1.517666e-06
   2.966437e-06   2.226760e-07  -3.735821e-14  -9.884499e-01  -7.419812e-02   1.244817e-08
   2.960782e-06   2.794657e-07  -4.629371e-12  -9.865654e-01  -9.312108e-02   1.542558e-06
   2.954042e-06   3.361531e-07  -9.219689e-12  -9.843197e-01  -1.120099e-01   3.072103e-06
   2.946220e-06   3.927173e-07  -1.380663e-11  -9.817133e-01  -1.308578e-01   4.600522e-06
   2.937318e-06   4.491374e-07  -1.838850e-11  -9.787468e-01  -1.496576e-01   6.127253e-06
   2.927336e-06   5.053927e-07  -2.296362e-11  -9.754210e-01  -1.684025e-01   7.651735e-06
   2.916280e-06   5.614622e-07  -2.753031e-11  -9.717368e-01  -1.870854e-01   9.173405e-06
   2.904150e-06   6.173253e-07  -3.208687e-11  -9.676951e-01  -2.056996e-01   1.069170e-05
   2.890952e-06   6.729610e-07  -3.663161e-11  -9.632973e-01  -2.242381e-01   1.220606e-05
   2.876688e-06   7.283488e-07  -4.116286e-11  -9.585445e-01  -2.426939e-01   1.371592e-05
   2.861364e-06   7.834681e-07  -4.567894e-11  -9.534382e-01  -2.610603e-01   1.522073e-05
   2.844983e-06   8.382981e-07  -5.017815e-11  -9.479801e-01  -2.793302e-01   1.671992e-05
   2.827552e-06   8.928185e-07  -5.465882e-11  -9.421717e-01  -2.974970e-01   1.821293e-05
   2.809075e-06   9.470088e-07  -5.911929e-11  -9.360150e-01  -3.155539e-01   1.969920e-05
   2.789559e-06   1.000849e-06  -6.355788e-11  -9.295120e-01  -3.334939e-01   2.117819e-05
   2.769010e-06   1.054318e-06  -6.797293e-11  -9.226648e-01  -3.513105e-01   2.264934e-05
   2.747434e-06   1.107396e-06  -7.236279e-11  -9.154756e-01  -3.689968e-01   2.411209e-05
   2.724840e-06   1.160064e-06  -7.672581e-11  -9.079468e-01  -3.865463e-01   2.556589e-05
   2.701234e-06   1.212301e-06  -8.106035e-11  -9.000810e-01  -4.039523e-01   2.701021e-05
   2.676624e-06   1.264088e-06  -8.536477e-11  -8.918808e-01  -4.212082e-01   2.844449e-05
   2.651019e-06   1.315405e-06  -8.963746e-11  -8.833490e-01  -4.383075e-01   2.986820e-05
   2.624428e-06   1.366232e-06  -9.387679e-11  -8.744885e-01  -4.552437e-01   3.128079e-05
   2.596860e-06   1.416551e-06  -9.808116e-11  -8.653024e-01  -4.720104e-01   3.268173e-05
   2.568323e-06   1.466341e-06  -1.022490e-10  -8.557939e-01  -4.886012e-01   3.407050e-05
   2.538830e-06   1.515585e-06  -1.063787e-10  -8.459662e-01  -5.050098e-01   3.544656e-05
   2.508388e-06   1.564263e-06  -1.104687e-10  -8.358229e-01  -5.212300e-01   3.680939e-05
   2.477010e-06   1.612358e-06  -1.145174e-10  -8.253674e-01  -5.372555e-01   3.815848e-05
   2.444707e-06   1.659849e-06  -1.185234e-10  -8.146035e-01  -5.530802e-01   3.949331e-05
   2.411489e-06   1.706720e-06  -1.224850e-10  -8.035349e-01  -5.686981e-01   4.081337e-05
   2.377369e-06   1.752953e-06  -1.264008e-10  -7.921657e-01  -5.841032e-01   4.211816e-05
   2.342359e-06   1.798528e-06  -1.302693e-10  -7.804999e-01  -5.992896e-01   4.340717e-05
   2.306471e-06   1.843430e-06  -1.340889e-10  -7.685416e-01  -6.142515e-01   4.467993e-05
   2.269718e-06   1.887641e-06  -1.378583e-10  -7.562952e-01  -6.289831e-01   4.593593e-05
   2.232114e-06   1.931144e-06  -1.415760e-10  -7.437651e-01  -6.434787e-01   4.717470e-05
   2.193672e-06   1.973922e-06  -1.452405e-10  -7.309558e-01  -6.577328e-01   4.839576e-05
   2.154406e-06   2.015959e-06  -1.488505e-10  -7.178720e-01  -6.717398e-01   4.959864e-05
   2.114331e-06   2.057238e-06  -1.524046e-10  -7.045184e-01  -6.854944e-01   5.078289e-05
   2.073460e-06   2.097743e-06  -1.559013e-10  -6.908999e-01  -6.989913e-01   5.194804e-05
   2.031809e-06   2.137459e-06  -1.593394e-10  -6.770215e-01  -7.122251e-01   5.309365e-05
   1.989394e-06   2.176371e-06  -1.627175e-10  -6.628882e-01  -7.251909e-01   5.421927e-05
   1.946230e-06   2.214463e-06  -1.660343e-10  -6.485053e-01  -7.378836e-01   5.532447e-05
   1.902332e-06   2.251720e-06  -1.692886e-10  -6.338780e-01  -7.502983e-01   5.640883e-05
   1.857717e-06   2.288129e-06  -1.724790e-10  -6.190118e-01  -7.624301e-01   5.747192e-05
   1.812401e-06   2.323675e-06  -1.756044e-10  -6.039121e-01  -7.742743e-01   5.851334e-05
   1.766401e-06   2.358344e-06  -1.786636e-10  -5.885846e-01  -7.858264e-01   5.953268e-05
   1.719735e-06   2.392123e-06  -1.816553e-10  -5.730348e-01  -7.970819e-01   6.052955e-05
   1.672419e-06   2.424998e-06  -1.845784e-10  -5.572687e-01  -8.080364e-01   6.150356e-05
   1.624472e-06   2.456958e-06  -1.874317e-10  -5.412920e-01  -8.186856e-01   6.245433e-05
   1.575910e-06   2.487988e-06  -1.902142e-10  -5.251108e-01  -8.290253e-01   6.338149e-05
   1.526753e-06   2.518078e-06  -1.929248e-10  -5.087310e-01  -8.390516e-01   6.428470e-05
   1.477018e-06   2.547216e-06  -1.955625e-10  -4.921588e-01  -8.487606e-01   6.516359e-05
   1.426724e-06   2.575390e-06  -1.981261e-10  -4.754004e-01  -8.581484e-01   6.601782e-05
   1.375891e-06   2.602589e-06  -2.006148e-10  -4.584621e-01  -8.672115e-01   6.684707e-05
   1.324536e-06   2.628803e-06  -2.030275e-10  -4.413502e-01  -8.759462e-01   6.765101e-05
   1.272680e-06   2.654021e-06  -2.053633e-10  -4.240711e-01  -8.843492e-01   6.842933e-05
   1.220342e-06   2.678234e-06  -2.076213e-10  -4.066314e-01  -8.924172e-01   6.918173e-05
   1.167541e-06   2.701432e-06  -2.098007e-10  -3.890377e-01  -9.001471e-01   6.990792e-05
   1.114298e-06   2.723606e-06  -2.119005e-10  -3.712965e-01  -9.075358e-01   7.060761e-05
   1.060632e-06   2.744748e-06  -2.139200e-10  -3.534145e-01  -9.145805e-01   7.128053e-05
   1.006565e-06   2.764849e-06  -2.158584e-10  -3.353985e-01  -9.212783e-01   7.192643e-05
   9.521153e-07   2.783901e-06  -2.177150e-10  -3.172554e-01  -9.276268e-01   7.254505e-05
   8.973047e-07   2.801898e-06  -2.194889e-10  -2.989919e-01  -9.336235e-01   7.313615e-05
   8.421537e-07   2.818831e-06  -2.211796e-10  -2.806149e-01  -9.392659e-01   7.369950e-05
   7.866831e-07   2.834695e-06  -2.227864e-10  -2.621315e-01  -9.445520e-01   7.423490e-05
   7.309140e-07   2.849484e-06  -2.243086e-10  -2.435487e-01  -9.494796e-01   7.474212e-05
   6.748676e-07   2.863191e-06  -2.257457e-10  -2.248734e-01  -9.540469e-01   7.522098e-05
   6.185650e-07   2.875811e-06  -2.270971e-10  -2.061127e-01  -9.582521e-01   7.567128e-05
   5.620276e-07   2.887339e-06  -2.283623e-10  -1.872738e-01  -9.620936e-01   7.609287e-05
   5.052768e-07   2.897772e-06  -2.295409e-10  -1.683638e-01  -9.655698e-01   7.648556e-05
   4.483343e-07   2.907105e-06  -2.306323e-10  -1.493899e-01  -9.686795e-01   7.684923e-05
   3.912215e-07   2.915333e-06  -2.316361e-10  -1.303593e-01  -9.714215e-01   7.718372e-05
   3.339602e-07   2.922456e-06  -2.325520e-10  -1.112793e-01  -9.737946e-01   7.748890e-05
   2.765722e-07   2.928468e-06  -2.333796e-10  -9.215691e-02  -9.757981e-01   7.776468e-05
   2.190791e-07   2.933369e-06  -2.341186e-10  -7.299959e-02  -9.774312e-01   7.801093e-05
   1.615029e-07   2.937157e-06  -2.347688e-10  -5.381456e-02  -9.786933e-01   7.822757e-05
   1.038654e-07   2.939830e-06  -2.353298e-10  -3.460910e-02  -9.795838e-01   7.841451e-05
   4.618845e-08   2.941386e-06  -2.358015e-10  -1.539050e-02  -9.801026e-01   7.857169e-05
  -1.150602e-08   2.941827e-06  -2.361838e-10   3.833933e-03  -9.802494e-01   7.869906e-05
  -6.919612e-08   2.941151e-06  -2.364764e-10   2.305691e-02  -9.800242e-01   7.879656e-05
  -1.268600e-07   2.939360e-06  -2.366793e-10   4.227115e-02  -9.794273e-01   7.886416e-05
  -1.844757e-07   2.936453e-06  -2.367924e-10   6.146934e-02  -9.784587e-01   7.890185e-05
  -2.420214e-07   2.932432e-06  -2.368157e-10   8.064423e-02  -9.771190e-01   7.890961e-05
  -2.994754e-07   2.927300e-06  -2.367491e-10   9.978853e-02  -9.754088e-01   7.888744e-05
  -3.568158e-07   2.921057e-06  -2.365929e-10   1.188950e-01  -9.733287e-01   7.883537e-05
  -4.140210e-07   2.913708e-06  -2.363469e-10   1.379564e-01  -9.708797e-01   7.875341e-05
  -4.710692e-07   2.905253e-06  -2.360113e-10   1.569655e-01  -9.680627e-01   7.864160e-05
  -5.279390e-07   2.895699e-06  -2.355864e-10   1.759151e-01  -9.648789e-01   7.850000e-05
  -5.846088e-07   2.885047e-06  -2.350722e-10   1.947981e-01  -9.613297e-01   7.832866e-05
  -6.410572e-07   2.873303e-06  -2.344690e-10   2.136074e-01  -9.574164e-01   7.812766e-05
  -6.972629e-07   2.860471e-06  -2.337770e-10   2.323358e-01  -9.531406e-01   7.789708e-05
  -7.532048e-07   2.846556e-06  -2.329965e-10   2.509762e-01  -9.485042e-01   7.763702e-05
  -8.088617e-07   2.831565e-06  -2.321279e-10   2.695217e-01  -9.435088e-01   7.734759e-05
  -8.642126e-07   2.815502e-06  -2.311715e-10   2.879652e-01  -9.381567e-01   7.702891e-05
  -9.192369e-07   2.798376e-06  -2.301277e-10   3.062999e-01  -9.324498e-01   7.668110e-05
  -9.739137e-07   2.780191e-06  -2.289969e-10   3.245189e-01  -9.263906e-01   7.630431e-05
  -1.028223e-06   2.760957e-06  -2.277796e-10   3.426152e-01  -9.199814e-01   7.589870e-05
  -1.082143e-06   2.740679e-06  -2.264763e-10   3.605822e-01  -9.132248e-01   7.546443e-05
  -1.135656e-06   2.719368e-06  -2.250876e-10   3.784130e-01  -9.061235e-01   7.500168e-05
  -1.188739e-06   2.697030e-06  -2.236139e-10   3.961011e-01  -8.986803e-01   7.451062e-05
  -1.241375e-06   2.673675e-06  -2.220558e-10   4.136398e-01  -8.908982e-01   7.399147e-05
  -1.293542e-06   2.649313e-06  -2.204141e-10   4.310226e-01  -8.827803e-01   7.344443e-05
  -1.345222e-06   2.623952e-06  -2.186893e-10   4.482430e-01  -8.743299e-01   7.286971e-05
  -1.396396e-06   2.597603e-06  -2.168822e-10   4.652946e-01  -8.655501e-01   7.226756e-05
  -1.447044e-06   2.570276e-06  -2.149935e-10   4.821711e-01  -8.564446e-01   7.163820e-05
  -1.497148e-06   2.541983e-06  -2.130238e-10   4.988662e-01  -8.470169e-01   7.098190e-05
  -1.546688e-06   2.512734e-06  -2.109741e-10   5.153738e-01  -8.372708e-01   7.029891e-05
  -1.595648e-06   2.482540e-06  -2.088451e-10   5.316877e-01  -8.272100e-01   6.958951e-05
  -1.644008e-06   2.451415e-06  -2.066377e-10   5.478019e-01  -8.168386e-01   6.885397e-05
  -1.691752e-06   2.419369e-06  -2.043527e-10   5.637105e-01  -8.061606e-01   6.809258e-05
  -1.738861e-06   2.386416e-06  -2.019910e-10   5.794076e-01  -7.951802e-01   6.730566e-05
  -1.785317e-06   2.352568e-06  -1.995537e-10   5.948876e-01  -7.839017e-01   6.649350e-05
  -1.831106e-06   2.317839e-06  -1.970416e-10   6.101447e-01  -7.723296e-01   6.565644e-05
  -1.876208e-06   2.282242e-06  -1.944557e-10   6.251734e-01  -7.604683e-01   6.479479e-05
  -1.920609e-06   2.245791e-06  -1.917970e-10   6.399681e-01  -7.483224e-01   6.390890e-05
  -1.964291e-06   2.208500e-06  -1.890667e-10   6.545236e-01  -7.358968e-01   6.299911e-05
  -2.007240e-06   2.170384e-06  -1.862657e-10   6.688345e-01  -7.231962e-01   6.206579e-05
  -2.049439e-06   2.131458e-06  -1.833951e-10   6.828957e-01  -7.102255e-01   6.110929e-05
  -2.090873e-06   2.091737e-06  -1.804561e-10   6.967020e-01  -6.969899e-01   6.012998e-05
  -2.131528e-06   2.051235e-06  -1.774499e-10   7.102486e-01  -6.834944e-01   5.912826e-05
  -2.171388e-06   2.009970e-06  -1.743775e-10   7.235306e-01  -6.697442e-01   5.810451e-05
  -2.210440e-06   1.967956e-06  -1.712402e-10   7.365432e-01  -6.557446e-01   5.705912e-05
  -2.248670e-06   1.925209e-06  -1.680392e-10   7.492818e-01  -6.415011e-01   5.599251e-05
  -2.286064e-06   1.881748e-06  -1.647757e-10   7.617418e-01  -6.270192e-01   5.490508e-05
  -2.322608e-06   1.837587e-06  -1.614510e-10   7.739189e-01  -6.123043e-01   5.379726e-05
  -2.358291e-06   1.792744e-06  -1.580664e-10   7.858087e-01  -5.973621e-01   5.266947e-05
  -2.393099e-06   1.747236e-06  -1.546231e-10   7.974071e-01  -5.821984e-01   5.152215e-05
  -2.427020e-06   1.701081e-06  -1.511226e-10   8.087100e-01  -5.668190e-01   5.035573e-05
  -2.460042e-06   1.654296e-06  -1.475661e-10   8.197135e-01  -5.512297e-01   4.917067e-05
  -2.492155e-06   1.606899e-06  -1.439550e-10   8.304137e-01  -5.354364e-01   4.796741e-05
  -2.523346e-06   1.558907e-06  -1.402907e-10   8.408069e-01  -5.194452e-01   4.674643e-05
  -2.553605e-06   1.510340e-06  -1.365746e-10   8.508896e-01  -5.032622e-01   4.550817e-05
  -2.582922e-06   1.461216e-06  -1.328081e-10   8.606582e-01  -4.868934e-01   4.425313e-05
  -2.611286e-06   1.411553e-06  -1.289926e-10   8.701096e-01  -4.703451e-01   4.298177e-05
  -2.638689e-06   1.361370e-06  -1.251296e-10   8.792404e-01  -4.536236e-01   4.169457e-05
  -2.665120e-06   1.310686e-06  -1.212205e-10   8.880476e-01  -4.367351e-01   4.039203e-05
  -2.690571e-06   1.259520e-06  -1.172669e-10   8.965282e-01  -4.196860e-01   3.907463e-05
  -2.715034e-06   1.207891e-06  -1.132702e-10   9.046795e-01  -4.024827e-01   3.774288e-05
  -2.738500e-06   1.155819e-06  -1.092319e-10   9.124986e-01  -3.851316e-01   3.639728e-05
  -2.760962e-06   1.103322e-06  -1.051535e-10   9.199831e-01  -3.676393e-01   3.503832e-05
  -2.782412e-06   1.050422e-06  -1.010366e-10   9.271306e-01  -3.500123e-01   3.366653e-05
  -2.802844e-06   9.971371e-07  -9.688277e-11   9.339386e-01  -3.322572e-01   3.228241e-05
  -2.822250e-06   9.434875e-07  -9.269346e-11   9.404051e-01  -3.143805e-01   3.088649e-05
  -2.840626e-06   8.894932e-07  -8.847029e-11   9.465280e-01  -2.963890e-01   2.947928e-05
  -2.857964e-06   8.351742e-07  -8.421482e-11   9.523054e-01  -2.782893e-01   2.806131e-05
  -2.874260e-06   7.805506e-07  -7.992864e-11   9.577354e-01  -2.600881e-01   2.663311e-05
  -2.889509e-06   7.256426e-07  -7.561334e-11   9.628166e-01  -2.417922e-01   2.519520e-05
  -2.903707e-06   6.704705e-07  -7.127052e-11   9.675473e-01  -2.234082e-01   2.374813e-05
  -2.916848e-06   6.150546e-07  -6.690178e-11   9.719262e-01  -2.049430e-01   2.229242e-05
  -2.928930e-06   5.594153e-07  -6.250874e-11   9.759520e-01  -1.864034e-01   2.082860e-05
  -2.939949e-06   5.035729e-07  -5.809301e-11   9.796237e-01  -1.677961e-01   1.935724e-05
  -2.949902e-06   4.475480e-07  -5.365622e-11   9.829401e-01  -1.491279e-01   1.787885e-05
  -2.958787e-06   3.913609e-07  -4.919999e-11   9.859006e-01  -1.304058e-01   1.639398e-05
  -2.966601e-06   3.350323e-07  -4.472597e-11   9.885043e-01  -1.116365e-01   1.490319e-05
  -2.973342e-06   2.785825e-07  -4.023577e-11   9.907506e-01  -9.282678e-02   1.340701e-05
  -2.979010e-06   2.220321e-07  -3.573105e-11   9.926392e-01  -7.398356e-02   1.190598e-05
  -2.983603e-06   1.654016e-07  -3.121343e-11   9.941697e-01  -5.511366e-02   1.040066e-05
  -2.987121e-06   1.087115e-07  -2.668457e-11   9.953419e-01  -3.622389e-02   8.891594e-06
  -2.989564e-06   5.198231e-08  -2.214609e-11   9.961558e-01  -1.732108e-02   7.379324e-06
  -2.990931e-06  -4.765622e-09  -1.759966e-11   9.966114e-01   1.587958e-03   5.864401e-06
  -2.991223e-06  -6.151185e-08  -1.304689e-11   9.967089e-01   2.049643e-02   4.347370e-06
  -2.990442e-06  -1.182360e-07  -8.489449e-12   9.964486e-01   3.939755e-02   2.828779e-06
  -2.988589e-06  -1.749178e-07  -3.928959e-12   9.958310e-01   5.828454e-02   1.309173e-06
  -2.985665e-06  -2.315369e-07   6.329380e-13   9.948568e-01   7.715065e-02  -2.109019e-07
  -2.981673e-06  -2.880731e-07   5.194609e-12   9.935265e-01   9.598916e-02  -1.730901e-06
  -2.976615e-06  -3.445064e-07   9.754423e-12   9.918411e-01   1.147934e-01  -3.250282e-06
  -2.970494e-06  -4.008166e-07   1.431075e-11   9.898014e-01   1.335566e-01  -4.768502e-06
  -2.963313e-06  -4.569839e-07   1.886198e-11   9.874087e-01   1.522721e-01  -6.285021e-06
  -2.955076e-06  -5.129883e-07   2.340648e-11   9.846641e-01   1.709334e-01  -7.799301e-06
  -2.945787e-06  -5.688101e-07   2.794266e-11   9.815689e-01   1.895338e-01  -9.310803e-06
  -2.935450e-06  -6.244296e-07   3.246889e-11   9.781246e-01   2.080669e-01  -1.081899e-05
  -2.924071e-06  -6.798272e-07   3.698359e-11   9.743328e-01   2.265260e-01  -1.232334e-05
  -2.911653e-06  -7.349836e-07   4.148516e-11   9.701952e-01   2.449047e-01  -1.382332e-05
  -2.898204e-06  -7.898794e-07   4.597202e-11   9.657136e-01   2.631966e-01  -1.531839e-05
  -2.883727e-06  -8.444953e-07   5.044260e-11   9.608899e-01   2.813952e-01  -1.680804e-05
  -2.868230e-06  -8.988125e-07   5.489534e-11   9.557262e-01   2.994943e-01  -1.829174e-05
  -2.851720e-06  -9.528120e-07   5.932866e-11   9.502247e-01   3.174875e-01  -1.976897e-05
  -2.834202e-06  -1.006475e-06   6.374104e-11   9.443877e-01   3.353686e-01  -2.123922e-05
  -2.815685e-06  -1.059783e-06   6.813093e-11   9.382175e-01   3.531314e-01  -2.270198e-05
