Method       t0       tn       N         h  beta      Time used [s]
Verlet        0  1.0e+01  100000 1.000e-04  2.000000       0.028893

x  -  y  -  z  .........
  -2.883410e-06  -8.199914e-07   4.847779e-11   9.607842e-01   2.732302e-01  -1.615334e-05
  -2.819972e-06  -9.980097e-07   6.314716e-11   9.396461e-01   3.325479e-01  -2.104134e-05
  -2.745297e-06  -1.172050e-06   7.756482e-11   9.147635e-01   3.905401e-01  -2.584546e-05
  -2.659611e-06  -1.341389e-06   9.167132e-11   8.862121e-01   4.469657e-01  -3.054590e-05
  -2.563192e-06  -1.505313e-06   1.054078e-10   8.540839e-01   5.015870e-01  -3.512304e-05
  -2.456362e-06  -1.663123e-06   1.187160e-10   8.184871e-01   5.541709e-01  -3.955750e-05
  -2.339495e-06  -1.814135e-06   1.315391e-10   7.795457e-01   6.044900e-01  -4.383030e-05
  -2.213010e-06  -1.957689e-06   1.438214e-10   7.373995e-01   6.523237e-01  -4.792288e-05
  -2.077374e-06  -2.093146e-06   1.555088e-10   6.922039e-01   6.974594e-01  -5.181726e-05
  -1.933097e-06  -2.219896e-06   1.665494e-10   6.441295e-01   7.396941e-01  -5.549610e-05
  -1.780737e-06  -2.337362e-06   1.768933e-10   5.933613e-01   7.788350e-01  -5.894282e-05
  -1.620890e-06  -2.445000e-06   1.864935e-10   5.400986e-01   8.147012e-01  -6.214172e-05
  -1.454195e-06  -2.542306e-06   1.953057e-10   4.845538e-01   8.471247e-01  -6.507801e-05
  -1.281325e-06  -2.628818e-06   2.032885e-10   4.269518e-01   8.759513e-01  -6.773798e-05
  -1.102992e-06  -2.704118e-06   2.104043e-10   3.675291e-01   9.010420e-01  -7.010906e-05
  -9.199351e-07  -2.767836e-06   2.166191e-10   3.065326e-01   9.222738e-01  -7.217987e-05
  -7.329243e-07  -2.819657e-06   2.219025e-10   2.442185e-01   9.395408e-01  -7.394039e-05
  -5.427522e-07  -2.859313e-06   2.262288e-10   1.808511e-01   9.527549e-01  -7.538194e-05
  -3.502320e-07  -2.886597e-06   2.295761e-10   1.167012e-01   9.618462e-01  -7.649731e-05
  -1.561926e-07  -2.901357e-06   2.319274e-10   5.204510e-02   9.667644e-01  -7.728078e-05
   3.852573e-08  -2.903501e-06   2.332701e-10  -1.283720e-02   9.674786e-01  -7.772819e-05
   2.330760e-07  -2.892994e-06   2.335965e-10  -7.766350e-02   9.639778e-01  -7.783696e-05
   4.266091e-07  -2.869866e-06   2.329038e-10  -1.421509e-01   9.562712e-01  -7.760613e-05
   6.182791e-07  -2.834204e-06   2.311939e-10  -2.060175e-01   9.443884e-01  -7.703638e-05
   8.072473e-07  -2.786158e-06   2.284738e-10  -2.689838e-01   9.283788e-01  -7.613000e-05
   9.926877e-07  -2.725936e-06   2.247552e-10  -3.307745e-01   9.083121e-01  -7.489092e-05
   1.173791e-06  -2.653804e-06   2.200547e-10  -3.911203e-01   8.842770e-01  -7.332465e-05
   1.349771e-06  -2.570088e-06   2.143935e-10  -4.497586e-01   8.563817e-01  -7.143829e-05
   1.519865e-06  -2.475165e-06   2.077975e-10  -5.064360e-01   8.247524e-01  -6.924043e-05
   1.683344e-06  -2.369467e-06   2.002970e-10  -5.609089e-01   7.895328e-01  -6.674117e-05
   1.839510e-06  -2.253476e-06   1.919263e-10  -6.129452e-01   7.508833e-01  -6.395197e-05
   1.987705e-06  -2.127720e-06   1.827239e-10  -6.623254e-01   7.089798e-01  -6.088563e-05
   2.127312e-06  -1.992769e-06   1.727319e-10  -7.088439e-01   6.640127e-01  -5.755620e-05
   2.257756e-06  -1.849235e-06   1.619960e-10  -7.523095e-01   6.161857e-01  -5.397886e-05
   2.378512e-06  -1.697765e-06   1.505648e-10  -7.925467e-01   5.657142e-01  -5.016987e-05
   2.489102e-06  -1.539038e-06   1.384901e-10  -8.293964e-01   5.128244e-01  -4.614643e-05
   2.589098e-06  -1.373759e-06   1.258258e-10  -8.627163e-01   4.577519e-01  -4.192657e-05
   2.678126e-06  -1.202661e-06   1.126285e-10  -8.923813e-01   4.007399e-01  -3.752907e-05
   2.755864e-06  -1.026491e-06   9.895631e-11  -9.182844e-01   3.420383e-01  -3.297334e-05
   2.822043e-06  -8.460159e-07   8.486903e-11  -9.403362e-01   2.819019e-01  -2.827930e-05
   2.876451e-06  -6.620107e-07   7.042766e-11  -9.584654e-01   2.205893e-01  -2.346728e-05
   2.918927e-06  -4.752586e-07   5.569408e-11  -9.726188e-01   1.583615e-01  -1.855789e-05
   2.949364e-06  -2.865457e-07   4.073075e-11  -9.827609e-01   9.548022e-02  -1.357194e-05
   2.967711e-06  -9.665731e-08   2.560038e-11  -9.888741e-01   3.220729e-02  -8.530330e-06
   2.973964e-06   9.362576e-08   1.036563e-11  -9.909579e-01  -3.119714e-02  -3.453942e-06
   2.968175e-06   2.835305e-07  -4.911167e-12  -9.890288e-01  -9.447551e-02   1.636455e-06
   2.950441e-06   4.722951e-07  -2.016826e-11  -9.831196e-01  -1.573740e-01   6.720289e-06
   2.920909e-06   6.591719e-07  -3.534477e-11  -9.732792e-01  -2.196434e-01   1.177727e-05
   2.879771e-06   8.434304e-07  -5.038091e-11  -9.595716e-01  -2.810404e-01   1.678748e-05
   2.827263e-06   1.024360e-06  -6.521821e-11  -9.420755e-01  -3.413280e-01   2.173143e-05
   2.763664e-06   1.201271e-06  -7.979972e-11  -9.208836e-01  -4.002769e-01   2.659015e-05
   2.689291e-06   1.373501e-06  -9.407020e-11  -8.961017e-01  -4.576656e-01   3.134524e-05
   2.604499e-06   1.540410e-06  -1.079763e-10  -8.678481e-01  -5.132816e-01   3.597890e-05
   2.509679e-06   1.701388e-06  -1.214667e-10  -8.362529e-01  -5.669214e-01   4.047406e-05
   2.405254e-06   1.855856e-06  -1.344923e-10  -8.014572e-01  -6.183918e-01   4.481433e-05
   2.291676e-06   2.003263e-06  -1.470063e-10  -7.636120e-01  -6.675096e-01   4.898412e-05
   2.169430e-06   2.143093e-06  -1.589642e-10  -7.228781e-01  -7.141024e-01   5.296862e-05
   2.039022e-06   2.274861e-06  -1.703241e-10  -6.794247e-01  -7.580091e-01   5.675387e-05
   1.900984e-06   2.398118e-06  -1.810467e-10  -6.334288e-01  -7.990796e-01   6.032678e-05
   1.755868e-06   2.512448e-06  -1.910954e-10  -5.850748e-01  -8.371756e-01   6.367512e-05
   1.604249e-06   2.617471e-06  -2.004363e-10  -5.345534e-01  -8.721705e-01   6.678761e-05
   1.446713e-06   2.712844e-06  -2.090382e-10  -4.820610e-01  -9.039498e-01   6.965385e-05
   1.283867e-06   2.798259e-06  -2.168728e-10  -4.277988e-01  -9.324110e-01   7.226442e-05
   1.116327e-06   2.873444e-06  -2.239145e-10  -3.719726e-01  -9.574636e-01   7.461081e-05
   9.447213e-07   2.938166e-06  -2.301409e-10  -3.147916e-01  -9.790294e-01   7.668549e-05
   7.696869e-07   2.992225e-06  -2.355321e-10  -2.564682e-01  -9.970426e-01   7.848190e-05
   5.918680e-07   3.035461e-06  -2.400713e-10  -1.972170e-01  -1.011449e+00   7.999443e-05
   4.119143e-07   3.067749e-06  -2.437447e-10  -1.372544e-01  -1.022208e+00   8.121845e-05
   2.304784e-07   3.089001e-06  -2.465413e-10  -7.679795e-02  -1.029289e+00   8.215030e-05
   4.821500e-08   3.099166e-06  -2.484529e-10  -1.606577e-02  -1.032676e+00   8.278728e-05
  -1.342213e-07   3.098227e-06  -2.494745e-10   4.472403e-02  -1.032364e+00   8.312766e-05
  -3.161776e-07   3.086206e-06  -2.496036e-10   1.053539e-01  -1.028358e+00   8.317069e-05
  -4.970044e-07   3.063159e-06  -2.488409e-10   1.656074e-01  -1.020678e+00   8.291656e-05
  -6.760570e-07   3.029176e-06  -2.471899e-10   2.252697e-01  -1.009355e+00   8.236643e-05
  -8.526973e-07   2.984384e-06  -2.446569e-10   2.841282e-01  -9.944300e-01   8.152240e-05
  -1.026295e-06   2.928945e-06  -2.412510e-10   3.419730e-01  -9.759569e-01   8.038751e-05
  -1.196231e-06   2.863053e-06  -2.369841e-10   3.985973e-01  -9.540010e-01   7.896573e-05
  -1.361894e-06   2.786937e-06  -2.318710e-10   4.537983e-01  -9.286383e-01   7.726198e-05
  -1.522690e-06   2.700859e-06  -2.259290e-10   5.073771e-01  -8.999563e-01   7.528205e-05
  -1.678035e-06   2.605115e-06  -2.191784e-10   5.591399e-01  -8.680532e-01   7.303268e-05
  -1.827364e-06   2.500031e-06  -2.116420e-10   6.088980e-01  -8.330380e-01   7.052147e-05
  -1.970128e-06   2.385965e-06  -2.033453e-10   6.564685e-01  -7.950301e-01   6.775691e-05
  -2.105797e-06   2.263308e-06  -1.943163e-10   7.016749e-01  -7.541592e-01   6.474836e-05
  -2.233862e-06   2.132478e-06  -1.845857e-10   7.443477e-01  -7.105653e-01   6.150602e-05
  -2.353836e-06   1.993925e-06  -1.741866e-10   7.843244e-01  -6.643979e-01   5.804092e-05
  -2.465256e-06   1.848126e-06  -1.631545e-10   8.214508e-01  -6.158162e-01   5.436490e-05
  -2.567685e-06   1.695587e-06  -1.515274e-10   8.555810e-01  -5.649885e-01   5.049061e-05
  -2.660710e-06   1.536840e-06  -1.393454e-10   8.865781e-01  -5.120920e-01   4.643144e-05
  -2.743951e-06   1.372441e-06  -1.266510e-10   9.143149e-01  -4.573126e-01   4.220153e-05
  -2.817055e-06   1.202973e-06  -1.134888e-10   9.386741e-01  -4.008439e-01   3.781574e-05
  -2.879703e-06   1.029040e-06  -9.990544e-11   9.595491e-01  -3.428876e-01   3.328960e-05
  -2.931609e-06   8.512694e-07  -8.594941e-11   9.768446e-01  -2.836524e-01   2.863930e-05
  -2.972521e-06   6.703070e-07  -7.167112e-11   9.904769e-01  -2.233537e-01   2.388161e-05
  -3.002225e-06   4.868179e-07  -5.712264e-11   1.000375e+00  -1.622131e-01   1.903390e-05
  -3.020545e-06   3.014835e-07  -4.235763e-11   1.006479e+00  -1.004576e-01   1.411403e-05
  -3.027345e-06   1.150000e-07  -2.743112e-11   1.008745e+00  -3.831928e-02   9.140354e-06
  -3.022531e-06  -7.192397e-08  -1.239943e-11   1.007141e+00   2.396587e-02   4.131628e-06
  -3.006049e-06  -2.585696e-07   2.680062e-12   1.001649e+00   8.615825e-02  -8.930265e-07
  -2.977892e-06  -4.442101e-07   1.774909e-11   9.922668e-01   1.480158e-01  -5.914192e-06
  -2.938097e-06  -6.281138e-07   3.274867e-11   9.790064e-01   2.092945e-01  -1.091222e-05
  -2.886745e-06  -8.095461e-07   4.761939e-11   9.618954e-01   2.697497e-01  -1.586731e-05
  -2.823966e-06  -9.877731e-07   6.230155e-11   9.409768e-01   3.291370e-01  -2.075957e-05
  -2.749937e-06  -1.162064e-06   7.673545e-11   9.163097e-01   3.872127e-01  -2.556910e-05
  -2.664884e-06  -1.331696e-06   9.086164e-11   8.879690e-01   4.437358e-01  -3.027611e-05
  -2.569079e-06  -1.495954e-06   1.046212e-10   8.560458e-01   4.984684e-01  -3.486094e-05
  -2.462845e-06  -1.654137e-06   1.179559e-10   8.206471e-01   5.511769e-01  -3.930421e-05
  -2.346549e-06  -1.805563e-06   1.308087e-10   7.818963e-01   6.016336e-01  -4.358691e-05
  -2.220611e-06  -1.949567e-06   1.431238e-10   7.399321e-01   6.496175e-01  -4.769045e-05
  -2.085492e-06  -2.085512e-06   1.548472e-10   6.949091e-01   6.949156e-01  -5.159682e-05
  -1.941703e-06  -2.212784e-06   1.659268e-10   6.469969e-01   7.373241e-01  -5.528864e-05
  -1.789796e-06  -2.330804e-06   1.763125e-10   5.963799e-01   7.766498e-01  -5.874929e-05
  -1.630367e-06  -2.439027e-06   1.859571e-10   5.432563e-01   8.127109e-01  -6.196299e-05
  -1.464051e-06  -2.536946e-06   1.948162e-10   4.878380e-01   8.453387e-01  -6.491492e-05
  -1.291521e-06  -2.624097e-06   2.028483e-10   4.303491e-01   8.743781e-01  -6.759129e-05
  -1.113485e-06  -2.700058e-06   2.100154e-10   3.710255e-01   8.996893e-01  -6.997946e-05
  -9.306817e-07  -2.764459e-06   2.162833e-10   3.101135e-01   9.211483e-01  -7.206801e-05
  -7.438790e-07  -2.816977e-06   2.216217e-10   2.478688e-01   9.386482e-01  -7.384680e-05
  -5.538685e-07  -2.857347e-06   2.260041e-10   1.845551e-01   9.520996e-01  -7.530709e-05
  -3.614621e-07  -2.885354e-06   2.294088e-10   1.204432e-01   9.614320e-01  -7.644157e-05
  -1.674880e-07  -2.900844e-06   2.318183e-10   5.580887e-02   9.665936e-01  -7.724444e-05
   2.721398e-08  -2.903722e-06   2.332199e-10  -9.067999e-03   9.675524e-01  -7.771145e-05
   2.217972e-07  -2.893950e-06   2.336054e-10  -7.390529e-02   9.642963e-01  -7.783993e-05
   4.154126e-07  -2.871553e-06   2.329719e-10  -1.384201e-01   9.568334e-01  -7.762882e-05
   6.072138e-07  -2.836616e-06   2.313209e-10  -2.023304e-01   9.451919e-01  -7.707871e-05
   7.963617e-07  -2.789284e-06   2.286592e-10  -2.653565e-01   9.294203e-01  -7.619179e-05
   9.820292e-07  -2.729762e-06   2.249982e-10  -3.272230e-01   9.095869e-01  -7.497189e-05
   1.163406e-06  -2.658314e-06   2.203541e-10  -3.876599e-01   8.857796e-01  -7.342444e-05
   1.339705e-06  -2.575260e-06   2.147481e-10  -4.464045e-01   8.581052e-01  -7.155645e-05
   1.510161e-06  -2.480976e-06   2.082056e-10  -5.032025e-01   8.266889e-01  -6.937642e-05
   1.674043e-06  -2.375892e-06   2.007567e-10  -5.578098e-01   7.916736e-01  -6.689436e-05
   1.830653e-06  -2.260485e-06   1.924355e-10  -6.099938e-01   7.532186e-01  -6.412166e-05
   1.979328e-06  -2.135280e-06   1.832803e-10  -6.595341e-01   7.114990e-01  -6.107104e-05
   2.119449e-06  -2.000847e-06   1.733330e-10  -7.062241e-01   6.667044e-01  -5.775649e-05
   2.250441e-06  -1.857794e-06   1.626390e-10  -7.498719e-01   6.190377e-01  -5.419311e-05
   2.371773e-06  -1.706767e-06   1.512468e-10  -7.903012e-01   5.687136e-01  -5.039712e-05
   2.482965e-06  -1.548442e-06   1.392080e-10  -8.273517e-01   5.159580e-01  -4.638564e-05
   2.583588e-06  -1.383524e-06   1.265764e-10  -8.608801e-01   4.610056e-01  -4.217668e-05
   2.673262e-06  -1.212743e-06   1.134085e-10  -8.907605e-01   4.040995e-01  -3.778897e-05
   2.751663e-06  -1.036847e-06   9.976226e-11  -9.168847e-01   3.454891e-01  -3.324189e-05
   2.818520e-06  -8.566011e-07   8.569742e-11  -9.391622e-01   2.854290e-01  -2.855533e-05
   2.873616e-06  -6.727795e-07   7.127493e-11  -9.575209e-01   2.241776e-01  -2.374960e-05
   2.916788e-06  -4.861655e-07   5.655662e-11  -9.719063e-01   1.619957e-01  -1.884529e-05
   2.947927e-06  -2.975449e-07   4.160492e-11  -9.822821e-01   9.914527e-02  -1.386322e-05
   2.966976e-06  -1.077034e-07   2.648253e-11  -9.886294e-01   3.588796e-02  -8.824274e-06
   2.973931e-06   8.257803e-08   1.125213e-11  -9.909469e-01  -2.751592e-02  -3.749335e-06
   2.968839e-06   2.725257e-07  -4.023915e-12  -9.892501e-01  -9.080859e-02   1.340813e-06
   2.951795e-06   4.613771e-07  -1.928383e-11  -9.835709e-01  -1.537360e-01   6.425585e-06
   2.922943e-06   6.483837e-07  -3.446667e-11  -9.739572e-01  -2.160486e-01   1.148468e-05
   2.882473e-06   8.328138e-07  -4.951257e-11  -9.604721e-01  -2.775028e-01   1.649814e-05
   2.830619e-06   1.013956e-06  -6.436299e-11  -9.431937e-01  -3.378613e-01   2.144646e-05
   2.767656e-06   1.191119e-06  -7.896088e-11  -9.222136e-01  -3.968940e-01   2.631064e-05
   2.693899e-06   1.363638e-06  -9.325090e-11  -8.976371e-01  -4.543793e-01   3.107224e-05
   2.609702e-06   1.530873e-06  -1.071796e-10  -8.695817e-01  -5.101038e-01   3.571343e-05
   2.515453e-06   1.692212e-06  -1.206955e-10  -8.381768e-01  -5.638638e-01   4.021709e-05
   2.411573e-06   1.847073e-06  -1.337494e-10  -8.035629e-01  -6.154653e-01   4.456679e-05
   2.298514e-06   1.994905e-06  -1.462943e-10  -7.658905e-01  -6.647245e-01   4.874689e-05
   2.176758e-06   2.135188e-06  -1.582857e-10  -7.253198e-01  -7.114685e-01   5.274254e-05
   2.046809e-06   2.267438e-06  -1.696814e-10  -6.820195e-01  -7.555354e-01   5.653973e-05
   1.909199e-06   2.391200e-06  -1.804421e-10  -6.361664e-01  -7.967745e-01   6.012531e-05
   1.764480e-06   2.506059e-06  -1.905309e-10  -5.879442e-01  -8.350468e-01   6.348702e-05
   1.613222e-06   2.611633e-06  -1.999138e-10  -5.375433e-01  -8.702251e-01   6.661349e-05
   1.456014e-06   2.707575e-06  -2.085594e-10  -4.851599e-01  -9.021941e-01   6.949430e-05
   1.293459e-06   2.793576e-06  -2.164392e-10  -4.309949e-01  -9.308505e-01   7.211996e-05
   1.126174e-06   2.869362e-06  -2.235277e-10  -3.752538e-01  -9.561033e-01   7.448190e-05
   9.547874e-07   2.934697e-06  -2.298019e-10  -3.181457e-01  -9.778736e-01   7.657256e-05
   7.799345e-07   2.989380e-06  -2.352421e-10  -2.598828e-01  -9.960946e-01   7.838529e-05
   6.022597e-07   3.033248e-06  -2.398313e-10  -2.006796e-01  -1.010712e+00   7.991444e-05
   4.224120e-07   3.066175e-06  -2.435553e-10  -1.407524e-01  -1.021684e+00   8.115533e-05
   2.410444e-07   3.088070e-06  -2.464030e-10  -8.031865e-02  -1.028979e+00   8.210422e-05
   5.881112e-08   3.098879e-06  -2.483662e-10  -1.959652e-02  -1.032581e+00   8.275838e-05
  -1.236330e-07   3.098585e-06  -2.494395e-10   4.119589e-02  -1.032483e+00   8.311602e-05
  -3.056350e-07   3.087207e-06  -2.496205e-10   1.018410e-01  -1.028692e+00   8.317632e-05
  -4.865451e-07   3.064797e-06  -2.489096e-10   1.621222e-01  -1.021224e+00   8.293943e-05
  -6.657182e-07   3.031446e-06  -2.473100e-10   2.218247e-01  -1.010112e+00   8.240644e-05
  -8.425159e-07   2.987278e-06  -2.448280e-10   2.807357e-01  -9.953943e-01   8.157941e-05
  -1.016308e-06   2.932452e-06  -2.414725e-10   3.386450e-01  -9.771257e-01   8.046131e-05
  -1.186473e-06   2.867162e-06  -2.372552e-10   3.953458e-01  -9.553700e-01   7.905607e-05
  -1.352401e-06   2.791633e-06  -2.321908e-10   4.506349e-01  -9.302030e-01   7.736854e-05
  -1.513495e-06   2.706126e-06  -2.262964e-10   5.043133e-01  -9.017111e-01   7.540448e-05
  -1.669172e-06   2.610934e-06  -2.195922e-10   5.561868e-01  -8.699922e-01   7.317055e-05
  -1.818866e-06   2.506383e-06  -2.121008e-10   6.060663e-01  -8.351546e-01   7.067433e-05
  -1.962026e-06   2.392828e-06  -2.038475e-10   6.537688e-01  -7.973170e-01   6.792424e-05
  -2.098121e-06   2.270659e-06  -1.948602e-10   6.991172e-01  -7.566087e-01   6.492958e-05
  -2.226641e-06   2.140292e-06  -1.851695e-10   7.419416e-01  -7.131689e-01   6.170052e-05
  -2.347098e-06   2.002174e-06  -1.748082e-10   7.820792e-01  -6.671467e-01   5.824804e-05
  -2.459027e-06   1.856783e-06  -1.638119e-10   8.193752e-01  -6.187007e-01   5.458394e-05
  -2.561989e-06   1.704621e-06  -1.522182e-10   8.536833e-01  -5.679987e-01   5.072080e-05
  -2.655572e-06   1.546219e-06  -1.400673e-10   8.848659e-01  -5.152174e-01   4.667198e-05
  -2.739391e-06   1.382133e-06  -1.274015e-10   9.127954e-01  -4.605420e-01   4.245159e-05
  -2.813093e-06   1.212943e-06  -1.142652e-10   9.373537e-01  -4.041660e-01   3.807444e-05
  -2.876356e-06   1.039253e-06  -1.007050e-10   9.584338e-01  -3.462905e-01   3.355601e-05
  -2.928893e-06   8.616871e-07  -8.676922e-11   9.759396e-01  -2.871237e-01   2.891247e-05
  -2.970449e-06   6.808920e-07  -7.250823e-11   9.897867e-01  -2.268808e-01   2.416055e-05
  -3.000809e-06   4.975312e-07  -5.797400e-11   9.999030e-01  -1.657829e-01   1.931758e-05
  -3.019795e-06   3.122850e-07  -4.322006e-11   1.006229e+00  -1.040568e-01   1.440141e-05
  -3.027267e-06   1.258490e-07  -2.830141e-11   1.008719e+00  -4.193429e-02   9.430343e-06
  -3.023129e-06  -6.106895e-08  -1.327427e-11   1.007340e+00   2.034885e-02   4.423133e-06
  -3.007326e-06  -2.477505e-07   1.804038e-12   1.002074e+00   8.255323e-02  -6.011255e-07
  -2.979847e-06  -4.334695e-07   1.687528e-11   9.929179e-01   1.444368e-01  -5.623029e-06
  -2.940725e-06  -6.174940e-07   3.188052e-11   9.798822e-01   2.057559e-01  -1.062294e-05
  -2.890041e-06  -7.990900e-07   4.676035e-11   9.629937e-01   2.662656e-01  -1.558107e-05
  -2.827921e-06  -9.775232e-07   6.145510e-11   9.422948e-01   3.257216e-01  -2.047752e-05
  -2.754540e-06  -1.152063e-06   7.590504e-11   9.178435e-01   3.838801e-01  -2.529240e-05
  -2.670120e-06  -1.321985e-06   9.005072e-11   8.897138e-01   4.404999e-01  -3.000590e-05
  -2.574932e-06  -1.486574e-06   1.038331e-10   8.579958e-01   4.953429e-01  -3.459836e-05
  -2.469293e-06  -1.645129e-06   1.171941e-10   8.227959e-01   5.481753e-01  -3.905038e-05
  -2.353571e-06  -1.796966e-06   1.300764e-10   7.842360e-01   5.987689e-01  -4.334291e-05
  -2.228180e-06  -1.941419e-06   1.424243e-10   7.424544e-01   6.469023e-01  -4.745736e-05
  -2.093581e-06  -2.077848e-06   1.541835e-10   6.976045e-01   6.923620e-01  -5.137566e-05
  -1.950281e-06  -2.205640e-06   1.653018e-10   6.498552e-01   7.349438e-01  -5.508040e-05
  -1.798830e-06  -2.324213e-06   1.757292e-10   5.993900e-01   7.744535e-01  -5.855491e-05
  -1.639820e-06  -2.433019e-06   1.854181e-10   5.464063e-01   8.107090e-01  -6.178337e-05
  -1.473886e-06  -2.531550e-06   1.943239e-10   4.911152e-01   8.435405e-01  -6.475089e-05
  -1.301698e-06  -2.619337e-06   2.024051e-10   4.337403e-01   8.727923e-01  -6.744363e-05
  -1.123962e-06  -2.695959e-06   2.096235e-10   3.745166e-01   8.983236e-01  -6.984886e-05
  -9.414148e-07  -2.761041e-06   2.159445e-10   3.136899e-01   9.200094e-01  -7.195510e-05
  -7.548230e-07  -2.814257e-06   2.213375e-10   2.515154e-01   9.377418e-01  -7.375213e-05
  -5.649767e-07  -2.855339e-06   2.257762e-10   1.882565e-01   9.514305e-01  -7.523113e-05
  -3.726869e-07  -2.884069e-06   2.292382e-10   1.241834e-01   9.610037e-01  -7.638470e-05
  -1.787810e-07  -2.900289e-06   2.317059e-10   5.957182e-02   9.664086e-01  -7.720696e-05
   1.590182e-08  -2.903901e-06   2.331662e-10  -5.298663e-03   9.676120e-01  -7.769357e-05
   2.105152e-07  -2.894863e-06   2.336109e-10  -7.014599e-02   9.646006e-01  -7.784175e-05
   4.042100e-07  -2.873198e-06   2.330366e-10  -1.346873e-01   9.573815e-01  -7.765037e-05
   5.961396e-07  -2.838986e-06   2.314446e-10  -1.986403e-01   9.459815e-01  -7.711990e-05
   7.854643e-07  -2.792368e-06   2.288413e-10  -2.617254e-01   9.304481e-01  -7.625245e-05
   9.713563e-07  -2.733547e-06   2.252379e-10  -3.236667e-01   9.108484e-01  -7.505175e-05
   1.153004e-06  -2.662784e-06   2.206504e-10  -3.841939e-01   8.872691e-01  -7.352315e-05
   1.329619e-06  -2.580394e-06   2.150995e-10  -4.430437e-01   8.598160e-01  -7.167355e-05
   1.500435e-06  -2.486752e-06   2.086107e-10  -4.999616e-01   8.286133e-01  -6.951139e-05
   1.664718e-06  -2.382282e-06   2.012135e-10  -5.547026e-01   7.938028e-01  -6.704657e-05
   1.821768e-06  -2.267460e-06   1.929420e-10  -6.070335e-01   7.555429e-01  -6.429041e-05
   1.970922e-06  -2.142809e-06   1.838341e-10  -6.567331e-01   7.140079e-01  -6.125557e-05
   2.111556e-06  -2.008896e-06   1.739316e-10  -7.035940e-01   6.693864e-01  -5.795593e-05
   2.243093e-06  -1.866326e-06   1.632796e-10  -7.474235e-01   6.218807e-01  -5.440658e-05
   2.365000e-06  -1.715744e-06   1.519266e-10  -7.880442e-01   5.717049e-01  -5.062363e-05
   2.476793e-06  -1.557824e-06   1.399239e-10  -8.252950e-01   5.190841e-01  -4.662418e-05
   2.578040e-06  -1.393269e-06   1.273252e-10  -8.590316e-01   4.642528e-01  -4.242618e-05
   2.668359e-06  -1.222809e-06   1.141869e-10  -8.891270e-01   4.074534e-01  -3.804833e-05
   2.747423e-06  -1.047189e-06   1.005668e-10  -9.154719e-01   3.489350e-01  -3.350997e-05
   2.814957e-06  -8.671742e-07   8.652461e-11  -9.379750e-01   2.889521e-01  -2.883096e-05
   2.870741e-06  -6.835389e-07   7.212120e-11  -9.565629e-01   2.277627e-01  -2.403159e-05
   2.914610e-06  -4.970655e-07   5.741837e-11  -9.711803e-01   1.656277e-01  -1.913244e-05
   2.946449e-06  -3.085400e-07   4.247851e-11  -9.817896e-01   1.028090e-01  -1.415431e-05
   2.966201e-06  -1.187479e-07   2.736432e-11  -9.883711e-01   3.956813e-02  -9.118096e-06
   2.973858e-06   7.152916e-08   1.213848e-11  -9.909224e-01  -2.383431e-02  -4.044678e-06
   2.969463e-06   2.615172e-07  -3.136608e-12  -9.894580e-01  -8.714043e-02   1.045152e-06
   2.953109e-06   4.504528e-07  -1.839913e-11  -9.840089e-01  -1.500959e-01   6.130795e-06
   2.924939e-06   6.375867e-07  -3.358810e-11  -9.746221e-01  -2.124510e-01   1.119193e-05
   2.885138e-06   8.221862e-07  -4.864357e-11  -9.613599e-01  -2.739616e-01   1.620858e-05
   2.833937e-06   1.003538e-06  -6.350692e-11  -9.442993e-01  -3.343900e-01   2.116121e-05
   2.771611e-06   1.180951e-06  -7.812100e-11  -9.235315e-01  -3.935059e-01   2.603078e-05
   2.698472e-06   1.353757e-06  -9.243038e-11  -8.991607e-01  -4.510870e-01   3.079883e-05
   2.614871e-06   1.521316e-06  -1.063815e-10  -8.713039e-01  -5.069194e-01   3.544749e-05
   2.521194e-06   1.683014e-06  -1.199227e-10  -8.400898e-01  -5.607989e-01   3.995959e-05
   2.417861e-06   1.838267e-06  -1.330048e-10  -8.056583e-01  -6.125308e-01   4.431867e-05
   2.305323e-06   1.986521e-06  -1.455805e-10  -7.681592e-01  -6.619309e-01   4.850903e-05
   2.184058e-06   2.127257e-06  -1.576052e-10  -7.277523e-01  -7.088256e-01   5.251579e-05
   2.054571e-06   2.259985e-06  -1.690366e-10  -6.846058e-01  -7.530521e-01   5.632487e-05
   1.917391e-06   2.384252e-06  -1.798352e-10  -6.388959e-01  -7.944593e-01   5.992309e-05
   1.773069e-06   2.499639e-06  -1.899640e-10  -5.908062e-01  -8.329076e-01   6.329811e-05
   1.622174e-06   2.605762e-06  -1.993887e-10  -5.405265e-01  -8.682688e-01   6.643854e-05
   1.465296e-06   2.702272e-06  -2.080780e-10  -4.882528e-01  -9.004271e-01   6.933389e-05
   1.303035e-06   2.788858e-06  -2.160030e-10  -4.341857e-01  -9.292786e-01   7.197460e-05
   1.136008e-06   2.865245e-06  -2.231381e-10  -3.785304e-01  -9.547313e-01   7.435208e-05
   9.648418e-07   2.931192e-06  -2.294602e-10  -3.214960e-01  -9.767058e-01   7.645868e-05
   7.901726e-07   2.986499e-06  -2.349493e-10  -2.632943e-01  -9.951345e-01   7.828772e-05
   6.126440e-07   3.030999e-06  -2.395883e-10  -2.041398e-01  -1.009963e+00   7.983348e-05
   4.329047e-07   3.064564e-06  -2.433629e-10  -1.442487e-01  -1.021147e+00   8.109122e-05
   2.516074e-07   3.087101e-06  -2.462618e-10  -8.383838e-02  -1.028656e+00   8.205716e-05
   6.940654e-08   3.098555e-06  -2.482765e-10  -2.312703e-02  -1.032473e+00   8.272849e-05
  -1.130432e-07   3.098906e-06  -2.494016e-10   3.766726e-02  -1.032590e+00   8.310338e-05
  -2.950887e-07   3.088170e-06  -2.496344e-10   9.832684e-02  -1.029013e+00   8.318096e-05
  -4.760799e-07   3.066399e-06  -2.489752e-10   1.586351e-01  -1.021758e+00   8.296130e-05
  -6.553715e-07   3.033681e-06  -2.474271e-10   2.183770e-01  -1.010856e+00   8.244546e-05
  -8.323245e-07   2.990137e-06  -2.449961e-10   2.773397e-01  -9.963468e-01   8.163543e-05
  -1.006308e-06   2.935925e-06  -2.416910e-10   3.353130e-01  -9.782827e-01   8.053414e-05
  -1.176700e-06   2.871236e-06  -2.375234e-10   3.920896e-01  -9.567276e-01   7.914545e-05
  -1.342891e-06   2.796295e-06  -2.325078e-10   4.474661e-01  -9.317564e-01   7.747416e-05
  -1.504282e-06   2.711360e-06  -2.266611e-10   5.012434e-01  -9.034551e-01   7.552599e-05
  -1.660290e-06   2.616722e-06  -2.200033e-10   5.532269e-01  -8.719207e-01   7.330754e-05
  -1.810346e-06   2.512704e-06  -2.125569e-10   6.032273e-01  -8.372610e-01   7.082633e-05
  -1.953900e-06   2.399663e-06  -2.043471e-10   6.510611e-01  -7.995942e-01   6.809073e-05
  -2.090420e-06   2.277982e-06  -1.954017e-10   6.965510e-01  -7.590489e-01   6.511001e-05
  -2.219393e-06   2.148079e-06  -1.857509e-10   7.395265e-01  -7.157638e-01   6.189427e-05
  -2.340332e-06   2.010399e-06  -1.754277e-10   7.798245e-01  -6.698873e-01   5.845445e-05
  -2.452768e-06   1.865417e-06  -1.644672e-10   8.172896e-01  -6.215776e-01   5.480230e-05
  -2.556262e-06   1.713634e-06  -1.529072e-10   8.517750e-01  -5.710018e-01   5.095036e-05
  -2.650400e-06   1.555579e-06  -1.407875e-10   8.831428e-01  -5.183363e-01   4.691195e-05
  -2.734796e-06   1.391808e-06  -1.281504e-10   9.112644e-01  -4.637657e-01   4.270113e-05
  -2.809095e-06   1.222898e-06  -1.150402e-10   9.360216e-01  -4.074831e-01   3.833266e-05
  -2.872973e-06   1.049452e-06  -1.015032e-10   9.573064e-01  -3.496890e-01   3.382200e-05
  -2.926140e-06   8.720940e-07  -8.758793e-11   9.750222e-01  -2.905914e-01   2.918527e-05
  -2.968340e-06   6.914684e-07  -7.334443e-11   9.890839e-01  -2.304050e-01   2.443918e-05
  -2.999356e-06   5.082381e-07  -5.882461e-11   9.994186e-01  -1.693506e-01   1.960101e-05
  -3.019006e-06   3.230826e-07  -4.408194e-11   1.005966e+00  -1.076547e-01   1.468859e-05
  -3.027150e-06   1.366964e-07  -2.917133e-11   1.008680e+00  -4.554876e-02   9.720210e-06
  -3.023688e-06  -5.021314e-08  -1.414893e-11   1.007526e+00   1.673157e-02   4.714580e-06
  -3.008563e-06  -2.369283e-07   9.279903e-13   1.002487e+00   7.894712e-02  -3.092167e-07
  -2.981761e-06  -4.227231e-07   1.600125e-11   9.935560e-01   1.408560e-01  -5.331793e-06
  -2.943314e-06  -6.068661e-07   3.101194e-11   9.807449e-01   2.022145e-01  -1.033352e-05
  -2.893299e-06  -7.886232e-07   4.590069e-11   9.640792e-01   2.627780e-01  -1.529462e-05
  -2.831839e-06  -9.672601e-07   6.060782e-11   9.436001e-01   3.223018e-01  -2.019520e-05
  -2.759106e-06  -1.142046e-06   7.507361e-11   9.193648e-01   3.805423e-01  -2.501536e-05
  -2.675320e-06  -1.312255e-06   8.923858e-11   8.914465e-01   4.372580e-01  -2.973528e-05
  -2.580749e-06  -1.477174e-06   1.030437e-10   8.599342e-01   4.922106e-01  -3.433531e-05
  -2.475707e-06  -1.636098e-06   1.164307e-10   8.249332e-01   5.451661e-01  -3.879601e-05
  -2.360560e-06  -1.788343e-06   1.293424e-10   7.865649e-01   5.958959e-01  -4.309832e-05
  -2.235719e-06  -1.933243e-06   1.417228e-10   7.449663e-01   6.441781e-01  -4.722361e-05
  -2.101641e-06  -2.070155e-06   1.535176e-10   7.002902e-01   6.897988e-01  -5.115378e-05
  -1.958831e-06  -2.198465e-06   1.646746e-10   6.527044e-01   7.325530e-01  -5.487139e-05
  -1.807838e-06  -2.317589e-06   1.751434e-10   6.023916e-01   7.722463e-01  -5.835971e-05
  -1.649250e-06  -2.426977e-06   1.848764e-10   5.495485e-01   8.086956e-01  -6.160288e-05
  -1.483700e-06  -2.526117e-06   1.938289e-10   4.943854e-01   8.417303e-01  -6.458594e-05
  -1.311857e-06  -2.614541e-06   2.019590e-10   4.371252e-01   8.711940e-01  -6.729499e-05
  -1.134423e-06  -2.691822e-06   2.092285e-10   3.780022e-01   8.969449e-01  -6.971725e-05
  -9.521343e-07  -2.757583e-06   2.156025e-10   3.172617e-01   9.188572e-01  -7.184114e-05
  -7.657559e-07  -2.811496e-06   2.210502e-10   2.551584e-01   9.368218e-01  -7.365639e-05
  -5.760766e-07  -2.853289e-06   2.255449e-10   1.919551e-01   9.507475e-01  -7.515407e-05
  -3.839063e-07  -2.882741e-06   2.290642e-10   1.279218e-01   9.605613e-01  -7.632672e-05
  -1.900714e-07  -2.899691e-06   2.315900e-10   6.333390e-02   9.662094e-01  -7.716836e-05
   4.589432e-09  -2.904037e-06   2.331091e-10  -1.529250e-03   9.676573e-01  -7.767455e-05
   1.992300e-07  -2.895734e-06   2.336130e-10  -6.638566e-02   9.648908e-01  -7.784243e-05
   3.930014e-07  -2.874800e-06   2.330978e-10  -1.309524e-01   9.579154e-01  -7.767077e-05
   5.850566e-07  -2.841313e-06   2.315648e-10  -1.949474e-01   9.467572e-01  -7.715995e-05
   7.745553e-07  -2.795412e-06   2.290199e-10  -2.580904e-01   9.314621e-01  -7.631198e-05
   9.606691e-07  -2.737293e-06   2.254742e-10  -3.201056e-01   9.120964e-01  -7.513051e-05
   1.142586e-06  -2.667215e-06   2.209434e-10  -3.807222e-01   8.887455e-01  -7.362078e-05
   1.319513e-06  -2.585491e-06   2.154478e-10  -4.396765e-01   8.615141e-01  -7.178961e-05
   1.490687e-06  -2.492490e-06   2.090127e-10  -4.967133e-01   8.305255e-01  -6.964534e-05
   1.655369e-06  -2.388637e-06   2.016673e-10  -5.515873e-01   7.959203e-01  -6.719780e-05
   1.812858e-06  -2.274402e-06   1.934456e-10  -6.040643e-01   7.578562e-01  -6.445823e-05
   1.962487e-06  -2.150307e-06   1.843852e-10  -6.539225e-01   7.165063e-01  -6.143920e-05
   2.103633e-06  -2.016916e-06   1.745276e-10  -7.009537e-01   6.720587e-01  -5.815454e-05
   2.235713e-06  -1.874832e-06   1.639179e-10  -7.449643e-01   6.247147e-01  -5.461926e-05
   2.358192e-06  -1.724696e-06   1.526042e-10  -7.857759e-01   5.746880e-01  -5.084942e-05
   2.470585e-06  -1.567183e-06   1.406377e-10  -8.232265e-01   5.222028e-01  -4.686206e-05
   2.572456e-06  -1.402994e-06   1.280722e-10  -8.571708e-01   4.674933e-01  -4.267508e-05
   2.663419e-06  -1.232856e-06   1.149636e-10  -8.874808e-01   4.108014e-01  -3.830716e-05
   2.743145e-06  -1.057516e-06   1.013699e-10  -9.140463e-01   3.523760e-01  -3.377758e-05
   2.811355e-06  -8.777350e-07   8.735058e-11  -9.367747e-01   2.924711e-01  -2.910618e-05
   2.867826e-06  -6.942886e-07   7.296647e-11  -9.555916e-01   2.313447e-01  -2.431324e-05
   2.912390e-06  -5.079586e-07   5.827932e-11  -9.704407e-01   1.692575e-01  -1.941932e-05
   2.944930e-06  -3.195308e-07   4.335152e-11  -9.812835e-01   1.064712e-01  -1.444521e-05
   2.965385e-06  -1.297909e-07   2.824573e-11  -9.880992e-01   4.324776e-02  -9.411792e-06
   2.973743e-06   6.047932e-08   1.302467e-11  -9.908843e-01  -2.015238e-02  -4.339965e-06
   2.970046e-06   2.505051e-07  -2.249258e-12  -9.896524e-01  -8.347109e-02   7.494777e-07
   2.954384e-06   4.395225e-07  -1.751419e-11  -9.844336e-01  -1.464538e-01   5.835923e-06
   2.926895e-06   6.267813e-07  -3.270908e-11  -9.752739e-01  -2.088505e-01   1.089903e-05
   2.887763e-06   8.115477e-07  -4.777392e-11  -9.622348e-01  -2.704167e-01   1.591880e-05
   2.837218e-06   9.931072e-07  -6.265000e-11  -9.453925e-01  -3.309144e-01   2.087568e-05
   2.775529e-06   1.170767e-06  -7.728010e-11  -9.248372e-01  -3.901127e-01   2.575059e-05
   2.703009e-06   1.343859e-06  -9.160866e-11  -9.006726e-01  -4.477887e-01   3.052502e-05
   2.620005e-06   1.511740e-06  -1.055820e-10  -8.730148e-01  -5.037284e-01   3.518109e-05
   2.526903e-06   1.673794e-06  -1.191484e-10  -8.419920e-01  -5.577267e-01   3.970158e-05
   2.424119e-06   1.829436e-06  -1.322584e-10  -8.077433e-01  -6.095885e-01   4.406998e-05
   2.312102e-06   1.978112e-06  -1.448648e-10  -7.704181e-01  -6.591289e-01   4.827056e-05
   2.191330e-06   2.119298e-06  -1.569227e-10  -7.301756e-01  -7.061736e-01   5.228837e-05
   2.062306e-06   2.252504e-06  -1.683897e-10  -6.871834e-01  -7.505594e-01   5.610930e-05
   1.925558e-06   2.377275e-06  -1.792260e-10  -6.416174e-01  -7.921343e-01   5.972011e-05
   1.781636e-06   2.493188e-06  -1.893947e-10  -5.936608e-01  -8.307579e-01   6.310842e-05
   1.631107e-06   2.599859e-06  -1.988612e-10  -5.435030e-01  -8.663018e-01   6.626277e-05
   1.474560e-06   2.696936e-06  -2.075940e-10  -4.913396e-01  -8.986490e-01   6.917262e-05
   1.312595e-06   2.784106e-06  -2.155641e-10  -4.373711e-01  -9.276952e-01   7.182837e-05
   1.145827e-06   2.861092e-06  -2.227457e-10  -3.818024e-01  -9.533476e-01   7.422135e-05
   9.748843e-07   2.927652e-06  -2.291156e-10  -3.248423e-01  -9.755260e-01   7.634388e-05
   8.004011e-07   2.983581e-06  -2.346536e-10  -2.667025e-01  -9.941623e-01   7.818920e-05
   6.230208e-07   3.028713e-06  -2.393424e-10  -2.075975e-01  -1.009201e+00   7.975155e-05
   4.433921e-07   3.062916e-06  -2.431675e-10  -1.477432e-01  -1.020597e+00   8.102613e-05
   2.621674e-07   3.086095e-06  -2.461175e-10  -8.735709e-02  -1.028321e+00   8.200910e-05
   8.000111e-08   3.098194e-06  -2.481838e-10  -2.665726e-02  -1.032353e+00   8.269760e-05
  -1.024521e-07   3.099189e-06  -2.493607e-10   3.413817e-02  -1.032684e+00   8.308974e-05
  -2.845389e-07   3.089096e-06  -2.496453e-10   9.481151e-02  -1.029321e+00   8.318459e-05
  -4.656090e-07   3.067964e-06  -2.490378e-10   1.551461e-01  -1.022280e+00   8.298218e-05
  -6.450168e-07   3.035878e-06  -2.475412e-10   2.149268e-01  -1.011588e+00   8.248349e-05
  -8.221230e-07   2.992959e-06  -2.451613e-10   2.739405e-01  -9.972872e-01   8.169047e-05
  -9.962959e-07   2.939362e-06  -2.419067e-10   3.319769e-01  -9.794280e-01   8.060600e-05
  -1.166914e-06   2.875275e-06  -2.377888e-10   3.888286e-01  -9.580736e-01   7.923388e-05
  -1.333365e-06   2.800923e-06  -2.328220e-10   4.442919e-01  -9.332986e-01   7.757886e-05
  -1.495051e-06   2.716561e-06  -2.270230e-10   4.981675e-01  -9.051881e-01   7.564659e-05
  -1.651387e-06   2.622478e-06  -2.204118e-10   5.502604e-01  -8.738387e-01   7.344364e-05
  -1.801804e-06   2.518996e-06  -2.130105e-10   6.003810e-01  -8.393573e-01   7.097747e-05
  -1.945750e-06   2.406468e-06  -2.048443e-10   6.483456e-01  -8.018618e-01   6.825640e-05
  -2.082693e-06   2.285278e-06  -1.959408e-10   6.939763e-01  -7.614800e-01   6.528965e-05
  -2.212118e-06   2.155840e-06  -1.863301e-10   7.371024e-01  -7.183500e-01   6.208727e-05
  -2.333536e-06   2.018600e-06  -1.760450e-10   7.775601e-01  -6.726198e-01   5.866015e-05
  -2.446479e-06   1.874028e-06  -1.651205e-10   8.151939e-01  -6.244468e-01   5.501999e-05
  -2.550504e-06   1.722625e-06  -1.535942e-10   8.498562e-01  -5.739979e-01   5.117930e-05
  -2.645196e-06   1.564920e-06  -1.415059e-10   8.814086e-01  -5.214488e-01   4.715134e-05
  -2.730168e-06   1.401465e-06  -1.288977e-10   9.097222e-01  -4.669837e-01   4.295013e-05
  -2.805062e-06   1.232837e-06  -1.158137e-10   9.346778e-01  -4.107950e-01   3.859040e-05
  -2.869553e-06   1.059638e-06  -1.023002e-10   9.561670e-01  -3.530831e-01   3.408757e-05
  -2.923350e-06   8.824898e-07  -8.840554e-11   9.740925e-01  -2.940554e-01   2.945771e-05
  -2.966193e-06   7.020361e-07  -7.417969e-11   9.883685e-01  -2.339262e-01   2.471750e-05
  -2.997864e-06   5.189385e-07  -5.967447e-11   9.989215e-01  -1.729161e-01   1.988420e-05
  -3.018178e-06   3.338760e-07  -4.494326e-11   1.005691e+00  -1.112512e-01   1.497559e-05
  -3.026994e-06   1.475420e-07  -3.004087e-11   1.008628e+00  -4.916264e-02   1.000995e-05
  -3.024208e-06  -3.935667e-08  -1.502340e-11   1.007700e+00   1.311408e-02   5.005965e-06
  -3.009761e-06  -2.261029e-07   5.193034e-14   1.002886e+00   7.533999e-02  -1.730376e-08
  -2.983637e-06  -4.119711e-07   1.512700e-11   9.941809e-01   1.372733e-01  -5.040485e-06
  -2.945864e-06  -5.962301e-07   3.014296e-11   9.815946e-01   1.986705e-01  -1.004397e-05
  -2.896518e-06  -7.781459e-07   4.504042e-11   9.651518e-01   2.592868e-01  -1.500797e-05
  -2.835718e-06  -9.569840e-07   5.975972e-11   9.448928e-01   3.188777e-01  -1.991260e-05
  -2.763635e-06  -1.132013e-06   7.424116e-11   9.208738e-01   3.771994e-01  -2.473798e-05
  -2.680484e-06  -1.302508e-06   8.842522e-11   8.931670e-01   4.340102e-01  -2.946427e-05
  -2.586531e-06  -1.467753e-06   1.022528e-10   8.618607e-01   4.890717e-01  -3.407178e-05
  -2.482088e-06  -1.627045e-06   1.156657e-10   8.270592e-01   5.421494e-01  -3.854110e-05
  -2.367517e-06  -1.779696e-06   1.286065e-10   7.888829e-01   5.930146e-01  -4.285313e-05
  -2.243226e-06  -1.925040e-06   1.410193e-10   7.474678e-01   6.414448e-01  -4.698920e-05
  -2.109672e-06  -2.062434e-06   1.528496e-10   7.029660e-01   6.872258e-01  -5.093119e-05
  -1.967354e-06  -2.191259e-06   1.640450e-10   6.555443e-01   7.301520e-01  -5.466160e-05
  -1.816820e-06  -2.310932e-06   1.745551e-10   6.053846e-01   7.700282e-01  -5.816369e-05
  -1.658657e-06  -2.420899e-06   1.843321e-10   5.526829e-01   8.066706e-01  -6.142151e-05
  -1.493493e-06  -2.520648e-06   1.933311e-10   4.976486e-01   8.399080e-01  -6.442006e-05
  -1.321996e-06  -2.609706e-06   2.015101e-10   4.405038e-01   8.695831e-01  -6.714539e-05
  -1.144867e-06  -2.687645e-06   2.088305e-10   3.814824e-01   8.955533e-01  -6.958463e-05
  -9.628400e-07  -2.754085e-06   2.152574e-10   3.208290e-01   9.176916e-01  -7.172615e-05
  -7.766778e-07  -2.808694e-06   2.207597e-10   2.587977e-01   9.358882e-01  -7.355957e-05
  -5.871682e-07  -2.851197e-06   2.253104e-10   1.956510e-01   9.500506e-01  -7.507592e-05
  -3.951201e-07  -2.881371e-06   2.288868e-10   1.316584e-01   9.601049e-01  -7.626762e-05
  -2.013590e-07  -2.899051e-06   2.314707e-10   6.709505e-02   9.659960e-01  -7.712862e-05
  -6.723024e-09  -2.904130e-06   2.330486e-10   2.240186e-03   9.676884e-01  -7.765438e-05
   1.879420e-07  -2.896562e-06   2.336116e-10  -6.262435e-02   9.651667e-01  -7.784196e-05
   3.817870e-07  -2.876360e-06   2.331556e-10  -1.272157e-01   9.584352e-01  -7.769003e-05
   5.739650e-07  -2.843599e-06   2.316815e-10  -1.912515e-01   9.475189e-01  -7.719886e-05
   7.636350e-07  -2.798414e-06   2.291952e-10  -2.544516e-01   9.324625e-01  -7.637039e-05
   9.499677e-07  -2.740998e-06   2.257072e-10  -3.165398e-01   9.133310e-01  -7.520816e-05
   1.132150e-06  -2.671606e-06   2.212331e-10  -3.772449e-01   8.902088e-01  -7.371732e-05
   1.309388e-06  -2.590549e-06   2.157929e-10  -4.363028e-01   8.631996e-01  -7.190460e-05
   1.480916e-06  -2.498193e-06   2.094116e-10  -4.934578e-01   8.324255e-01  -6.977826e-05
   1.645995e-06  -2.394957e-06   2.021182e-10  -5.484639e-01   7.980262e-01  -6.734804e-05
   1.803920e-06  -2.281312e-06   1.939464e-10  -6.010863e-01   7.601583e-01  -6.462510e-05
   1.954024e-06  -2.157774e-06   1.849336e-10  -6.511024e-01   7.189943e-01  -6.162193e-05
   2.095678e-06  -2.024906e-06   1.751211e-10  -6.983032e-01   6.747212e-01  -5.835230e-05
   2.228300e-06  -1.883310e-06   1.645538e-10  -7.424942e-01   6.275397e-01  -5.483114e-05
   2.351351e-06  -1.733624e-06   1.532796e-10  -7.834962e-01   5.776627e-01  -5.107447e-05
   2.464342e-06  -1.576520e-06   1.413496e-10  -8.211462e-01   5.253140e-01  -4.709926e-05
   2.566835e-06  -1.412699e-06   1.288174e-10  -8.552978e-01   4.707271e-01  -4.292337e-05
   2.658441e-06  -1.242887e-06   1.157387e-10  -8.858220e-01   4.141436e-01  -3.856543e-05
   2.738827e-06  -1.067827e-06   1.021716e-10  -9.126076e-01   3.558120e-01  -3.404470e-05
   2.807713e-06  -8.882835e-07   8.817532e-11  -9.355611e-01   2.959859e-01  -2.938099e-05
   2.864871e-06  -7.050287e-07   7.381071e-11  -9.546069e-01   2.349234e-01  -2.459455e-05
   2.910130e-06  -5.188447e-07   5.913946e-11  -9.696877e-01   1.728848e-01  -1.970593e-05
   2.943371e-06  -3.305172e-07   4.422392e-11  -9.807639e-01   1.101320e-01  -1.473590e-05
   2.964528e-06  -1.408320e-07   2.912676e-11  -9.878137e-01   4.692679e-02  -9.705359e-06
   2.973588e-06   4.942865e-08   1.391068e-11  -9.908326e-01  -1.647018e-02  -4.635193e-06
   2.970589e-06   2.394897e-07  -1.361878e-12  -9.898334e-01  -7.980061e-02   4.537928e-07
   2.955619e-06   4.285863e-07  -1.662901e-11  -9.848450e-01  -1.428097e-01   5.540971e-06
   2.928812e-06   6.159674e-07  -3.182962e-11  -9.759126e-01  -2.052472e-01   1.060598e-05
   2.890351e-06   8.008983e-07  -4.690363e-11  -9.630969e-01  -2.668682e-01   1.562881e-05
   2.840461e-06   9.826632e-07  -6.179225e-11  -9.464731e-01  -3.274343e-01   2.058987e-05
   2.779412e-06   1.160568e-06  -7.643817e-11  -9.261308e-01  -3.867142e-01   2.547005e-05
   2.707511e-06   1.333943e-06  -9.078573e-11  -9.021727e-01  -4.444847e-01   3.025081e-05
   2.625106e-06   1.502143e-06  -1.047811e-10  -8.747144e-01  -5.005309e-01   3.491424e-05
   2.532579e-06   1.664553e-06  -1.183726e-10  -8.438833e-01  -5.546474e-01   3.944306e-05
   2.430345e-06   1.820583e-06  -1.315104e-10  -8.098179e-01  -6.066384e-01   4.382073e-05
   2.318852e-06   1.969678e-06  -1.441473e-10  -7.726672e-01  -6.563185e-01   4.803147e-05
   2.198575e-06   2.111312e-06  -1.562382e-10  -7.325896e-01  -7.035127e-01   5.206029e-05
   2.070016e-06   2.244995e-06  -1.677406e-10  -6.897523e-01  -7.480571e-01   5.589303e-05
   1.933702e-06   2.370267e-06  -1.786146e-10  -6.443309e-01  -7.897992e-01   5.951638e-05
   1.790180e-06   2.486706e-06  -1.888230e-10  -5.965080e-01  -8.285979e-01   6.291793e-05
   1.640020e-06   2.593923e-06  -1.983312e-10  -5.464727e-01  -8.643239e-01   6.608617e-05
   1.483805e-06   2.691566e-06  -2.071074e-10  -4.944204e-01  -8.968598e-01   6.901049e-05
   1.322138e-06   2.779320e-06  -2.151226e-10  -4.405511e-01  -9.261003e-01   7.168124e-05
   1.155633e-06   2.856904e-06  -2.223507e-10  -3.850697e-01  -9.519521e-01   7.408971e-05
   9.849150e-07   2.924075e-06  -2.287683e-10  -3.281846e-01  -9.743343e-01   7.622813e-05
   8.106198e-07   2.980627e-06  -2.343551e-10  -2.701075e-01  -9.931779e-01   7.808972e-05
   6.333901e-07   3.026389e-06  -2.390936e-10  -2.110526e-01  -1.008427e+00   7.966864e-05
   4.538742e-07   3.061230e-06  -2.429692e-10  -1.512359e-01  -1.020036e+00   8.096005e-05
   2.727243e-07   3.085052e-06  -2.459703e-10  -9.087475e-02  -1.027973e+00   8.196004e-05
   9.059472e-08   3.097795e-06  -2.480881e-10  -3.018716e-02  -1.032220e+00   8.266570e-05
  -9.185971e-08   3.099435e-06  -2.493167e-10   3.060868e-02  -1.032766e+00   8.307509e-05
  -2.739856e-07   3.089985e-06  -2.496532e-10   9.129504e-02  -1.029617e+00   8.318721e-05
  -4.551325e-07   3.069492e-06  -2.490975e-10   1.516552e-01  -1.022789e+00   8.300205e-05
  -6.346544e-07   3.038039e-06  -2.476524e-10   2.114739e-01  -1.012308e+00   8.252053e-05
  -8.119115e-07   2.995745e-06  -2.453236e-10   2.705379e-01  -9.982156e-01   8.174453e-05
  -9.862720e-07   2.942763e-06  -2.421194e-10   3.286368e-01  -9.805614e-01   8.067689e-05
  -1.157113e-06   2.879280e-06  -2.380514e-10   3.855629e-01  -9.594081e-01   7.932135e-05
  -1.323823e-06   2.805517e-06  -2.331333e-10   4.411124e-01  -9.348295e-01   7.768262e-05
  -1.485801e-06   2.721729e-06  -2.273822e-10   4.950855e-01  -9.069102e-01   7.576628e-05
  -1.642464e-06   2.628202e-06  -2.208175e-10   5.472872e-01  -8.757461e-01   7.357886e-05
  -1.793240e-06   2.525257e-06  -2.134615e-10   5.975275e-01  -8.414435e-01   7.112775e-05
  -1.937577e-06   2.413244e-06  -2.053390e-10   6.456221e-01  -8.041196e-01   6.842124e-05
  -2.074940e-06   2.292546e-06  -1.964775e-10   6.913932e-01  -7.639017e-01   6.546849e-05
  -2.204816e-06   2.163575e-06  -1.869070e-10   7.346692e-01  -7.209274e-01   6.227950e-05
  -2.326712e-06   2.026775e-06  -1.766601e-10   7.752863e-01  -6.753440e-01   5.886512e-05
  -2.440159e-06   1.882616e-06  -1.657718e-10   8.130882e-01  -6.273084e-01   5.523700e-05
  -2.544714e-06   1.731596e-06  -1.542794e-10   8.479269e-01  -5.769870e-01   5.140760e-05
  -2.639959e-06   1.574242e-06  -1.422226e-10   8.796636e-01  -5.245548e-01   4.739014e-05
  -2.725505e-06   1.411105e-06  -1.296433e-10   9.081686e-01  -4.701958e-01   4.319860e-05
  -2.800994e-06   1.242761e-06  -1.165857e-10   9.333223e-01  -4.141018e-01   3.884766e-05
  -2.866098e-06   1.069811e-06  -1.030959e-10   9.550156e-01  -3.564727e-01   3.435270e-05
  -2.920522e-06   8.928744e-07  -8.922202e-11   9.731505e-01  -2.975157e-01   2.972977e-05
  -2.964009e-06   7.125947e-07  -7.501401e-11   9.876406e-01  -2.374445e-01   2.499550e-05
  -2.996333e-06   5.296324e-07  -6.052357e-11   9.984116e-01  -1.764794e-01   2.016712e-05
  -3.017312e-06   3.446651e-07  -4.580399e-11   1.005402e+00  -1.148462e-01   1.526240e-05
  -3.026798e-06   1.583857e-07  -3.091002e-11   1.008563e+00  -5.277589e-02   1.029956e-05
  -3.024688e-06  -2.849969e-08  -1.589769e-11   1.007860e+00   9.496412e-03   5.297286e-06
  -3.010919e-06  -2.152745e-07  -8.241303e-13   1.003272e+00   7.173186e-02   2.746094e-07
  -2.985473e-06  -4.012137e-07   1.425256e-11   9.947927e-01   1.336889e-01  -4.749112e-06
  -2.948375e-06  -5.855863e-07   2.927357e-11   9.824314e-01   1.951238e-01  -9.754278e-06
  -2.899698e-06  -7.676582e-07   4.417954e-11   9.662115e-01   2.557922e-01  -1.472111e-05
  -2.839560e-06  -9.466951e-07   5.891083e-11   9.461728e-01   3.154493e-01  -1.962974e-05
  -2.768126e-06  -1.121965e-06   7.340771e-11   9.223703e-01   3.738513e-01  -2.446026e-05
  -2.685611e-06  -1.292744e-06   8.761066e-11   8.948755e-01   4.307565e-01  -2.919285e-05
  -2.592277e-06  -1.458313e-06   1.014606e-10   8.637755e-01   4.859260e-01  -3.380780e-05
  -2.488434e-06  -1.617969e-06   1.148991e-10   8.291738e-01   5.391252e-01  -3.828567e-05
  -2.374440e-06  -1.771025e-06   1.278689e-10   7.911899e-01   5.901250e-01  -4.260734e-05
  -2.250702e-06  -1.916811e-06   1.403138e-10   7.499590e-01   6.387027e-01  -4.675413e-05
  -2.117672e-06  -2.054683e-06   1.521794e-10   7.056319e-01   6.846432e-01  -5.070788e-05
  -1.975850e-06  -2.184023e-06   1.634131e-10   6.583750e-01   7.277406e-01  -5.445105e-05
  -1.825777e-06  -2.304242e-06   1.739643e-10   6.083691e-01   7.677991e-01  -5.796683e-05
  -1.668040e-06  -2.414788e-06   1.837852e-10   5.558094e-01   8.046341e-01  -6.123926e-05
  -1.503265e-06  -2.515144e-06   1.928305e-10   5.009046e-01   8.380738e-01  -6.425327e-05
  -1.332117e-06  -2.604835e-06   2.010582e-10   4.438761e-01   8.679598e-01  -6.699482e-05
  -1.155295e-06  -2.683430e-06   2.084295e-10   3.849571e-01   8.941487e-01  -6.945101e-05
  -9.735317e-07  -2.750547e-06   2.149091e-10   3.243916e-01   9.165127e-01  -7.161011e-05
  -7.875883e-07  -2.805852e-06   2.204659e-10   2.624332e-01   9.349409e-01  -7.346169e-05
  -5.982512e-07  -2.849064e-06   2.250725e-10   1.993439e-01   9.493398e-01  -7.499667e-05
  -4.063280e-07  -2.879959e-06   2.287061e-10   1.353930e-01   9.596344e-01  -7.620741e-05
  -2.126436e-07  -2.898368e-06   2.313481e-10   7.085521e-02   9.657684e-01  -7.708775e-05
  -1.803538e-08  -2.904181e-06   2.329847e-10   6.009589e-03   9.677054e-01  -7.763308e-05
   1.766511e-07  -2.897348e-06   2.336067e-10  -5.886212e-02   9.654284e-01  -7.784035e-05
   3.705670e-07  -2.877878e-06   2.332099e-10  -1.234771e-01   9.589410e-01  -7.770814e-05
   5.628649e-07  -2.845843e-06   2.317949e-10  -1.875528e-01   9.482666e-01  -7.723664e-05
   7.527033e-07  -2.801374e-06   2.293671e-10  -2.508091e-01   9.334490e-01  -7.642767e-05
   9.392523e-07  -2.744663e-06   2.259370e-10  -3.129693e-01   9.145521e-01  -7.528470e-05
   1.121697e-06  -2.675958e-06   2.215196e-10  -3.737620e-01   8.916590e-01  -7.381278e-05
   1.299244e-06  -2.595569e-06   2.161349e-10  -4.329226e-01   8.648724e-01  -7.201854e-05
   1.471124e-06  -2.503858e-06   2.098074e-10  -4.901950e-01   8.343133e-01  -6.991016e-05
   1.636597e-06  -2.401242e-06   2.025662e-10  -5.453324e-01   8.001204e-01  -6.749729e-05
   1.794957e-06  -2.288187e-06   1.944444e-10  -5.980995e-01   7.624494e-01  -6.479102e-05
   1.945532e-06  -2.165209e-06   1.854793e-10  -6.482728e-01   7.214718e-01  -6.180376e-05
   2.087693e-06  -2.032867e-06   1.757121e-10  -6.956426e-01   6.773739e-01  -5.854921e-05
   2.220855e-06  -1.891760e-06   1.651873e-10  -7.400134e-01   6.303556e-01  -5.504223e-05
   2.344475e-06  -1.742526e-06   1.539528e-10  -7.812052e-01   5.806291e-01  -5.129878e-05
   2.458063e-06  -1.585835e-06   1.420594e-10  -8.190540e-01   5.284177e-01  -4.733578e-05
   2.561177e-06  -1.422384e-06   1.295607e-10  -8.534125e-01   4.739542e-01  -4.317105e-05
   2.653425e-06  -1.252899e-06   1.165122e-10  -8.841506e-01   4.174800e-01  -3.882316e-05
   2.734471e-06  -1.078124e-06   1.029718e-10  -9.111561e-01   3.592429e-01  -3.431135e-05
   2.804031e-06  -8.988195e-07   8.899881e-11  -9.343343e-01   2.994966e-01  -2.965539e-05
   2.861876e-06  -7.157589e-07   7.465392e-11  -9.536088e-01   2.384988e-01  -2.487551e-05
   2.907830e-06  -5.297235e-07   5.999878e-11  -9.689211e-01   1.765098e-01  -1.999226e-05
   2.941771e-06  -3.414990e-07   4.509571e-11  -9.802306e-01   1.137913e-01  -1.502639e-05
   2.963630e-06  -1.518712e-07   3.000738e-11  -9.875146e-01   5.060517e-02  -9.998793e-06
   2.973393e-06   3.837731e-08   1.479650e-11  -9.907674e-01  -1.278774e-02  -4.930357e-06
   2.971092e-06   2.284709e-07  -4.744791e-13  -9.900009e-01  -7.612905e-02   1.581017e-07
   2.956813e-06   4.176443e-07  -1.574361e-11  -9.852431e-01  -1.391637e-01   5.245945e-06
   2.930689e-06   6.051453e-07  -3.094973e-11  -9.765383e-01  -2.016411e-01   1.031279e-05
   2.892899e-06   7.902382e-07  -4.603272e-11  -9.639461e-01  -2.633161e-01   1.533861e-05
   2.843666e-06   9.722062e-07  -6.093369e-11  -9.475412e-01  -3.239499e-01   2.030378e-05
   2.783257e-06   1.150354e-06  -7.559524e-11  -9.274121e-01  -3.833107e-01   2.518917e-05
   2.711977e-06   1.324010e-06  -8.996162e-11  -9.036610e-01  -4.411748e-01   2.997621e-05
   2.630172e-06   1.492528e-06  -1.039789e-10  -8.764026e-01  -4.973268e-01   3.464693e-05
   2.538222e-06   1.655290e-06  -1.175952e-10  -8.457637e-01  -5.515609e-01   3.918402e-05
   2.436540e-06   1.811706e-06  -1.307607e-10  -8.118822e-01  -6.036805e-01   4.357091e-05
   2.325572e-06   1.961218e-06  -1.434279e-10  -7.749064e-01  -6.534997e-01   4.779176e-05
   2.205792e-06   2.103300e-06  -1.555517e-10  -7.349942e-01  -7.008428e-01   5.183154e-05
   2.077700e-06   2.237457e-06  -1.670894e-10  -6.923125e-01  -7.455454e-01   5.567604e-05
   1.941821e-06   2.363229e-06  -1.780010e-10  -6.470363e-01  -7.874542e-01   5.931191e-05
   1.798703e-06   2.480192e-06  -1.882490e-10  -5.993477e-01  -8.264275e-01   6.272666e-05
   1.648912e-06   2.587955e-06  -1.977988e-10  -5.494356e-01  -8.623353e-01   6.590875e-05
   1.493032e-06   2.686163e-06  -2.066183e-10  -4.974950e-01  -8.950595e-01   6.884751e-05
   1.331665e-06   2.774499e-06  -2.146784e-10  -4.437257e-01  -9.244940e-01   7.153323e-05
   1.165424e-06   2.852681e-06  -2.219528e-10  -3.883322e-01  -9.505449e-01   7.395715e-05
   9.949336e-07   2.920463e-06  -2.284181e-10  -3.315229e-01  -9.731306e-01   7.611145e-05
   8.208287e-07   2.977636e-06  -2.340537e-10  -2.735092e-01  -9.921814e-01   7.798929e-05
   6.437517e-07   3.024029e-06  -2.388419e-10  -2.145052e-01  -1.007640e+00   7.958477e-05
   4.643507e-07   3.059507e-06  -2.427680e-10  -1.547268e-01  -1.019462e+00   8.089299e-05
   2.832778e-07   3.083971e-06  -2.458201e-10  -9.439130e-02  -1.027613e+00   8.190999e-05
   1.011872e-07   3.097358e-06  -2.479894e-10  -3.371671e-02  -1.032074e+00   8.263281e-05
  -8.126623e-08   3.099643e-06  -2.492697e-10   2.707881e-02  -1.032836e+00   8.305944e-05
  -2.634290e-07   3.090836e-06  -2.496581e-10   8.777747e-02  -1.029901e+00   8.318884e-05
  -4.446505e-07   3.070983e-06  -2.491541e-10   1.481625e-01  -1.023285e+00   8.302092e-05
  -6.242843e-07   3.040164e-06  -2.477606e-10   2.080185e-01  -1.013016e+00   8.255657e-05
  -8.016904e-07   2.998496e-06  -2.454828e-10   2.671321e-01  -9.991320e-01   8.179761e-05
  -9.762362e-07   2.946129e-06  -2.423293e-10   3.252927e-01  -9.816830e-01   8.074681e-05
  -1.147298e-06   2.883251e-06  -2.383110e-10   3.822925e-01  -9.607311e-01   7.940787e-05
  -1.314264e-06   2.810078e-06  -2.334419e-10   4.379275e-01  -9.363491e-01   7.778544e-05
  -1.476534e-06   2.726864e-06  -2.277387e-10   4.919976e-01  -9.086214e-01   7.588505e-05
  -1.633521e-06   2.633894e-06  -2.212207e-10   5.443074e-01  -8.776429e-01   7.371318e-05
  -1.784654e-06   2.531487e-06  -2.139099e-10   5.946667e-01  -8.435195e-01   7.127717e-05
  -1.929380e-06   2.419990e-06  -2.058312e-10   6.428909e-01  -8.063676e-01   6.858525e-05
  -2.067163e-06   2.299786e-06  -1.970118e-10   6.888016e-01  -7.663141e-01   6.564653e-05
  -2.197487e-06   2.171284e-06  -1.874817e-10   7.322271e-01  -7.234960e-01   6.247098e-05
  -2.319860e-06   2.034926e-06  -1.772731e-10   7.730030e-01  -6.780599e-01   5.906938e-05
  -2.433810e-06   1.891180e-06  -1.664210e-10   8.109724e-01  -6.301623e-01   5.545334e-05
  -2.538893e-06   1.740545e-06  -1.549626e-10   8.459872e-01  -5.799689e-01   5.163527e-05
  -2.634689e-06   1.583544e-06  -1.429375e-10   8.779076e-01  -5.276544e-01   4.762836e-05
  -2.720809e-06   1.420727e-06  -1.303874e-10   9.066037e-01  -4.734020e-01   4.344653e-05
  -2.796891e-06   1.252670e-06  -1.173563e-10   9.319551e-01  -4.174034e-01   3.910443e-05
  -2.862606e-06   1.079970e-06  -1.038903e-10   9.538522e-01  -3.598579e-01   3.461741e-05
  -2.917659e-06   9.032478e-07  -9.003738e-11   9.721962e-01  -3.009722e-01   3.000146e-05
  -2.961786e-06   7.231444e-07  -7.584737e-11   9.869001e-01  -2.409597e-01   2.527319e-05
  -2.994765e-06   5.403194e-07  -6.137189e-11   9.978889e-01  -1.800404e-01   2.044980e-05
  -3.016407e-06   3.554497e-07  -4.666414e-11   1.005100e+00  -1.184398e-01   1.554901e-05
  -3.026564e-06   1.692274e-07  -3.177878e-11   1.008485e+00  -5.638845e-02   1.058904e-05
  -3.025129e-06  -1.764233e-08  -1.677176e-11   1.008007e+00   5.878622e-03   5.588537e-06
  -3.012038e-06  -2.044434e-07  -1.700180e-12   1.003645e+00   6.812280e-02   5.665190e-07
  -2.987270e-06  -3.904510e-07   1.337793e-11   9.953915e-01   1.301026e-01  -4.457676e-06
  -2.950847e-06  -5.749346e-07   2.840379e-11   9.832551e-01   1.915746e-01  -9.464459e-06
  -2.902840e-06  -7.571603e-07   4.331808e-11   9.672584e-01   2.522942e-01  -1.443406e-05
  -2.843363e-06  -9.363935e-07   5.806114e-11   9.474400e-01   3.120167e-01  -1.934662e-05
  -2.772580e-06  -1.111903e-06   7.257327e-11   9.238544e-01   3.704983e-01  -2.418222e-05
  -2.690702e-06  -1.282961e-06   8.679491e-11   8.965717e-01   4.274969e-01  -2.892103e-05
  -2.597988e-06  -1.448852e-06   1.006670e-10   8.656785e-01   4.827737e-01  -3.354335e-05
  -2.494746e-06  -1.608871e-06   1.141310e-10   8.312771e-01   5.360937e-01  -3.802970e-05
  -2.381331e-06  -1.762328e-06   1.271295e-10   7.934860e-01   5.872274e-01  -4.236096e-05
  -2.258147e-06  -1.908555e-06   1.396064e-10   7.524396e-01   6.359516e-01  -4.651841e-05
  -2.125644e-06  -2.046904e-06   1.515071e-10   7.082880e-01   6.820510e-01  -5.048386e-05
  -1.984317e-06  -2.176755e-06   1.627789e-10   6.611964e-01   7.253190e-01  -5.423972e-05
  -1.834708e-06  -2.297520e-06   1.733711e-10   6.113450e-01   7.655591e-01  -5.776916e-05
  -1.677399e-06  -2.408642e-06   1.832356e-10   5.589280e-01   8.025862e-01  -6.105614e-05
  -1.513015e-06  -2.509603e-06   1.923272e-10   5.041534e-01   8.362275e-01  -6.408555e-05
  -1.342218e-06  -2.599925e-06   2.006034e-10   4.472420e-01   8.663240e-01  -6.684329e-05
  -1.165706e-06  -2.679176e-06   2.080254e-10   3.884262e-01   8.927312e-01  -6.931639e-05
  -9.842093e-07  -2.746969e-06   2.145578e-10   3.279495e-01   9.153206e-01  -7.149304e-05
  -7.984874e-07  -2.802968e-06   2.201689e-10   2.660649e-01   9.339801e-01  -7.336274e-05
  -6.093255e-07  -2.846890e-06   2.248314e-10   2.030340e-01   9.486153e-01  -7.491633e-05
  -4.175301e-07  -2.878505e-06   2.285220e-10   1.391257e-01   9.591499e-01  -7.614608e-05
  -2.239251e-07  -2.897643e-06   2.312220e-10   7.461434e-02   9.655267e-01  -7.704575e-05
  -2.934747e-08  -2.904189e-06   2.329173e-10   9.778904e-03   9.677081e-01  -7.761063e-05
   1.653577e-07  -2.898091e-06   2.335984e-10  -5.509902e-02   9.656759e-01  -7.783759e-05
   3.593416e-07  -2.879354e-06   2.332609e-10  -1.197366e-01   9.594326e-01  -7.772511e-05
   5.517565e-07  -2.848045e-06   2.319049e-10  -1.838514e-01   9.490003e-01  -7.727327e-05
   7.417606e-07  -2.804294e-06   2.295357e-10  -2.471629e-01   9.344218e-01  -7.648383e-05
   9.285230e-07  -2.748287e-06   2.261633e-10  -3.093942e-01   9.157597e-01  -7.536013e-05
   1.111228e-06  -2.680271e-06   2.218028e-10  -3.702736e-01   8.930961e-01  -7.390714e-05
   1.289081e-06  -2.600551e-06   2.164736e-10  -4.295361e-01   8.665325e-01  -7.213142e-05
   1.461311e-06  -2.509487e-06   2.102002e-10  -4.869250e-01   8.361888e-01  -7.004103e-05
   1.627176e-06  -2.407491e-06   2.030111e-10  -5.421930e-01   8.022028e-01  -6.764556e-05
   1.785967e-06  -2.295029e-06   1.949395e-10  -5.951039e-01   7.647293e-01  -6.495600e-05
   1.937011e-06  -2.172613e-06   1.860223e-10  -6.454337e-01   7.239388e-01  -6.198470e-05
   2.079678e-06  -2.040799e-06   1.763005e-10  -6.929718e-01   6.800167e-01  -5.874527e-05
   2.213377e-06  -1.900184e-06   1.658184e-10  -7.375219e-01   6.331623e-01  -5.525253e-05
   2.337566e-06  -1.751404e-06   1.546238e-10  -7.789030e-01   5.835871e-01  -5.152235e-05
   2.451749e-06  -1.595126e-06   1.427672e-10  -8.169501e-01   5.315137e-01  -4.757163e-05
   2.555482e-06  -1.432049e-06   1.303021e-10  -8.515150e-01   4.771745e-01  -4.341811e-05
   2.648371e-06  -1.262894e-06   1.172840e-10  -8.824666e-01   4.208103e-01  -3.908034e-05
   2.730076e-06  -1.088405e-06   1.037706e-10  -9.096916e-01   3.626688e-01  -3.457751e-05
   2.800310e-06  -9.093428e-07   8.982105e-11  -9.330944e-01   3.030031e-01  -2.992937e-05
   2.858840e-06  -7.264790e-07   7.549608e-11  -9.525974e-01   2.420709e-01  -2.515613e-05
   2.905489e-06  -5.405950e-07   6.085726e-11  -9.681410e-01   1.801322e-01  -2.027831e-05
   2.940130e-06  -3.524761e-07   4.596688e-11  -9.796838e-01   1.174489e-01  -1.531667e-05
   2.962692e-06  -1.629083e-07   3.088759e-11  -9.872019e-01   5.428286e-02  -1.029209e-05
   2.973156e-06   2.732544e-08   1.568211e-11  -9.906887e-01  -9.105139e-03  -5.225454e-06
   2.971554e-06   2.174491e-07   4.129260e-13  -9.901549e-01  -7.245645e-02  -1.375915e-07
   2.957968e-06   4.066966e-07  -1.485799e-11  -9.856279e-01  -1.355158e-01   4.950847e-06
   2.932528e-06   5.943150e-07  -3.006943e-11  -9.771508e-01  -1.980324e-01   1.001947e-05
   2.895409e-06   7.795676e-07  -4.516119e-11  -9.647825e-01  -2.597606e-01   1.504821e-05
   2.846834e-06   9.617363e-07  -6.007432e-11  -9.485967e-01  -3.204612e-01   2.001743e-05
   2.787066e-06   1.140125e-06  -7.475131e-11  -9.286813e-01  -3.799022e-01   2.490797e-05
   2.716409e-06   1.314059e-06  -8.913633e-11  -9.051375e-01  -4.378591e-01   2.970121e-05
   2.635205e-06   1.482893e-06  -1.031753e-10  -8.780794e-01  -4.941163e-01   3.437916e-05
   2.543832e-06   1.646005e-06  -1.168163e-10  -8.476332e-01  -5.484672e-01   3.892448e-05
   2.442704e-06   1.802806e-06  -1.300093e-10  -8.139360e-01  -6.007148e-01   4.332054e-05
   2.332262e-06   1.952734e-06  -1.427067e-10  -7.771357e-01  -6.506725e-01   4.755145e-05
   2.212980e-06   2.095260e-06  -1.548632e-10  -7.373896e-01  -6.981640e-01   5.160214e-05
   2.085357e-06   2.229891e-06  -1.664361e-10  -6.948640e-01  -7.430243e-01   5.545835e-05
   1.949916e-06   2.356162e-06  -1.773851e-10  -6.497335e-01  -7.850994e-01   5.910668e-05
   1.807202e-06   2.473647e-06  -1.876726e-10  -6.021799e-01  -8.242468e-01   6.253461e-05
   1.657783e-06   2.581955e-06  -1.972638e-10  -5.523917e-01  -8.603359e-01   6.573050e-05
   1.502241e-06   2.680727e-06  -2.061266e-10  -5.005635e-01  -8.932480e-01   6.868367e-05
   1.341176e-06   2.769644e-06  -2.142316e-10  -4.468948e-01  -9.228763e-01   7.138434e-05
   1.175201e-06   2.848423e-06  -2.215523e-10  -3.915900e-01  -9.491261e-01   7.382368e-05
   1.004940e-06   2.916815e-06  -2.280652e-10  -3.348571e-01  -9.719150e-01   7.599384e-05
   8.310274e-07   2.974609e-06  -2.337494e-10  -2.769076e-01  -9.911728e-01   7.788790e-05
   6.541054e-07   3.021633e-06  -2.385873e-10  -2.179552e-01  -1.006842e+00   7.949993e-05
   4.748216e-07   3.057747e-06  -2.425638e-10  -1.582158e-01  -1.018875e+00   8.082494e-05
   2.938279e-07   3.082853e-06  -2.456669e-10  -9.790671e-02  -1.027241e+00   8.185895e-05
   1.117785e-07   3.096884e-06  -2.478877e-10  -3.724584e-02  -1.031916e+00   8.259892e-05
  -7.067176e-08   3.099814e-06  -2.492198e-10   2.354861e-02  -1.032893e+00   8.304279e-05
  -2.528693e-07   3.091650e-06  -2.496599e-10   8.425885e-02  -1.030172e+00   8.318946e-05
  -4.341631e-07   3.072436e-06  -2.492078e-10   1.446680e-01  -1.023770e+00   8.303879e-05
  -6.139067e-07   3.042251e-06  -2.478657e-10   2.045605e-01  -1.013712e+00   8.259162e-05
  -7.914595e-07   3.001210e-06  -2.456392e-10   2.637231e-01  -1.000036e+00   8.184970e-05
  -9.661886e-07   2.949460e-06  -2.425362e-10   3.219448e-01  -9.827929e-01   8.081575e-05
  -1.137470e-06   2.887186e-06  -2.385678e-10   3.790176e-01  -9.620425e-01   7.949343e-05
  -1.304690e-06   2.814605e-06  -2.337477e-10   4.347373e-01  -9.378575e-01   7.788732e-05
  -1.467249e-06   2.731966e-06  -2.280924e-10   4.889037e-01  -9.103216e-01   7.600291e-05
  -1.624559e-06   2.639555e-06  -2.216211e-10   5.413210e-01  -8.795290e-01   7.384661e-05
  -1.776047e-06   2.537686e-06  -2.143558e-10   5.917987e-01  -8.455852e-01   7.142572e-05
  -1.921160e-06   2.426707e-06  -2.063209e-10   6.401518e-01  -8.086059e-01   6.874843e-05
  -2.059360e-06   2.306998e-06  -1.975438e-10   6.862016e-01  -7.687173e-01   6.582378e-05
  -2.190131e-06   2.178966e-06  -1.880540e-10   7.297760e-01  -7.260557e-01   6.266169e-05
  -2.312979e-06   2.043052e-06  -1.778839e-10   7.707101e-01  -6.807675e-01   5.927291e-05
  -2.427430e-06   1.899722e-06  -1.670682e-10   8.088468e-01  -6.330084e-01   5.566899e-05
  -2.533040e-06   1.749472e-06  -1.556440e-10   8.440370e-01  -5.829436e-01   5.186230e-05
  -2.629387e-06   1.592826e-06  -1.436506e-10   8.761408e-01  -5.307473e-01   4.786598e-05
  -2.716078e-06   1.430332e-06  -1.311298e-10   9.050275e-01  -4.766024e-01   4.369392e-05
  -2.792753e-06   1.262563e-06  -1.181255e-10   9.305763e-01  -4.206999e-01   3.936072e-05
  -2.859079e-06   1.090116e-06  -1.046834e-10   9.526767e-01  -3.632386e-01   3.488168e-05
  -2.914758e-06   9.136097e-07  -9.085161e-11   9.712296e-01  -3.044249e-01   3.027276e-05
  -2.959527e-06   7.336848e-07  -7.667978e-11   9.861471e-01  -2.444719e-01   2.555055e-05
  -2.993158e-06   5.509996e-07  -6.221943e-11   9.973535e-01  -1.835992e-01   2.073221e-05
  -3.015463e-06   3.662298e-07  -4.752369e-11   1.004786e+00  -1.220318e-01   1.583542e-05
  -3.026290e-06   1.800669e-07  -3.264712e-11   1.008393e+00  -6.000028e-02   1.087838e-05
  -3.025531e-06  -6.784752e-09  -1.764562e-11   1.008140e+00   2.260755e-03   5.879716e-06
  -3.013118e-06  -1.936095e-07  -2.576208e-12   1.004004e+00   6.451284e-02   8.584211e-07
  -2.989027e-06  -3.796832e-07   1.250313e-11   9.959771e-01   1.265147e-01  -4.166181e-06
  -2.953280e-06  -5.642754e-07   2.753364e-11   9.840657e-01   1.880228e-01  -9.174515e-06
  -2.905943e-06  -7.466522e-07   4.245603e-11   9.682923e-01   2.487928e-01  -1.414682e-05
  -2.847128e-06  -9.260793e-07   5.721068e-11   9.486946e-01   3.085799e-01  -1.906323e-05
  -2.776996e-06  -1.101825e-06   7.173785e-11   9.253260e-01   3.671402e-01  -2.390385e-05
  -2.695756e-06  -1.273161e-06   8.597799e-11   8.982558e-01   4.242315e-01  -2.864882e-05
  -2.603664e-06  -1.439372e-06   9.987193e-11   8.675696e-01   4.796147e-01  -3.327844e-05
  -2.501024e-06  -1.599751e-06   1.133612e-10   8.333688e-01   5.330547e-01  -3.777322e-05
  -2.388189e-06  -1.753608e-06   1.263884e-10   7.957711e-01   5.843216e-01  -4.211400e-05
  -2.265560e-06  -1.900272e-06   1.388971e-10   7.549098e-01   6.331917e-01  -4.628205e-05
  -2.133585e-06  -2.039096e-06   1.508327e-10   7.109342e-01   6.794493e-01  -5.025913e-05
  -1.992756e-06  -2.169457e-06   1.621424e-10   6.640085e-01   7.228872e-01  -5.402764e-05
  -1.843613e-06  -2.290765e-06   1.727754e-10   6.143122e-01   7.633083e-01  -5.757067e-05
  -1.686734e-06  -2.402461e-06   1.826834e-10   5.620386e-01   8.005268e-01  -6.087215e-05
  -1.522744e-06  -2.504026e-06   1.918211e-10   5.073951e-01   8.343693e-01  -6.391692e-05
  -1.352300e-06  -2.594979e-06   2.001458e-10   4.506015e-01   8.646757e-01  -6.669080e-05
  -1.176100e-06  -2.674884e-06   2.076184e-10   3.918897e-01   8.913009e-01  -6.918076e-05
  -9.948726e-07  -2.743352e-06   2.142033e-10   3.315026e-01   9.141152e-01  -7.137493e-05
  -8.093749e-07  -2.800044e-06   2.198688e-10   2.696927e-01   9.330057e-01  -7.326272e-05
  -6.203908e-07  -2.844674e-06   2.245870e-10   2.067211e-01   9.478768e-01  -7.483489e-05
  -4.287260e-07  -2.877009e-06   2.283346e-10   1.428563e-01   9.586513e-01  -7.608364e-05
  -2.352034e-07  -2.896875e-06   2.310926e-10   7.837237e-02   9.652709e-01  -7.700262e-05
  -4.065914e-08  -2.904155e-06   2.328465e-10   1.354808e-02   9.676965e-01  -7.758704e-05
   1.540618e-07  -2.898791e-06   2.335867e-10  -5.133512e-02   9.659092e-01  -7.783369e-05
   3.481108e-07  -2.880786e-06   2.333083e-10  -1.159944e-01   9.599100e-01  -7.774093e-05
   5.406399e-07  -2.850205e-06   2.320114e-10  -1.801472e-01   9.497201e-01  -7.730877e-05
   7.308069e-07  -2.807172e-06   2.297008e-10  -2.435130e-01   9.353809e-01  -7.653886e-05
   9.177801e-07  -2.751871e-06   2.263864e-10  -3.058145e-01   9.169538e-01  -7.543445e-05
   1.100743e-06  -2.684544e-06   2.220827e-10  -3.667798e-01   8.945200e-01  -7.400042e-05
   1.278899e-06  -2.605495e-06   2.168092e-10  -4.261433e-01   8.681798e-01  -7.224323e-05
   1.451476e-06  -2.515078e-06   2.105898e-10  -4.836478e-01   8.380520e-01  -7.017087e-05
   1.617730e-06  -2.413706e-06   2.034531e-10  -5.390456e-01   8.042735e-01  -6.779283e-05
   1.776950e-06  -2.301838e-06   1.954317e-10  -5.920996e-01   7.669980e-01  -6.512003e-05
   1.928463e-06  -2.179985e-06   1.865626e-10  -6.425852e-01   7.263952e-01  -6.216472e-05
   2.071633e-06  -2.048700e-06   1.768863e-10  -6.902910e-01   6.826497e-01  -5.894048e-05
   2.205868e-06  -1.908580e-06   1.664471e-10  -7.350197e-01   6.359599e-01  -5.546202e-05
   2.330623e-06  -1.760256e-06   1.552925e-10  -7.765895e-01   5.865367e-01  -5.174518e-05
   2.445400e-06  -1.604395e-06   1.434730e-10  -8.148344e-01   5.346021e-01  -4.780679e-05
   2.549751e-06  -1.441693e-06   1.310417e-10  -8.496053e-01   4.803880e-01  -4.366454e-05
   2.643279e-06  -1.272871e-06   1.180541e-10  -8.807701e-01   4.241347e-01  -3.933695e-05
   2.725642e-06  -1.098671e-06   1.045679e-10  -9.082142e-01   3.660895e-01  -3.484317e-05
   2.796549e-06  -9.198533e-07   9.064203e-11  -9.318413e-01   3.065053e-01  -3.020293e-05
   2.855765e-06  -7.371890e-07   7.633718e-11  -9.515725e-01   2.456395e-01  -2.543640e-05
   2.903107e-06  -5.514589e-07   6.171489e-11  -9.673475e-01   1.837522e-01  -2.056409e-05
   2.938448e-06  -3.634482e-07   4.683741e-11  -9.791234e-01   1.211050e-01  -1.560674e-05
   2.961713e-06  -1.739432e-07   3.176738e-11  -9.868755e-01   5.795980e-02  -1.058524e-05
   2.972879e-06   1.627319e-08   1.656751e-11  -9.905963e-01  -5.422408e-03  -5.520479e-06
   2.971976e-06   2.064243e-07   1.300325e-12  -9.902955e-01  -6.878287e-02  -4.332828e-07
   2.959083e-06   3.957434e-07  -1.397217e-11  -9.859993e-01  -1.318661e-01   4.655683e-06
   2.934327e-06   5.834768e-07  -2.918872e-11  -9.777502e-01  -1.944209e-01   9.726006e-06
   2.897881e-06   7.688866e-07  -4.428906e-11  -9.656060e-01  -2.562015e-01   1.475761e-05
   2.849964e-06   9.512537e-07  -5.921415e-11  -9.496397e-01  -3.169683e-01   1.973081e-05
   2.790838e-06   1.129880e-06  -7.390640e-11  -9.299382e-01  -3.764886e-01   2.462643e-05
   2.720804e-06   1.304091e-06  -8.830987e-11  -9.066021e-01  -4.345377e-01   2.942583e-05
   2.640202e-06   1.473238e-06  -1.023704e-10  -8.797448e-01  -4.908994e-01   3.411096e-05
   2.549410e-06   1.636700e-06  -1.160359e-10  -8.494916e-01  -5.453664e-01   3.866444e-05
   2.448836e-06   1.793882e-06  -1.292562e-10  -8.159793e-01  -5.977414e-01   4.306960e-05
   2.338923e-06   1.944224e-06  -1.419836e-10  -7.793550e-01  -6.478370e-01   4.731053e-05
   2.220141e-06   2.087195e-06  -1.541728e-10  -7.397755e-01  -6.954764e-01   5.137208e-05
   2.092988e-06   2.222296e-06  -1.657807e-10  -6.974067e-01  -7.404938e-01   5.523996e-05
   1.957986e-06   2.349065e-06  -1.767670e-10  -6.524225e-01  -7.827346e-01   5.890072e-05
   1.815679e-06   2.467072e-06  -1.870939e-10  -6.050046e-01  -8.220557e-01   6.234177e-05
   1.666634e-06   2.575922e-06  -1.967265e-10  -5.553409e-01  -8.583259e-01   6.555144e-05
   1.511431e-06   2.675257e-06  -2.056323e-10  -5.036257e-01  -8.914255e-01   6.851898e-05
   1.350670e-06   2.764755e-06  -2.137821e-10  -4.500584e-01  -9.212471e-01   7.123456e-05
   1.184963e-06   2.844130e-06  -2.211490e-10  -3.948429e-01  -9.476955e-01   7.368931e-05
   1.014934e-06   2.913131e-06  -2.277094e-10  -3.381873e-01  -9.706875e-01   7.587530e-05
   8.412161e-07   2.971546e-06  -2.334423e-10  -2.803025e-01  -9.901521e-01   7.778557e-05
   6.644511e-07   3.019199e-06  -2.383297e-10  -2.214025e-01  -1.006031e+00   7.941411e-05
   4.852867e-07   3.055950e-06  -2.423566e-10  -1.617029e-01  -1.018277e+00   8.075592e-05
   3.043744e-07   3.081697e-06  -2.455108e-10  -1.014209e-01  -1.026856e+00   8.180692e-05
   1.223684e-07   3.096373e-06  -2.477830e-10  -4.077452e-02  -1.031746e+00   8.256403e-05
  -6.007644e-08   3.099948e-06  -2.491668e-10   2.001814e-02  -1.032937e+00   8.302513e-05
  -2.423065e-07   3.092427e-06  -2.496588e-10   8.073920e-02  -1.030431e+00   8.318908e-05
  -4.236705e-07   3.073853e-06  -2.492584e-10   1.411717e-01  -1.024242e+00   8.305567e-05
  -6.035217e-07   3.044303e-06  -2.479679e-10   2.011001e-01  -1.014395e+00   8.262567e-05
  -7.812192e-07   3.003888e-06  -2.457925e-10   2.603109e-01  -1.000929e+00   8.190080e-05
  -9.561294e-07   2.952755e-06  -2.427402e-10   3.185929e-01  -9.838909e-01   8.088373e-05
  -1.127628e-06   2.891087e-06  -2.388217e-10   3.757381e-01  -9.633422e-01   7.957804e-05
  -1.295101e-06   2.819098e-06  -2.340506e-10   4.315420e-01  -9.393546e-01   7.798827e-05
  -1.457946e-06   2.737036e-06  -2.284433e-10   4.858039e-01  -9.120108e-01   7.611985e-05
  -1.615577e-06   2.645184e-06  -2.220189e-10   5.383280e-01  -8.814046e-01   7.397915e-05
  -1.767419e-06   2.543855e-06  -2.147990e-10   5.889235e-01  -8.476407e-01   7.157341e-05
  -1.912916e-06   2.433395e-06  -2.068081e-10   6.374050e-01  -8.108343e-01   6.891077e-05
  -2.051532e-06   2.314182e-06  -1.980733e-10   6.835933e-01  -7.711110e-01   6.600022e-05
  -2.182749e-06   2.186622e-06  -1.886241e-10   7.273161e-01  -7.286066e-01   6.285164e-05
  -2.306069e-06   2.051152e-06  -1.784926e-10   7.684079e-01  -6.834667e-01   5.947571e-05
  -2.421021e-06   1.908240e-06  -1.677134e-10   8.067111e-01  -6.358467e-01   5.588396e-05
  -2.527156e-06   1.758378e-06  -1.563234e-10   8.420764e-01  -5.859112e-01   5.208869e-05
  -2.624052e-06   1.602089e-06  -1.443620e-10   8.743631e-01  -5.338338e-01   4.810301e-05
  -2.711314e-06   1.439919e-06  -1.318706e-10   9.034401e-01  -4.797969e-01   4.394076e-05
  -2.788580e-06   1.272440e-06  -1.188931e-10   9.291858e-01  -4.239910e-01   3.961651e-05
  -2.855515e-06   1.100248e-06  -1.054752e-10   9.514894e-01  -3.666147e-01   3.514551e-05
  -2.911820e-06   9.239601e-07  -9.166468e-11   9.702508e-01  -3.078738e-01   3.054369e-05
  -2.957229e-06   7.442160e-07  -7.751121e-11   9.853816e-01  -2.479810e-01   2.582759e-05
  -2.991513e-06   5.616727e-07  -6.306618e-11   9.968053e-01  -1.871556e-01   2.101435e-05
  -3.014480e-06   3.770052e-07  -4.838263e-11   1.004458e+00  -1.256223e-01   1.612163e-05
  -3.025977e-06   1.909040e-07  -3.351505e-11   1.008289e+00  -6.361134e-02   1.116759e-05
  -3.025893e-06   4.072919e-09  -1.851925e-11   1.008261e+00  -1.357142e-03   6.170819e-06
  -3.014158e-06  -1.827732e-07  -3.452202e-12   1.004351e+00   6.090204e-02   1.150312e-06
  -2.990746e-06  -3.689104e-07   1.162816e-11   9.965496e-01   1.229250e-01  -3.874631e-06
  -2.955674e-06  -5.536087e-07   2.666312e-11   9.848634e-01   1.844685e-01  -8.884449e-06
  -2.909007e-06  -7.361343e-07   4.159343e-11   9.693134e-01   2.452881e-01  -1.385939e-05
  -2.850855e-06  -9.157527e-07   5.635944e-11   9.499365e-01   3.051390e-01  -1.877959e-05
  -2.781375e-06  -1.091732e-06   7.090146e-11   9.267851e-01   3.637771e-01  -2.362515e-05
  -2.700773e-06  -1.263344e-06   8.515989e-11   8.999277e-01   4.209603e-01  -2.837622e-05
  -2.609303e-06  -1.429872e-06   9.907555e-11   8.694489e-01   4.764492e-01  -3.301307e-05
  -2.507267e-06  -1.590609e-06   1.125899e-10   8.354491e-01   5.300084e-01  -3.751621e-05
  -2.395014e-06  -1.744863e-06   1.256454e-10   7.980452e-01   5.814077e-01  -4.186646e-05
  -2.272942e-06  -1.891963e-06   1.381858e-10   7.573695e-01   6.304230e-01  -4.604504e-05
  -2.141496e-06  -2.031259e-06   1.501562e-10   7.135704e-01   6.768381e-01  -5.003370e-05
  -2.001168e-06  -2.162128e-06   1.615036e-10   6.668113e-01   7.204452e-01  -5.381479e-05
  -1.852491e-06  -2.283978e-06   1.721772e-10   6.172707e-01   7.610467e-01  -5.737136e-05
  -1.696046e-06  -2.396247e-06   1.821287e-10   5.651413e-01   7.984561e-01  -6.068730e-05
  -1.532450e-06  -2.498413e-06   1.913123e-10   5.106295e-01   8.324991e-01  -6.374737e-05
  -1.362363e-06  -2.589995e-06   1.996853e-10   4.539545e-01   8.630150e-01  -6.653736e-05
  -1.186478e-06  -2.670552e-06   2.072084e-10   3.953476e-01   8.898577e-01  -6.904414e-05
  -1.005522e-06  -2.739694e-06   2.138458e-10   3.350509e-01   9.128966e-01  -7.125579e-05
  -8.202506e-07  -2.797079e-06   2.195654e-10   2.733166e-01   9.320177e-01  -7.316163e-05
  -6.314472e-07  -2.842416e-06   2.243394e-10   2.104052e-01   9.471246e-01  -7.475236e-05
  -4.399157e-07  -2.875471e-06   2.281439e-10   1.465848e-01   9.581388e-01  -7.602008e-05
  -2.464781e-07  -2.896065e-06   2.309598e-10   8.212925e-02   9.650009e-01  -7.695836e-05
  -5.197020e-08  -2.904077e-06   2.327723e-10   1.731705e-02   9.676708e-01  -7.756232e-05
   1.427637e-07  -2.899448e-06   2.335716e-10  -4.757046e-02   9.661283e-01  -7.782864e-05
   3.368750e-07  -2.882177e-06   2.333524e-10  -1.122505e-01   9.603733e-01  -7.775560e-05
   5.295154e-07  -2.852323e-06   2.321145e-10  -1.764404e-01   9.504258e-01  -7.734313e-05
   7.198425e-07  -2.810009e-06   2.298626e-10  -2.398595e-01   9.363261e-01  -7.659276e-05
   9.070236e-07  -2.755414e-06   2.266061e-10  -3.022303e-01   9.181344e-01  -7.550766e-05
   1.090241e-06  -2.688778e-06   2.223594e-10  -3.632805e-01   8.959307e-01  -7.409261e-05
   1.268698e-06  -2.610400e-06   2.171416e-10  -4.227442e-01   8.698143e-01  -7.235398e-05
   1.441619e-06  -2.520633e-06   2.109764e-10  -4.803636e-01   8.399029e-01  -7.029968e-05
   1.608260e-06  -2.419885e-06   2.038921e-10  -5.358902e-01   8.063324e-01  -6.793911e-05
   1.767908e-06  -2.308613e-06   1.959211e-10  -5.890867e-01   7.692555e-01  -6.528310e-05
   1.919886e-06  -2.187325e-06   1.871001e-10  -6.397274e-01   7.288410e-01  -6.234384e-05
   2.063557e-06  -2.056572e-06   1.774696e-10  -6.876001e-01   6.852727e-01  -5.913482e-05
   2.198327e-06  -1.916948e-06   1.670734e-10  -7.325068e-01   6.387483e-01  -5.567071e-05
   2.323646e-06  -1.769082e-06   1.559590e-10  -7.742648e-01   5.894778e-01  -5.196726e-05
   2.439015e-06  -1.613640e-06   1.441766e-10  -8.127070e-01   5.376829e-01  -4.804126e-05
   2.543983e-06  -1.451316e-06   1.317794e-10  -8.476834e-01   4.835946e-01  -4.391036e-05
   2.638150e-06  -1.282829e-06   1.188226e-10  -8.790609e-01   4.274530e-01  -3.959301e-05
   2.721170e-06  -1.108922e-06   1.053637e-10  -9.067240e-01   3.695050e-01  -3.510835e-05
   2.792749e-06  -9.303508e-07   9.146173e-11  -9.305750e-01   3.100032e-01  -3.047606e-05
   2.852649e-06  -7.478886e-07   7.717722e-11  -9.505344e-01   2.492048e-01  -2.571631e-05
   2.900685e-06  -5.623151e-07   6.257166e-11  -9.665404e-01   1.873696e-01  -2.084957e-05
   2.936725e-06  -3.744154e-07   4.770729e-11  -9.785495e-01   1.247594e-01  -1.589660e-05
   2.960693e-06  -1.849757e-07   3.264672e-11  -9.865356e-01   6.163594e-02  -1.087825e-05
   2.972561e-06   5.220726e-09   1.745269e-11  -9.904904e-01  -1.739604e-03  -5.815429e-06
   2.972358e-06   1.953967e-07   2.187707e-12  -9.904226e-01  -6.510835e-02  -7.289683e-07
   2.960158e-06   3.847849e-07  -1.308617e-11  -9.863574e-01  -1.282146e-01   4.360456e-06
   2.936086e-06   5.726307e-07  -2.830762e-11  -9.783364e-01  -1.908069e-01   9.432414e-06
   2.900313e-06   7.581953e-07  -4.341634e-11  -9.664166e-01  -2.526391e-01   1.446680e-05
   2.853056e-06   9.407584e-07  -5.835319e-11  -9.506700e-01  -3.134711e-01   1.944393e-05
   2.794573e-06   1.119621e-06  -7.306052e-11  -9.311828e-01  -3.730701e-01   2.434457e-05
   2.725164e-06   1.294106e-06  -8.748225e-11  -9.080548e-01  -4.312106e-01   2.915006e-05
   2.645166e-06   1.463565e-06  -1.015642e-10  -8.813987e-01  -4.876760e-01   3.384230e-05
   2.554954e-06   1.627373e-06  -1.152539e-10  -8.513391e-01  -5.422586e-01   3.840389e-05
   2.454937e-06   1.784936e-06  -1.285015e-10  -8.180122e-01  -5.947603e-01   4.281811e-05
   2.345553e-06   1.935689e-06  -1.412588e-10  -7.815644e-01  -6.449932e-01   4.706900e-05
   2.227273e-06   2.079102e-06  -1.534804e-10  -7.421520e-01  -6.927799e-01   5.114137e-05
   2.100592e-06   2.214674e-06  -1.651232e-10  -6.999405e-01  -7.379539e-01   5.502088e-05
   1.966031e-06   2.341939e-06  -1.761466e-10  -6.551034e-01  -7.803600e-01   5.869401e-05
   1.824134e-06   2.460465e-06  -1.865128e-10  -6.078217e-01  -8.198544e-01   6.214815e-05
   1.675464e-06   2.569858e-06  -1.961866e-10  -5.582832e-01  -8.563051e-01   6.537156e-05
   1.520603e-06   2.669755e-06  -2.051355e-10  -5.066817e-01  -8.895919e-01   6.835344e-05
   1.360148e-06   2.759832e-06  -2.133299e-10  -4.532164e-01  -9.196066e-01   7.108391e-05
   1.194711e-06   2.839801e-06  -2.207430e-10  -3.980910e-01  -9.462533e-01   7.355403e-05
   1.024916e-06   2.909411e-06  -2.273508e-10  -3.415133e-01  -9.694481e-01   7.575582e-05
   8.513944e-07   2.968446e-06  -2.331323e-10  -2.836941e-01  -9.891192e-01   7.768228e-05
   6.747888e-07   3.016728e-06  -2.380693e-10  -2.248471e-01  -1.005207e+00   7.932733e-05
   4.957459e-07   3.054116e-06  -2.421465e-10  -1.651880e-01  -1.017665e+00   8.068591e-05
   3.149173e-07   3.080504e-06  -2.453517e-10  -1.049339e-01  -1.026458e+00   8.175390e-05
   1.329569e-07   3.095824e-06  -2.476752e-10  -4.430272e-02  -1.031563e+00   8.252814e-05
  -4.948039e-08   3.100044e-06  -2.491108e-10   1.648742e-02  -1.032969e+00   8.300648e-05
  -2.317407e-07   3.093167e-06  -2.496546e-10   7.721858e-02  -1.030678e+00   8.318769e-05
  -4.131728e-07   3.075233e-06  -2.493060e-10   1.376738e-01  -1.024702e+00   8.307154e-05
  -5.931295e-07   3.046317e-06  -2.480672e-10   1.976373e-01  -1.015067e+00   8.265873e-05
  -7.709694e-07   3.006530e-06  -2.459430e-10   2.568956e-01  -1.001809e+00   8.195092e-05
  -9.460587e-07   2.956015e-06  -2.429413e-10   3.152373e-01  -9.849770e-01   8.095073e-05
  -1.117772e-06   2.894953e-06  -2.390727e-10   3.724541e-01  -9.646304e-01   7.966169e-05
  -1.285495e-06   2.823556e-06  -2.343508e-10   4.283414e-01  -9.408403e-01   7.808827e-05
  -1.448626e-06   2.742072e-06  -2.287915e-10   4.826983e-01  -9.136890e-01   7.623588e-05
  -1.606575e-06   2.650781e-06  -2.224140e-10   5.353286e-01  -8.832695e-01   7.411080e-05
  -1.758768e-06   2.549993e-06  -2.152396e-10   5.860412e-01  -8.496859e-01   7.172024e-05
  -1.904650e-06   2.440053e-06  -2.072928e-10   6.346504e-01  -8.130529e-01   6.907227e-05
  -2.043680e-06   2.321337e-06  -1.986004e-10   6.809767e-01  -7.734954e-01   6.617586e-05
  -2.175339e-06   2.194250e-06  -1.891918e-10   7.248473e-01  -7.311486e-01   6.304082e-05
  -2.299132e-06   2.059228e-06  -1.790990e-10   7.660962e-01  -6.861576e-01   5.967779e-05
  -2.414582e-06   1.916735e-06  -1.683565e-10   8.045656e-01  -6.386772e-01   5.609824e-05
  -2.521241e-06   1.767263e-06  -1.570009e-10   8.401054e-01  -5.888715e-01   5.231444e-05
  -2.618684e-06   1.611332e-06  -1.450716e-10   8.725746e-01  -5.369136e-01   4.833945e-05
  -2.706517e-06   1.449488e-06  -1.326098e-10   9.018414e-01  -4.829853e-01   4.418706e-05
  -2.784372e-06   1.282301e-06  -1.196593e-10   9.277837e-01  -4.272769e-01   3.987180e-05
  -2.851916e-06   1.110366e-06  -1.062657e-10   9.502900e-01  -3.699862e-01   3.540890e-05
  -2.908846e-06   9.342989e-07  -9.247660e-11   9.692597e-01  -3.113188e-01   3.081423e-05
  -2.954894e-06   7.547377e-07  -7.834165e-11   9.846036e-01  -2.514870e-01   2.610431e-05
  -2.989830e-06   5.723386e-07  -6.391212e-11   9.962445e-01  -1.907096e-01   2.129623e-05
  -3.013458e-06   3.877758e-07  -4.924095e-11   1.004118e+00  -1.292112e-01   1.640763e-05
  -3.025625e-06   2.017387e-07  -3.438254e-11   1.008172e+00  -6.722158e-02   1.145664e-05
  -3.026216e-06   1.493054e-08  -1.939264e-11   1.008369e+00  -4.975021e-03   6.461842e-06
  -3.015159e-06  -1.719344e-07  -4.328151e-12   1.004684e+00   5.729045e-02   1.442188e-06
  -2.992425e-06  -3.581327e-07   1.075304e-11   9.971091e-01   1.193338e-01  -3.583031e-06
  -2.958029e-06  -5.429346e-07   2.579226e-11   9.856480e-01   1.809118e-01  -8.594266e-06
  -2.912032e-06  -7.256065e-07   4.073026e-11   9.703215e-01   2.417801e-01  -1.357178e-05
  -2.854543e-06  -9.054139e-07   5.550746e-11   9.511656e-01   3.016939e-01  -1.849570e-05
  -2.785717e-06  -1.081624e-06   7.006411e-11   9.282317e-01   3.604092e-01  -2.334614e-05
  -2.705754e-06  -1.253510e-06   8.434064e-11   9.015874e-01   4.176835e-01  -2.810324e-05
  -2.614908e-06  -1.420353e-06   9.827781e-11   8.713162e-01   4.732773e-01  -3.274726e-05
  -2.513476e-06  -1.581444e-06   1.118171e-10   8.375180e-01   5.269549e-01  -3.725869e-05
  -2.401805e-06  -1.736094e-06   1.249008e-10   8.003082e-01   5.784857e-01  -4.161833e-05
  -2.280292e-06  -1.883627e-06   1.374726e-10   7.598187e-01   6.276455e-01  -4.580739e-05
  -2.149378e-06  -2.023394e-06   1.494775e-10   7.161966e-01   6.742173e-01  -4.980757e-05
  -2.009551e-06  -2.154769e-06   1.608625e-10   6.696047e-01   7.179931e-01  -5.360118e-05
  -1.861344e-06  -2.277158e-06   1.715767e-10   6.202205e-01   7.587744e-01  -5.717125e-05
  -1.705333e-06  -2.389998e-06   1.815713e-10   5.682359e-01   7.963740e-01  -6.050158e-05
  -1.542135e-06  -2.492765e-06   1.908007e-10   5.138565e-01   8.306170e-01  -6.357691e-05
  -1.372406e-06  -2.584974e-06   1.992219e-10   4.573010e-01   8.613419e-01  -6.638295e-05
  -1.196838e-06  -2.666183e-06   2.067954e-10   3.987998e-01   8.884017e-01  -6.890652e-05
  -1.016156e-06  -2.735998e-06   2.134851e-10   3.385944e-01   9.116647e-01  -7.113561e-05
  -8.311144e-07  -2.794073e-06   2.192589e-10   2.769365e-01   9.310162e-01  -7.305949e-05
  -6.424943e-07  -2.840117e-06   2.240884e-10   2.140862e-01   9.463585e-01  -7.466875e-05
  -4.510989e-07  -2.873890e-06   2.279498e-10   1.503112e-01   9.576122e-01  -7.595541e-05
  -2.577493e-07  -2.895212e-06   2.308236e-10   8.588493e-02   9.647167e-01  -7.691297e-05
  -6.328050e-08  -2.903957e-06   2.326947e-10   2.108577e-02   9.676308e-01  -7.753645e-05
   1.314635e-07  -2.900063e-06   2.335530e-10  -4.380509e-02   9.663332e-01  -7.782244e-05
   3.256341e-07  -2.883525e-06   2.333930e-10  -1.085049e-01   9.608225e-01  -7.776914e-05
   5.183831e-07  -2.854399e-06   2.322142e-10  -1.727310e-01   9.511176e-01  -7.737635e-05
   7.088674e-07  -2.812804e-06   2.300209e-10  -2.362025e-01   9.372575e-01  -7.664553e-05
   8.962538e-07  -2.758916e-06   2.268224e-10  -2.986417e-01   9.193015e-01  -7.557975e-05
   1.079724e-06  -2.692972e-06   2.226328e-10  -3.597759e-01   8.973283e-01  -7.418371e-05
   1.258478e-06  -2.615267e-06   2.174708e-10  -4.193389e-01   8.714360e-01  -7.246367e-05
   1.431742e-06  -2.526151e-06   2.113599e-10  -4.770723e-01   8.417415e-01  -7.042746e-05
   1.598767e-06  -2.426028e-06   2.043281e-10  -5.327271e-01   8.083794e-01  -6.808439e-05
   1.758840e-06  -2.315354e-06   1.964077e-10  -5.860651e-01   7.715017e-01  -6.544522e-05
   1.911281e-06  -2.194633e-06   1.876350e-10  -6.368602e-01   7.312761e-01  -6.252206e-05
   2.055451e-06  -2.064414e-06   1.780502e-10  -6.848992e-01   6.878857e-01  -5.932831e-05
   2.190753e-06  -1.925288e-06   1.676973e-10  -7.299833e-01   6.415273e-01  -5.587859e-05
   2.316636e-06  -1.777883e-06   1.566232e-10  -7.719288e-01   5.924104e-01  -5.218859e-05
   2.432596e-06  -1.622863e-06   1.448782e-10  -8.105680e-01   5.407558e-01  -4.827504e-05
   2.538179e-06  -1.460919e-06   1.325152e-10  -8.457494e-01   4.867943e-01  -4.415554e-05
   2.632983e-06  -1.292770e-06   1.195894e-10  -8.773393e-01   4.307652e-01  -3.984850e-05
   2.716659e-06  -1.119156e-06   1.061580e-10  -9.052209e-01   3.729153e-01  -3.537302e-05
   2.788910e-06  -9.408352e-07   9.228013e-11  -9.292957e-01   3.134967e-01  -3.074876e-05
   2.849494e-06  -7.585777e-07   7.801617e-11  -9.494829e-01   2.527665e-01  -2.599585e-05
   2.898222e-06  -5.731634e-07   6.342756e-11  -9.657199e-01   1.909844e-01  -2.113477e-05
   2.934962e-06  -3.853773e-07   4.857651e-11  -9.779619e-01   1.284120e-01  -1.618623e-05
   2.959632e-06  -1.960056e-07   3.352562e-11  -9.861821e-01   6.531124e-02  -1.117111e-05
   2.972203e-06  -5.831811e-09   1.833762e-11  -9.903710e-01   1.943224e-03  -6.110299e-06
   2.972699e-06   1.843665e-07   3.075059e-12  -9.905362e-01  -6.143295e-02  -1.024644e-06
   2.961193e-06   3.738212e-07  -1.219998e-11  -9.867022e-01  -1.245614e-01   4.065170e-06
   2.937806e-06   5.617769e-07  -2.742614e-11  -9.789095e-01  -1.871903e-01   9.138696e-06
   2.902707e-06   7.474938e-07  -4.254303e-11  -9.672143e-01  -2.490732e-01   1.417581e-05
   2.856110e-06   9.302506e-07  -5.749146e-11  -9.516877e-01  -3.099698e-01   1.915679e-05
   2.798272e-06   1.109347e-06  -7.221367e-11  -9.324151e-01  -3.696466e-01   2.406240e-05
   2.729488e-06   1.284104e-06  -8.665349e-11  -9.094956e-01  -4.278779e-01   2.887390e-05
   2.650095e-06   1.453872e-06  -1.007566e-10  -8.830411e-01  -4.844463e-01   3.357321e-05
   2.560466e-06   1.618025e-06  -1.144705e-10  -8.531756e-01  -5.391438e-01   3.814285e-05
   2.461006e-06   1.775966e-06  -1.277451e-10  -8.200345e-01  -5.917716e-01   4.256607e-05
   2.352154e-06   1.927130e-06  -1.405321e-10  -7.837637e-01  -6.421412e-01   4.682687e-05
   2.234377e-06   2.070983e-06  -1.527860e-10  -7.445191e-01  -6.900746e-01   5.091001e-05
   2.108170e-06   2.207023e-06  -1.644636e-10  -7.024655e-01  -7.354047e-01   5.480109e-05
   1.974052e-06   2.334783e-06  -1.755241e-10  -6.577760e-01  -7.779755e-01   5.848656e-05
   1.832565e-06   2.453828e-06  -1.859294e-10  -6.106311e-01  -8.176428e-01   6.195375e-05
   1.684273e-06   2.563761e-06  -1.956443e-10  -5.612185e-01  -8.542736e-01   6.519087e-05
   1.529755e-06   2.664219e-06  -2.046362e-10  -5.097314e-01  -8.877473e-01   6.818705e-05
   1.369609e-06   2.754875e-06  -2.128752e-10  -4.563688e-01  -9.179548e-01   7.093237e-05
   1.204444e-06   2.835438e-06  -2.203343e-10  -4.013342e-01  -9.447995e-01   7.341784e-05
   1.034885e-06   2.905656e-06  -2.269895e-10  -3.448351e-01  -9.681968e-01   7.563542e-05
   8.615624e-07   2.965310e-06  -2.328195e-10  -2.870822e-01  -9.880743e-01   7.757804e-05
   6.851182e-07   3.014221e-06  -2.378060e-10  -2.282890e-01  -1.004372e+00   7.923959e-05
   5.061991e-07   3.052245e-06  -2.419335e-10  -1.686712e-01  -1.017042e+00   8.061493e-05
   3.254563e-07   3.079274e-06  -2.451896e-10  -1.084456e-01  -1.026048e+00   8.169988e-05
   1.435437e-07   3.095238e-06  -2.475645e-10  -4.783037e-02  -1.031368e+00   8.249125e-05
  -3.888375e-08   3.100103e-06  -2.490518e-10   1.295650e-02  -1.032989e+00   8.298682e-05
  -2.211722e-07   3.093869e-06  -2.496475e-10   7.369704e-02  -1.030912e+00   8.318530e-05
  -4.026701e-07   3.076576e-06  -2.493507e-10   1.341742e-01  -1.025149e+00   8.308641e-05
  -5.827301e-07   3.048295e-06  -2.481634e-10   1.941721e-01  -1.015726e+00   8.269079e-05
  -7.607104e-07   3.009135e-06  -2.460904e-10   2.534771e-01  -1.002677e+00   8.200006e-05
  -9.359766e-07   2.959239e-06  -2.431394e-10   3.118778e-01  -9.860513e-01   8.101675e-05
  -1.107903e-06   2.898784e-06  -2.393209e-10   3.691656e-01  -9.659070e-01   7.974437e-05
  -1.275875e-06   2.827981e-06  -2.346481e-10   4.251356e-01  -9.423147e-01   7.818734e-05
  -1.439288e-06   2.747076e-06  -2.291370e-10   4.795868e-01  -9.153561e-01   7.635098e-05
  -1.597554e-06   2.656345e-06  -2.228063e-10   5.323227e-01  -8.851237e-01   7.424155e-05
  -1.750097e-06   2.556100e-06  -2.156777e-10   5.831518e-01  -8.517209e-01   7.186619e-05
  -1.896360e-06   2.446682e-06  -2.077750e-10   6.318881e-01  -8.152616e-01   6.923294e-05
  -2.035802e-06   2.328465e-06  -1.991251e-10   6.783518e-01  -7.758704e-01   6.635070e-05
  -2.167904e-06   2.201852e-06  -1.897573e-10   7.223696e-01  -7.336817e-01   6.322923e-05
  -2.292166e-06   2.067278e-06  -1.797033e-10   7.637752e-01  -6.888401e-01   5.987913e-05
  -2.408114e-06   1.925206e-06  -1.689975e-10   8.024102e-01  -6.414999e-01   5.631183e-05
  -2.515295e-06   1.776125e-06  -1.576765e-10   8.381241e-01  -5.918246e-01   5.253955e-05
  -2.613284e-06   1.620554e-06  -1.457793e-10   8.707753e-01  -5.399867e-01   4.857529e-05
  -2.701685e-06   1.459038e-06  -1.333473e-10   9.002315e-01  -4.861678e-01   4.443281e-05
  -2.780130e-06   1.292146e-06  -1.204240e-10   9.263700e-01  -4.305574e-01   4.012660e-05
  -2.848281e-06   1.120470e-06  -1.070548e-10   9.490787e-01  -3.733530e-01   3.567184e-05
  -2.905835e-06   9.446259e-07  -9.328735e-11   9.682564e-01  -3.147598e-01   3.108438e-05
  -2.952522e-06   7.652498e-07  -7.917110e-11   9.838130e-01  -2.549897e-01   2.638069e-05
  -2.988108e-06   5.829973e-07  -6.475725e-11   9.956709e-01  -1.942612e-01   2.157783e-05
  -3.012398e-06   3.985414e-07  -5.009863e-11   1.003765e+00  -1.327984e-01   1.669342e-05
  -3.025234e-06   2.125708e-07  -3.524958e-11   1.008042e+00  -7.083095e-02   1.174555e-05
  -3.026500e-06   2.578796e-08  -2.026577e-11   1.008463e+00  -8.592835e-03   6.752780e-06
  -3.016120e-06  -1.610934e-07  -5.204044e-12   1.005005e+00   5.367810e-02   1.734045e-06
  -2.994064e-06  -3.473503e-07   9.877771e-12   9.976554e-01   1.157410e-01  -3.291383e-06
  -2.960344e-06  -5.322534e-07   2.492104e-11   9.864196e-01   1.773527e-01  -8.303969e-06
