Method       t0       tn       N         h
Verlet        0  3.0e+00  100000 3.000e-05

x  -  y  -  z  .........
  -2.883410e-06  -8.199914e-07   4.847779e-11   9.607842e-01   2.732302e-01  -1.615334e-05
  -2.862898e-06  -8.725853e-07   5.282237e-11   9.539493e-01   2.907551e-01  -1.760100e-05
  -2.841359e-06  -9.248665e-07   5.714801e-11   9.467724e-01   3.081758e-01  -1.904235e-05
  -2.818796e-06  -9.768142e-07   6.145306e-11   9.392543e-01   3.254853e-01  -2.047684e-05
  -2.795212e-06  -1.028408e-06   6.573583e-11   9.313958e-01   3.426770e-01  -2.190391e-05
  -2.770610e-06  -1.079627e-06   6.999465e-11   9.231980e-01   3.597437e-01  -2.332299e-05
  -2.744993e-06  -1.130451e-06   7.422783e-11   9.146620e-01   3.766787e-01  -2.473354e-05
  -2.718364e-06  -1.180858e-06   7.843368e-11   9.057892e-01   3.934750e-01  -2.613497e-05
  -2.690730e-06  -1.230828e-06   8.261047e-11   8.965810e-01   4.101255e-01  -2.752673e-05
  -2.662093e-06  -1.280340e-06   8.675652e-11   8.870390e-01   4.266234e-01  -2.890823e-05
  -2.632460e-06  -1.329372e-06   9.087008e-11   8.771649e-01   4.429616e-01  -3.027892e-05
  -2.601836e-06  -1.377904e-06   9.494944e-11   8.669607e-01   4.591330e-01  -3.163821e-05
  -2.570227e-06  -1.425915e-06   9.899286e-11   8.564283e-01   4.751306e-01  -3.298552e-05
  -2.537641e-06  -1.473383e-06   1.029986e-10   8.455700e-01   4.909474e-01  -3.432028e-05
  -2.504083e-06  -1.520287e-06   1.069649e-10   8.343882e-01   5.065763e-01  -3.564190e-05
  -2.469561e-06  -1.566606e-06   1.108901e-10   8.228853e-01   5.220103e-01  -3.694981e-05
  -2.434084e-06  -1.612318e-06   1.147724e-10   8.110639e-01   5.372424e-01  -3.824343e-05
  -2.397660e-06  -1.657404e-06   1.186100e-10   7.989271e-01   5.522653e-01  -3.952216e-05
  -2.360298e-06  -1.701841e-06   1.224012e-10   7.864777e-01   5.670723e-01  -4.078543e-05
  -2.322008e-06  -1.745608e-06   1.261442e-10   7.737188e-01   5.816561e-01  -4.203265e-05
  -2.282799e-06  -1.788685e-06   1.298374e-10   7.606539e-01   5.960098e-01  -4.326325e-05
  -2.242682e-06  -1.831051e-06   1.334788e-10   7.472864e-01   6.101264e-01  -4.447663e-05
  -2.201667e-06  -1.872684e-06   1.370669e-10   7.336200e-01   6.239990e-01  -4.567223e-05
  -2.159768e-06  -1.913563e-06   1.405999e-10   7.196586e-01   6.376205e-01  -4.684945e-05
  -2.116994e-06  -1.953669e-06   1.440760e-10   7.054060e-01   6.509842e-01  -4.800772e-05
  -2.073360e-06  -1.992980e-06   1.474935e-10   6.908666e-01   6.640831e-01  -4.914647e-05
  -2.028878e-06  -2.031476e-06   1.508507e-10   6.760447e-01   6.769104e-01  -5.026512e-05
  -1.983562e-06  -2.069137e-06   1.541458e-10   6.609447e-01   6.894594e-01  -5.136310e-05
  -1.937425e-06  -2.105942e-06   1.573772e-10   6.455715e-01   7.017233e-01  -5.243984e-05
  -1.890483e-06  -2.141872e-06   1.605432e-10   6.299300e-01   7.136955e-01  -5.349479e-05
  -1.842751e-06  -2.176906e-06   1.636421e-10   6.140250e-01   7.253693e-01  -5.452736e-05
  -1.794244e-06  -2.211026e-06   1.666722e-10   5.978621e-01   7.367383e-01  -5.553703e-05
  -1.744979e-06  -2.244211e-06   1.696319e-10   5.814465e-01   7.477959e-01  -5.652322e-05
  -1.694973e-06  -2.276442e-06   1.725194e-10   5.647838e-01   7.585357e-01  -5.748539e-05
  -1.644243e-06  -2.307701e-06   1.753333e-10   5.478799e-01   7.689516e-01  -5.842301e-05
  -1.592806e-06  -2.337969e-06   1.780719e-10   5.307407e-01   7.790372e-01  -5.933554e-05
  -1.540682e-06  -2.367227e-06   1.807336e-10   5.133724e-01   7.887865e-01  -6.022245e-05
  -1.487889e-06  -2.395458e-06   1.833169e-10   4.957812e-01   7.981933e-01  -6.108322e-05
  -1.434447e-06  -2.422644e-06   1.858201e-10   4.779737e-01   8.072519e-01  -6.191733e-05
  -1.380376e-06  -2.448767e-06   1.882419e-10   4.599566e-01   8.159564e-01  -6.272429e-05
  -1.325696e-06  -2.473811e-06   1.905807e-10   4.417367e-01   8.243011e-01  -6.350359e-05
  -1.270429e-06  -2.497758e-06   1.928349e-10   4.233210e-01   8.322805e-01  -6.425475e-05
  -1.214596e-06  -2.520592e-06   1.950033e-10   4.047167e-01   8.398892e-01  -6.497728e-05
  -1.158218e-06  -2.542297e-06   1.970844e-10   3.859312e-01   8.471217e-01  -6.567071e-05
  -1.101320e-06  -2.562859e-06   1.990768e-10   3.669721e-01   8.539730e-01  -6.633459e-05
  -1.043924e-06  -2.582261e-06   2.009791e-10   3.478470e-01   8.604382e-01  -6.696848e-05
  -9.860529e-07  -2.600490e-06   2.027901e-10   3.285638e-01   8.665122e-01  -6.757192e-05
  -9.277317e-07  -2.617531e-06   2.045085e-10   3.091305e-01   8.721904e-01  -6.814450e-05
  -8.689848e-07  -2.633371e-06   2.061330e-10   2.895554e-01   8.774684e-01  -6.868581e-05
  -8.098371e-07  -2.647996e-06   2.076625e-10   2.698467e-01   8.823417e-01  -6.919544e-05
  -7.503142e-07  -2.661394e-06   2.090957e-10   2.500130e-01   8.868061e-01  -6.967300e-05
  -6.904421e-07  -2.673554e-06   2.104316e-10   2.300630e-01   8.908577e-01  -7.011813e-05
  -6.302470e-07  -2.684463e-06   2.116690e-10   2.100053e-01   8.944927e-01  -7.053047e-05
  -5.697559e-07  -2.694110e-06   2.128071e-10   1.898490e-01   8.977074e-01  -7.090967e-05
  -5.089959e-07  -2.702486e-06   2.138446e-10   1.696031e-01   9.004985e-01  -7.125541e-05
  -4.479946e-07  -2.709581e-06   2.147809e-10   1.492768e-01   9.028626e-01  -7.156736e-05
  -3.867800e-07  -2.715386e-06   2.156148e-10   1.288794e-01   9.047969e-01  -7.184525e-05
  -3.253806e-07  -2.719893e-06   2.163457e-10   1.084204e-01   9.062986e-01  -7.208878e-05
  -2.638249e-07  -2.723094e-06   2.169726e-10   8.790937e-02   9.073650e-01  -7.229769e-05
  -2.021420e-07  -2.724981e-06   2.174950e-10   6.735595e-02   9.079940e-01  -7.247174e-05
  -1.403612e-07  -2.725549e-06   2.179120e-10   4.676992e-02   9.081833e-01  -7.261070e-05
  -7.851228e-08  -2.724793e-06   2.182231e-10   2.616116e-02   9.079312e-01  -7.271437e-05
  -1.662504e-08  -2.722706e-06   2.184278e-10   5.539647e-03   9.072360e-01  -7.278256e-05
   4.527033e-08  -2.719286e-06   2.185254e-10  -1.508458e-02   9.060964e-01  -7.281509e-05
   1.071434e-07  -2.714529e-06   2.185156e-10  -3.570138e-02   9.045112e-01  -7.281181e-05
   1.689636e-07  -2.708432e-06   2.183979e-10  -5.630055e-02   9.024797e-01  -7.277261e-05
   2.307001e-07  -2.700994e-06   2.181721e-10  -7.687183e-02   9.000011e-01  -7.269735e-05
   2.923219e-07  -2.692213e-06   2.178378e-10  -9.740490e-02   8.970753e-01  -7.258597e-05
   3.537979e-07  -2.682090e-06   2.173949e-10  -1.178894e-01   8.937020e-01  -7.243839e-05
   4.150969e-07  -2.670624e-06   2.168432e-10  -1.383149e-01   8.898816e-01  -7.225456e-05
   4.761874e-07  -2.657818e-06   2.161826e-10  -1.586709e-01   8.856144e-01  -7.203446e-05
   5.370382e-07  -2.643674e-06   2.154132e-10  -1.789471e-01   8.809014e-01  -7.177808e-05
   5.976177e-07  -2.628194e-06   2.145350e-10  -1.991329e-01   8.757434e-01  -7.148546e-05
   6.578945e-07  -2.611383e-06   2.135482e-10  -2.192178e-01   8.701418e-01  -7.115662e-05
   7.178371e-07  -2.593246e-06   2.124528e-10  -2.391913e-01   8.640982e-01  -7.079164e-05
   7.774140e-07  -2.573787e-06   2.112493e-10  -2.590430e-01   8.576145e-01  -7.039060e-05
   8.365939e-07  -2.553014e-06   2.099378e-10  -2.787624e-01   8.506928e-01  -6.995362e-05
   8.953455e-07  -2.530935e-06   2.085189e-10  -2.983391e-01   8.433355e-01  -6.948082e-05
   9.536376e-07  -2.507556e-06   2.069930e-10  -3.177626e-01   8.355455e-01  -6.897236e-05
   1.011439e-06  -2.482887e-06   2.053606e-10  -3.370227e-01   8.273257e-01  -6.842842e-05
   1.068719e-06  -2.456939e-06   2.036223e-10  -3.561091e-01   8.186794e-01  -6.784921e-05
   1.125447e-06  -2.429721e-06   2.017788e-10  -3.750115e-01   8.096101e-01  -6.723495e-05
   1.181593e-06  -2.401246e-06   1.998309e-10  -3.937198e-01   8.001219e-01  -6.658589e-05
   1.237125e-06  -2.371526e-06   1.977794e-10  -4.122239e-01   7.902187e-01  -6.590230e-05
   1.292016e-06  -2.340573e-06   1.956252e-10  -4.305139e-01   7.799051e-01  -6.518447e-05
   1.346234e-06  -2.308403e-06   1.933691e-10  -4.485800e-01   7.691856e-01  -6.443274e-05
   1.399750e-06  -2.275031e-06   1.910123e-10  -4.664122e-01   7.580654e-01  -6.364743e-05
   1.452536e-06  -2.240470e-06   1.885559e-10  -4.840011e-01   7.465496e-01  -6.282890e-05
   1.504563e-06  -2.204740e-06   1.860009e-10  -5.013371e-01   7.346438e-01  -6.197756e-05
   1.555803e-06  -2.167856e-06   1.833486e-10  -5.184109e-01   7.223537e-01  -6.109379e-05
   1.606229e-06  -2.129837e-06   1.806003e-10  -5.352132e-01   7.096854e-01  -6.017803e-05
   1.655812e-06  -2.090702e-06   1.777574e-10  -5.517351e-01   6.966451e-01  -5.923074e-05
   1.704528e-06  -2.050470e-06   1.748212e-10  -5.679675e-01   6.832395e-01  -5.825238e-05
   1.752348e-06  -2.009162e-06   1.717933e-10  -5.839018e-01   6.694752e-01  -5.724344e-05
   1.799248e-06  -1.966799e-06   1.686752e-10  -5.995295e-01   6.553594e-01  -5.620445e-05
   1.845203e-06  -1.923403e-06   1.654685e-10  -6.148423e-01   6.408993e-01  -5.513592e-05
   1.890189e-06  -1.878996e-06   1.621747e-10  -6.298319e-01   6.261023e-01  -5.403842e-05
   1.934180e-06  -1.833601e-06   1.587958e-10  -6.444904e-01   6.109763e-01  -5.291252e-05
   1.977155e-06  -1.787243e-06   1.553334e-10  -6.588102e-01   5.955290e-01  -5.175880e-05
   2.019091e-06  -1.739944e-06   1.517893e-10  -6.727836e-01   5.797688e-01  -5.057787e-05
   2.059966e-06  -1.691732e-06   1.481654e-10  -6.864035e-01   5.637038e-01  -4.937036e-05
   2.099758e-06  -1.642630e-06   1.444637e-10  -6.996627e-01   5.473427e-01  -4.813692e-05
   2.138448e-06  -1.592666e-06   1.406862e-10  -7.125545e-01   5.306941e-01  -4.687819e-05
   2.176015e-06  -1.541866e-06   1.368347e-10  -7.250722e-01   5.137669e-01  -4.559486e-05
   2.212440e-06  -1.490257e-06   1.329116e-10  -7.372097e-01   4.965703e-01  -4.428761e-05
   2.247706e-06  -1.437867e-06   1.289187e-10  -7.489607e-01   4.791134e-01  -4.295714e-05
   2.281795e-06  -1.384725e-06   1.248583e-10  -7.603195e-01   4.614056e-01  -4.160418e-05
   2.314691e-06  -1.330857e-06   1.207327e-10  -7.712806e-01   4.434564e-01  -4.022946e-05
   2.346377e-06  -1.276294e-06   1.165439e-10  -7.818387e-01   4.252755e-01  -3.883372e-05
   2.376838e-06  -1.221066e-06   1.122943e-10  -7.919887e-01   4.068726e-01  -3.741771e-05
   2.406060e-06  -1.165200e-06   1.079862e-10  -8.017260e-01   3.882577e-01  -3.598219e-05
   2.434031e-06  -1.108729e-06   1.036219e-10  -8.110461e-01   3.694408e-01  -3.452796e-05
   2.460737e-06  -1.051681e-06   9.920372e-11  -8.199448e-01   3.504319e-01  -3.305578e-05
   2.486166e-06  -9.940882e-07   9.473412e-11  -8.284183e-01   3.312412e-01  -3.156646e-05
   2.510309e-06  -9.359804e-07   9.021547e-11  -8.364628e-01   3.118791e-01  -3.006080e-05
   2.533154e-06  -8.773891e-07   8.565021e-11  -8.440752e-01   2.923558e-01  -2.853960e-05
   2.554694e-06  -8.183453e-07   8.104078e-11  -8.512523e-01   2.726817e-01  -2.700369e-05
   2.574919e-06  -7.588805e-07   7.638966e-11  -8.579915e-01   2.528674e-01  -2.545388e-05
   2.593822e-06  -6.990260e-07   7.169932e-11  -8.642902e-01   2.329232e-01  -2.389101e-05
   2.611397e-06  -6.388136e-07   6.697226e-11  -8.701463e-01   2.128598e-01  -2.231590e-05
   2.627637e-06  -5.782749e-07   6.221099e-11  -8.755579e-01   1.926876e-01  -2.072939e-05
   2.642539e-06  -5.174415e-07   5.741802e-11  -8.805234e-01   1.724172e-01  -1.913232e-05
   2.656098e-06  -4.563451e-07   5.259588e-11  -8.850415e-01   1.520593e-01  -1.752553e-05
   2.668312e-06  -3.950175e-07   4.774708e-11  -8.891111e-01   1.316242e-01  -1.590986e-05
   2.679177e-06  -3.334904e-07   4.287416e-11  -8.927315e-01   1.111227e-01  -1.428614e-05
   2.688693e-06  -2.717952e-07   3.797964e-11  -8.959022e-01   9.056516e-02  -1.265524e-05
   2.696858e-06  -2.099635e-07   3.306604e-11  -8.986231e-01   6.996216e-02  -1.101797e-05
   2.703674e-06  -1.480267e-07   2.813589e-11  -9.008941e-01   4.932413e-02  -9.375192e-06
   2.709140e-06  -8.601599e-08   2.319171e-11  -9.027157e-01   2.866148e-02  -7.727735e-06
   2.713260e-06  -2.396252e-08   1.823599e-11  -9.040884e-01   7.984579e-03  -6.076435e-06
   2.716035e-06   3.810283e-08   1.327124e-11  -9.050131e-01  -1.269629e-02  -4.422123e-06
   2.717470e-06   1.001494e-07   8.299928e-12  -9.054910e-01  -3.337089e-02  -2.765628e-06
   2.717567e-06   1.621467e-07   3.324534e-12  -9.055235e-01  -5.402908e-02  -1.107772e-06
   2.716333e-06   2.240646e-07  -1.652490e-12  -9.051122e-01  -7.466080e-02   5.506279e-07
   2.713772e-06   2.858731e-07  -6.628709e-12  -9.042591e-01  -9.525608e-02   2.208759e-06
   2.709892e-06   3.475426e-07  -1.160171e-11  -9.029661e-01  -1.158050e-01   3.865817e-06
   2.704699e-06   4.090437e-07  -1.656908e-11  -9.012358e-01  -1.362979e-01   5.521003e-06
   2.698202e-06   4.703476e-07  -2.152847e-11  -8.990707e-01  -1.567250e-01   7.173526e-06
   2.690408e-06   5.314255e-07  -2.647752e-11  -8.964737e-01  -1.770769e-01   8.822603e-06
   2.681327e-06   5.922492e-07  -3.141390e-11  -8.934479e-01  -1.973440e-01   1.046746e-05
   2.670969e-06   6.527908e-07  -3.633532e-11  -8.899964e-01  -2.175172e-01   1.210733e-05
   2.659344e-06   7.130229e-07  -4.123951e-11  -8.861228e-01  -2.375871e-01   1.374146e-05
   2.646463e-06   7.729182e-07  -4.612422e-11  -8.818308e-01  -2.575449e-01   1.536910e-05
   2.632338e-06   8.324503e-07  -5.098726e-11  -8.771243e-01  -2.773817e-01   1.698952e-05
   2.616982e-06   8.915929e-07  -5.582644e-11  -8.720074e-01  -2.970886e-01   1.860199e-05
   2.600406e-06   9.503201e-07  -6.063962e-11  -8.664842e-01  -3.166572e-01   2.020579e-05
   2.582625e-06   1.008607e-06  -6.542469e-11  -8.605594e-01  -3.360790e-01   2.180023e-05
   2.563653e-06   1.066428e-06  -7.017957e-11  -8.542375e-01  -3.553457e-01   2.338461e-05
   2.543503e-06   1.123760e-06  -7.490223e-11  -8.475233e-01  -3.744493e-01   2.495825e-05
   2.522190e-06   1.180578e-06  -7.959065e-11  -8.404218e-01  -3.933817e-01   2.652049e-05
   2.499731e-06   1.236859e-06  -8.424289e-11  -8.329381e-01  -4.121353e-01   2.807066e-05
   2.476140e-06   1.292581e-06  -8.885700e-11  -8.250775e-01  -4.307023e-01   2.960814e-05
   2.451435e-06   1.347721e-06  -9.343111e-11  -8.168453e-01  -4.490754e-01   3.113228e-05
   2.425631e-06   1.402256e-06  -9.796336e-11  -8.082472e-01  -4.672474e-01   3.264248e-05
   2.398746e-06   1.456167e-06  -1.024519e-10  -7.992889e-01  -4.852111e-01   3.413812e-05
   2.370797e-06   1.509432e-06  -1.068951e-10  -7.899760e-01  -5.029596e-01   3.561863e-05
   2.341803e-06   1.562031e-06  -1.112911e-10  -7.803147e-01  -5.204862e-01   3.708343e-05
   2.311780e-06   1.613945e-06  -1.156382e-10  -7.703108e-01  -5.377844e-01   3.853195e-05
   2.280748e-06   1.665154e-06  -1.199349e-10  -7.599707e-01  -5.548478e-01   3.996364e-05
   2.248726e-06   1.715640e-06  -1.241795e-10  -7.493004e-01  -5.716702e-01   4.137798e-05
   2.215732e-06   1.765384e-06  -1.283704e-10  -7.383065e-01  -5.882457e-01   4.277445e-05
   2.181786e-06   1.814370e-06  -1.325062e-10  -7.269953e-01  -6.045684e-01   4.415253e-05
   2.146907e-06   1.862581e-06  -1.365853e-10  -7.153733e-01  -6.206326e-01   4.551174e-05
   2.111116e-06   1.910000e-06  -1.406064e-10  -7.034472e-01  -6.364331e-01   4.685161e-05
   2.074432e-06   1.956611e-06  -1.445680e-10  -6.912237e-01  -6.519644e-01   4.817166e-05
   2.036875e-06   2.002399e-06  -1.484688e-10  -6.787094e-01  -6.672215e-01   4.947146e-05
   1.998467e-06   2.047350e-06  -1.523075e-10  -6.659112e-01  -6.821996e-01   5.075056e-05
   1.959227e-06   2.091448e-06  -1.560829e-10  -6.528361e-01  -6.968939e-01   5.200855e-05
   1.919176e-06   2.134682e-06  -1.597937e-10  -6.394908e-01  -7.112998e-01   5.324502e-05
   1.878336e-06   2.177038e-06  -1.634387e-10  -6.258824e-01  -7.254131e-01   5.445959e-05
   1.836727e-06   2.218502e-06  -1.670169e-10  -6.120178e-01  -7.392295e-01   5.565187e-05
   1.794371e-06   2.259064e-06  -1.705270e-10  -5.979042e-01  -7.527451e-01   5.682150e-05
   1.751288e-06   2.298711e-06  -1.739682e-10  -5.835486e-01  -7.659561e-01   5.796814e-05
   1.707501e-06   2.337434e-06  -1.773394e-10  -5.689582e-01  -7.788588e-01   5.909145e-05
   1.663030e-06   2.375220e-06  -1.806396e-10  -5.541400e-01  -7.914498e-01   6.019111e-05
   1.617897e-06   2.412062e-06  -1.838678e-10  -5.391012e-01  -8.037257e-01   6.126680e-05
   1.572124e-06   2.447948e-06  -1.870233e-10  -5.238490e-01  -8.156835e-01   6.231825e-05
   1.525731e-06   2.482871e-06  -1.901052e-10  -5.083906e-01  -8.273202e-01   6.334516e-05
   1.478742e-06   2.516822e-06  -1.931127e-10  -4.927332e-01  -8.386330e-01   6.434728e-05
   1.431177e-06   2.549793e-06  -1.960449e-10  -4.768839e-01  -8.496193e-01   6.532434e-05
   1.383057e-06   2.581777e-06  -1.989013e-10  -4.608500e-01  -8.602767e-01   6.627612e-05
   1.334405e-06   2.612767e-06  -2.016811e-10  -4.446387e-01  -8.706028e-01   6.720237e-05
   1.285242e-06   2.642756e-06  -2.043836e-10  -4.282570e-01  -8.805956e-01   6.810290e-05
   1.235590e-06   2.671739e-06  -2.070084e-10  -4.117123e-01  -8.902531e-01   6.897748e-05
   1.185470e-06   2.699710e-06  -2.095547e-10  -3.950117e-01  -8.995734e-01   6.982595e-05
   1.134903e-06   2.726664e-06  -2.120221e-10  -3.781623e-01  -9.085549e-01   7.064812e-05
   1.083911e-06   2.752597e-06  -2.144101e-10  -3.611712e-01  -9.171960e-01   7.144382e-05
   1.032515e-06   2.777505e-06  -2.167182e-10  -3.440455e-01  -9.254955e-01   7.221291e-05
   9.807369e-07   2.801383e-06  -2.189460e-10  -3.267924e-01  -9.334520e-01   7.295525e-05
   9.285972e-07   2.824230e-06  -2.210932e-10  -3.094189e-01  -9.410646e-01   7.367069e-05
   8.761170e-07   2.846041e-06  -2.231593e-10  -2.919319e-01  -9.483323e-01   7.435914e-05
   8.233175e-07   2.866814e-06  -2.251440e-10  -2.743385e-01  -9.552543e-01   7.502048e-05
   7.702194e-07   2.886548e-06  -2.270471e-10  -2.566457e-01  -9.618299e-01   7.565462e-05
   7.168436e-07   2.905241e-06  -2.288684e-10  -2.388602e-01  -9.680586e-01   7.626148e-05
   6.632105e-07   2.922892e-06  -2.306075e-10  -2.209891e-01  -9.739400e-01   7.684097e-05
   6.093408e-07   2.939500e-06  -2.322643e-10  -2.030391e-01  -9.794740e-01   7.739305e-05
   5.552548e-07   2.955064e-06  -2.338387e-10  -1.850171e-01  -9.846602e-01   7.791766e-05
   5.009727e-07   2.969585e-06  -2.353306e-10  -1.669297e-01  -9.894988e-01   7.841476e-05
   4.465146e-07   2.983063e-06  -2.367397e-10  -1.487836e-01  -9.939898e-01   7.888431e-05
   3.919005e-07   2.995499e-06  -2.380662e-10  -1.305856e-01  -9.981335e-01   7.932630e-05
   3.371502e-07   3.006893e-06  -2.393099e-10  -1.123422e-01  -1.001930e+00   7.974071e-05
   2.822832e-07   3.017248e-06  -2.404708e-10  -9.405989e-02  -1.005380e+00   8.012754e-05
   2.273191e-07   3.026564e-06  -2.415490e-10  -7.574523e-02  -1.008485e+00   8.048681e-05
   1.722771e-07   3.034844e-06  -2.425445e-10  -5.740464e-02  -1.011244e+00   8.081852e-05
   1.171764e-07   3.042090e-06  -2.434574e-10  -3.904449e-02  -1.013658e+00   8.112270e-05
   6.203604e-08   3.048306e-06  -2.442877e-10  -2.067110e-02  -1.015729e+00   8.139939e-05
   6.874714e-09   3.053493e-06  -2.450357e-10  -2.290731e-03  -1.017458e+00   8.164863e-05
  -4.828893e-08   3.057656e-06  -2.457015e-10   1.609041e-02  -1.018845e+00   8.187046e-05
  -1.034365e-07   3.060797e-06  -2.462852e-10   3.446618e-02  -1.019892e+00   8.206496e-05
  -1.585497e-07   3.062922e-06  -2.467871e-10   5.283050e-02  -1.020600e+00   8.223219e-05
  -2.136104e-07   3.064033e-06  -2.472073e-10   7.117736e-02  -1.020970e+00   8.237222e-05
  -2.686009e-07   3.064136e-06  -2.475462e-10   8.950079e-02  -1.021004e+00   8.248514e-05
  -3.235034e-07   3.063236e-06  -2.478040e-10   1.077949e-01  -1.020704e+00   8.257104e-05
  -3.783004e-07   3.061336e-06  -2.479810e-10   1.260539e-01  -1.020071e+00   8.263002e-05
  -4.329747e-07   3.058443e-06  -2.480775e-10   1.442720e-01  -1.019107e+00   8.266218e-05
  -4.875091e-07   3.054562e-06  -2.480939e-10   1.624434e-01  -1.017814e+00   8.266764e-05
  -5.418867e-07   3.049699e-06  -2.480305e-10   1.805627e-01  -1.016194e+00   8.264651e-05
  -5.960909e-07   3.043860e-06  -2.478877e-10   1.986241e-01  -1.014248e+00   8.259893e-05
  -6.501052e-07   3.037050e-06  -2.476659e-10   2.166223e-01  -1.011979e+00   8.252503e-05
  -7.039132e-07   3.029277e-06  -2.473655e-10   2.345517e-01  -1.009389e+00   8.242494e-05
  -7.574989e-07   3.020547e-06  -2.469870e-10   2.524070e-01  -1.006480e+00   8.229882e-05
  -8.108463e-07   3.010867e-06  -2.465308e-10   2.701830e-01  -1.003254e+00   8.214681e-05
  -8.639399e-07   3.000244e-06  -2.459974e-10   2.878744e-01  -9.997147e-01   8.196908e-05
  -9.167640e-07   2.988686e-06  -2.453873e-10   3.054759e-01  -9.958633e-01   8.176579e-05
  -9.693035e-07   2.976199e-06  -2.447010e-10   3.229827e-01  -9.917026e-01   8.153710e-05
  -1.021543e-06   2.962792e-06  -2.439391e-10   3.403895e-01  -9.872353e-01   8.128320e-05
  -1.073468e-06   2.948473e-06  -2.431020e-10   3.576916e-01  -9.824640e-01   8.100427e-05
  -1.125064e-06   2.933249e-06  -2.421903e-10   3.748839e-01  -9.773912e-01   8.070049e-05
  -1.176316e-06   2.917129e-06  -2.412046e-10   3.919617e-01  -9.720199e-01   8.037206e-05
  -1.227211e-06   2.900122e-06  -2.401456e-10   4.089202e-01  -9.663528e-01   8.001917e-05
  -1.277733e-06   2.882235e-06  -2.390137e-10   4.257548e-01  -9.603928e-01   7.964202e-05
  -1.327869e-06   2.863478e-06  -2.378097e-10   4.424608e-01  -9.541427e-01   7.924083e-05
  -1.377606e-06   2.843860e-06  -2.365341e-10   4.590337e-01  -9.476057e-01   7.881580e-05
  -1.426930e-06   2.823389e-06  -2.351877e-10   4.754690e-01  -9.407846e-01   7.836714e-05
  -1.475828e-06   2.802076e-06  -2.337710e-10   4.917624e-01  -9.336827e-01   7.789509e-05
  -1.524287e-06   2.779928e-06  -2.322848e-10   5.079095e-01  -9.263029e-01   7.739987e-05
  -1.572295e-06   2.756957e-06  -2.307297e-10   5.239060e-01  -9.186486e-01   7.688169e-05
  -1.619837e-06   2.733171e-06  -2.291064e-10   5.397478e-01  -9.107229e-01   7.634081e-05
  -1.666903e-06   2.708580e-06  -2.274158e-10   5.554306e-01  -9.025291e-01   7.577745e-05
  -1.713480e-06   2.683195e-06  -2.256583e-10   5.709506e-01  -8.940705e-01   7.519186e-05
  -1.759556e-06   2.657026e-06  -2.238349e-10   5.863035e-01  -8.853504e-01   7.458429e-05
  -1.805119e-06   2.630082e-06  -2.219463e-10   6.014856e-01  -8.763724e-01   7.395498e-05
  -1.850157e-06   2.602373e-06  -2.199932e-10   6.164930e-01  -8.671397e-01   7.330418e-05
  -1.894660e-06   2.573912e-06  -2.179764e-10   6.313219e-01  -8.576560e-01   7.263216e-05
  -1.938616e-06   2.544707e-06  -2.158967e-10   6.459685e-01  -8.479247e-01   7.193917e-05
  -1.982014e-06   2.514770e-06  -2.137548e-10   6.604292e-01  -8.379493e-01   7.122548e-05
  -2.024844e-06   2.484112e-06  -2.115516e-10   6.747004e-01  -8.277335e-01   7.049135e-05
  -2.067094e-06   2.452742e-06  -2.092879e-10   6.887787e-01  -8.172810e-01   6.973706e-05
  -2.108754e-06   2.420674e-06  -2.069645e-10   7.026604e-01  -8.065953e-01   6.896287e-05
  -2.149815e-06   2.387916e-06  -2.045822e-10   7.163423e-01  -7.956802e-01   6.816907e-05
  -2.190266e-06   2.354481e-06  -2.021419e-10   7.298210e-01  -7.845393e-01   6.735593e-05
  -2.230097e-06   2.320381e-06  -1.996444e-10   7.430932e-01  -7.731766e-01   6.652374e-05
  -2.269300e-06   2.285625e-06  -1.970906e-10   7.561558e-01  -7.615957e-01   6.567277e-05
  -2.307863e-06   2.250227e-06  -1.944813e-10   7.690056e-01  -7.498005e-01   6.480333e-05
  -2.345779e-06   2.214196e-06  -1.918174e-10   7.816396e-01  -7.377948e-01   6.391570e-05
  -2.383038e-06   2.177546e-06  -1.890999e-10   7.940547e-01  -7.255825e-01   6.301017e-05
  -2.419631e-06   2.140288e-06  -1.863295e-10   8.062480e-01  -7.131676e-01   6.208704e-05
  -2.455550e-06   2.102433e-06  -1.835071e-10   8.182166e-01  -7.005539e-01   6.114661e-05
  -2.490787e-06   2.063993e-06  -1.806338e-10   8.299578e-01  -6.877455e-01   6.018918e-05
  -2.525332e-06   2.024981e-06  -1.777103e-10   8.414687e-01  -6.747463e-01   5.921505e-05
  -2.559179e-06   1.985409e-06  -1.747377e-10   8.527467e-01  -6.615603e-01   5.822454e-05
  -2.592318e-06   1.945288e-06  -1.717168e-10   8.637891e-01  -6.481915e-01   5.721793e-05
  -2.624743e-06   1.904631e-06  -1.686485e-10   8.745935e-01  -6.346441e-01   5.619556e-05
  -2.656446e-06   1.863450e-06  -1.655339e-10   8.851572e-01  -6.209221e-01   5.515772e-05
  -2.687419e-06   1.821757e-06  -1.623738e-10   8.954779e-01  -6.070295e-01   5.410474e-05
  -2.717656e-06   1.779565e-06  -1.591692e-10   9.055531e-01  -5.929707e-01   5.303693e-05
  -2.747149e-06   1.736885e-06  -1.559210e-10   9.153806e-01  -5.787495e-01   5.195461e-05
  -2.775892e-06   1.693732e-06  -1.526303e-10   9.249581e-01  -5.643703e-01   5.085811e-05
  -2.803878e-06   1.650117e-06  -1.492979e-10   9.342834e-01  -5.498373e-01   4.974773e-05
  -2.831101e-06   1.606053e-06  -1.459249e-10   9.433544e-01  -5.351545e-01   4.862381e-05
  -2.857555e-06   1.561552e-06  -1.425123e-10   9.521690e-01  -5.203263e-01   4.748668e-05
  -2.883233e-06   1.516627e-06  -1.390610e-10   9.607252e-01  -5.053569e-01   4.633666e-05
  -2.908129e-06   1.471291e-06  -1.355719e-10   9.690210e-01  -4.902506e-01   4.517408e-05
  -2.932239e-06   1.425557e-06  -1.320462e-10   9.770545e-01  -4.750115e-01   4.399927e-05
  -2.955556e-06   1.379438e-06  -1.284848e-10   9.848240e-01  -4.596441e-01   4.281258e-05
  -2.978075e-06   1.332946e-06  -1.248888e-10   9.923276e-01  -4.441526e-01   4.161432e-05
  -2.999791e-06   1.286095e-06  -1.212590e-10   9.995636e-01  -4.285413e-01   4.040484e-05
  -3.020699e-06   1.238898e-06  -1.175966e-10   1.006530e+00  -4.128146e-01   3.918449e-05
  -3.040794e-06   1.191367e-06  -1.139025e-10   1.013226e+00  -3.969768e-01   3.795358e-05
  -3.060072e-06   1.143516e-06  -1.101778e-10   1.019650e+00  -3.810323e-01   3.671248e-05
  -3.078528e-06   1.095358e-06  -1.064236e-10   1.025800e+00  -3.649854e-01   3.546151e-05
  -3.096158e-06   1.046906e-06  -1.026407e-10   1.031674e+00  -3.488407e-01   3.420103e-05
  -3.112958e-06   9.981731e-07  -9.883039e-11   1.037272e+00  -3.326024e-01   3.293138e-05
  -3.128924e-06   9.491729e-07  -9.499357e-11   1.042592e+00  -3.162749e-01   3.165291e-05
  -3.144052e-06   8.999185e-07  -9.113130e-11   1.047633e+00  -2.998628e-01   3.036596e-05
  -3.158339e-06   8.504233e-07  -8.724465e-11   1.052394e+00  -2.833705e-01   2.907089e-05
  -3.171781e-06   8.007007e-07  -8.333467e-11   1.056873e+00  -2.668024e-01   2.776804e-05
  -3.184375e-06   7.507640e-07  -7.940241e-11   1.061069e+00  -2.501629e-01   2.645776e-05
  -3.196118e-06   7.006267e-07  -7.544893e-11   1.064982e+00  -2.334566e-01   2.514042e-05
  -3.207007e-06   6.503022e-07  -7.147529e-11   1.068610e+00  -2.166879e-01   2.381636e-05
  -3.217040e-06   5.998040e-07  -6.748257e-11   1.071953e+00  -1.998614e-01   2.248594e-05
  -3.226214e-06   5.491457e-07  -6.347182e-11   1.075010e+00  -1.829814e-01   2.114952e-05
  -3.234526e-06   4.983408e-07  -5.944414e-11   1.077780e+00  -1.660527e-01   1.980745e-05
  -3.241975e-06   4.474028e-07  -5.540058e-11   1.080262e+00  -1.490796e-01   1.846009e-05
  -3.248559e-06   3.963454e-07  -5.134223e-11   1.082456e+00  -1.320667e-01   1.710780e-05
  -3.254275e-06   3.451822e-07  -4.727018e-11   1.084361e+00  -1.150185e-01   1.575095e-05
  -3.259123e-06   2.939268e-07  -4.318550e-11   1.085976e+00  -9.793967e-02   1.438989e-05
  -3.263100e-06   2.425929e-07  -3.908929e-11   1.087301e+00  -8.083466e-02   1.302499e-05
  -3.266205e-06   1.911943e-07  -3.498265e-11   1.088336e+00  -6.370805e-02   1.165661e-05
  -3.268438e-06   1.397445e-07  -3.086665e-11   1.089080e+00  -4.656442e-02   1.028511e-05
  -3.269797e-06   8.825741e-08  -2.674240e-11   1.089533e+00  -2.940835e-02   8.910865e-06
  -3.270282e-06   3.674670e-08  -2.261100e-11   1.089694e+00  -1.224441e-02   7.534238e-06
  -3.269891e-06  -1.477383e-08  -1.847356e-11   1.089564e+00   4.922805e-03   6.155594e-06
  -3.268626e-06  -6.629041e-08  -1.433117e-11   1.089142e+00   2.208870e-02   4.775303e-06
  -3.266484e-06  -1.177892e-07  -1.018493e-11   1.088429e+00   3.924868e-02   3.393733e-06
  -3.263468e-06  -1.692565e-07  -6.035972e-12   1.087424e+00   5.639814e-02   2.011253e-06
  -3.259575e-06  -2.206783e-07  -1.885392e-12   1.086127e+00   7.353246e-02   6.282335e-07
  -3.254808e-06  -2.720409e-07   2.265695e-12   1.084538e+00   9.064705e-02  -7.549546e-07
  -3.249166e-06  -3.233304e-07   6.416172e-12   1.082658e+00   1.077373e-01  -2.137940e-06
  -3.242650e-06  -3.745329e-07   1.056492e-11   1.080487e+00   1.247985e-01  -3.520350e-06
  -3.235261e-06  -4.256346e-07   1.471083e-11   1.078025e+00   1.418262e-01  -4.901812e-06
  -3.227000e-06  -4.766215e-07   1.885277e-11   1.075272e+00   1.588156e-01  -6.281953e-06
  -3.217868e-06  -5.274798e-07   2.298962e-11   1.072229e+00   1.757621e-01  -7.660398e-06
  -3.207866e-06  -5.781956e-07   2.712027e-11   1.068897e+00   1.926612e-01  -9.036774e-06
  -3.196997e-06  -6.287550e-07   3.124357e-11   1.065275e+00   2.095081e-01  -1.041071e-05
  -3.185262e-06  -6.791440e-07   3.535841e-11   1.061365e+00   2.262983e-01  -1.178182e-05
  -3.172663e-06  -7.293489e-07   3.946366e-11   1.057166e+00   2.430271e-01  -1.314973e-05
  -3.159202e-06  -7.793556e-07   4.355819e-11   1.052681e+00   2.596899e-01  -1.451407e-05
  -3.144881e-06  -8.291502e-07   4.764087e-11   1.047909e+00   2.762821e-01  -1.587447e-05
  -3.129703e-06  -8.787189e-07   5.171056e-11   1.042852e+00   2.927989e-01  -1.723053e-05
  -3.113671e-06  -9.280477e-07   5.576614e-11   1.037510e+00   3.092358e-01  -1.858190e-05
  -3.096788e-06  -9.771228e-07   5.980648e-11   1.031884e+00   3.255882e-01  -1.992818e-05
  -3.079057e-06  -1.025930e-06   6.383043e-11   1.025976e+00   3.418513e-01  -2.126901e-05
  -3.060480e-06  -1.074456e-06   6.783686e-11   1.019786e+00   3.580207e-01  -2.260399e-05
  -3.041062e-06  -1.122687e-06   7.182464e-11   1.013316e+00   3.740917e-01  -2.393277e-05
  -3.020807e-06  -1.170608e-06   7.579264e-11   1.006566e+00   3.900595e-01  -2.525495e-05
  -2.999717e-06  -1.218206e-06   7.973971e-11   9.995391e-01   4.059197e-01  -2.657016e-05
  -2.977798e-06  -1.265467e-06   8.366473e-11   9.922354e-01   4.216677e-01  -2.787802e-05
  -2.955053e-06  -1.312377e-06   8.756655e-11   9.846566e-01   4.372987e-01  -2.917815e-05
  -2.931488e-06  -1.358923e-06   9.144405e-11   9.768042e-01   4.528082e-01  -3.047017e-05
  -2.907106e-06  -1.405090e-06   9.529608e-11   9.686799e-01   4.681917e-01  -3.175371e-05
  -2.881912e-06  -1.450865e-06   9.912152e-11   9.602852e-01   4.834445e-01  -3.302839e-05
  -2.855913e-06  -1.496235e-06   1.029192e-10   9.516219e-01   4.985620e-01  -3.429383e-05
  -2.829112e-06  -1.541184e-06   1.066881e-10   9.426917e-01   5.135397e-01  -3.554964e-05
  -2.801516e-06  -1.585700e-06   1.104269e-10   9.334964e-01   5.283730e-01  -3.679547e-05
  -2.773131e-06  -1.629770e-06   1.141346e-10   9.240379e-01   5.430574e-01  -3.803092e-05
  -2.743961e-06  -1.673378e-06   1.178101e-10   9.143183e-01   5.575882e-01  -3.925562e-05
  -2.714014e-06  -1.716513e-06   1.214521e-10   9.043396e-01   5.719611e-01  -4.046920e-05
  -2.683296e-06  -1.759159e-06   1.250597e-10   8.941039e-01   5.861714e-01  -4.167127e-05
  -2.651813e-06  -1.801305e-06   1.286316e-10   8.836135e-01   6.002147e-01  -4.286147e-05
  -2.619572e-06  -1.842935e-06   1.321667e-10   8.728704e-01   6.140864e-01  -4.403942e-05
  -2.586580e-06  -1.884037e-06   1.356640e-10   8.618772e-01   6.277821e-01  -4.520475e-05
  -2.552845e-06  -1.924598e-06   1.391223e-10   8.506362e-01   6.412973e-01  -4.635708e-05
  -2.518373e-06  -1.964603e-06   1.425404e-10   8.391499e-01   6.546276e-01  -4.749605e-05
  -2.483173e-06  -2.004040e-06   1.459173e-10   8.274208e-01   6.677685e-01  -4.862127e-05
  -2.447252e-06  -2.042896e-06   1.492519e-10   8.154517e-01   6.807156e-01  -4.973238e-05
  -2.410619e-06  -2.081157e-06   1.525430e-10   8.032451e-01   6.934646e-01  -5.082902e-05
  -2.373282e-06  -2.118810e-06   1.557895e-10   7.908040e-01   7.060110e-01  -5.191081e-05
  -2.335250e-06  -2.155842e-06   1.589905e-10   7.781311e-01   7.183505e-01  -5.297738e-05
  -2.296530e-06  -2.192240e-06   1.621446e-10   7.652294e-01   7.304788e-01  -5.402838e-05
  -2.257133e-06  -2.227991e-06   1.652509e-10   7.521019e-01   7.423915e-01  -5.506344e-05
  -2.217068e-06  -2.263083e-06   1.683083e-10   7.387517e-01   7.540844e-01  -5.608219e-05
  -2.176344e-06  -2.297502e-06   1.713156e-10   7.251820e-01   7.655532e-01  -5.708427e-05
  -2.134971e-06  -2.331236e-06   1.742719e-10   7.113960e-01   7.767937e-01  -5.806934e-05
  -2.092959e-06  -2.364272e-06   1.771760e-10   6.973970e-01   7.878017e-01  -5.903702e-05
  -2.050318e-06  -2.396598e-06   1.800269e-10   6.831886e-01   7.985730e-01  -5.998696e-05
  -2.007058e-06  -2.428201e-06   1.828235e-10   6.687741e-01   8.091035e-01  -6.091881e-05
  -1.963191e-06  -2.459069e-06   1.855647e-10   6.541572e-01   8.193890e-01  -6.183222e-05
  -1.918728e-06  -2.489189e-06   1.882495e-10   6.393414e-01   8.294256e-01  -6.272684e-05
  -1.873679e-06  -2.518551e-06   1.908769e-10   6.243306e-01   8.392090e-01  -6.360232e-05
  -1.828056e-06  -2.547140e-06   1.934459e-10   6.091286e-01   8.487354e-01  -6.445831e-05
  -1.781871e-06  -2.574946e-06   1.959553e-10   5.937392e-01   8.580007e-01  -6.529448e-05
  -1.735136e-06  -2.601957e-06   1.984042e-10   5.781665e-01   8.670010e-01  -6.611049e-05
  -1.687862e-06  -2.628161e-06   2.007916e-10   5.624144e-01   8.757325e-01  -6.690600e-05
  -1.640063e-06  -2.653547e-06   2.031165e-10   5.464873e-01   8.841913e-01  -6.768067e-05
  -1.591751e-06  -2.678103e-06   2.053778e-10   5.303892e-01   8.923736e-01  -6.843417e-05
  -1.542940e-06  -2.701818e-06   2.075747e-10   5.141246e-01   9.002757e-01  -6.916618e-05
  -1.493641e-06  -2.724680e-06   2.097060e-10   4.976978e-01   9.078937e-01  -6.987638e-05
  -1.443869e-06  -2.746680e-06   2.117710e-10   4.811133e-01   9.152241e-01  -7.056444e-05
  -1.393638e-06  -2.767805e-06   2.137685e-10   4.643758e-01   9.222633e-01  -7.123004e-05
  -1.342962e-06  -2.788046e-06   2.156977e-10   4.474898e-01   9.290077e-01  -7.187288e-05
  -1.291854e-06  -2.807391e-06   2.175577e-10   4.304602e-01   9.354538e-01  -7.249264e-05
  -1.240330e-06  -2.825831e-06   2.193475e-10   4.132917e-01   9.415982e-01  -7.308901e-05
  -1.188404e-06  -2.843355e-06   2.210662e-10   3.959892e-01   9.474375e-01  -7.366171e-05
  -1.136090e-06  -2.859954e-06   2.227129e-10   3.785579e-01   9.529683e-01  -7.421042e-05
  -1.083406e-06  -2.875617e-06   2.242868e-10   3.610028e-01   9.581875e-01  -7.473486e-05
  -1.030365e-06  -2.890335e-06   2.257870e-10   3.433290e-01   9.630917e-01  -7.523474e-05
  -9.769840e-07  -2.904099e-06   2.272127e-10   3.255419e-01   9.676780e-01  -7.570978e-05
  -9.232789e-07  -2.916899e-06   2.285629e-10   3.076468e-01   9.719432e-01  -7.615970e-05
  -8.692661e-07  -2.928727e-06   2.298370e-10   2.896491e-01   9.758843e-01  -7.658423e-05
  -8.149620e-07  -2.939574e-06   2.310340e-10   2.715544e-01   9.794985e-01  -7.698310e-05
  -7.603835e-07  -2.949430e-06   2.321533e-10   2.533682e-01   9.827830e-01  -7.735605e-05
  -7.055478e-07  -2.958289e-06   2.331940e-10   2.350964e-01   9.857348e-01  -7.770282e-05
  -6.504722e-07  -2.966142e-06   2.341554e-10   2.167445e-01   9.883515e-01  -7.802318e-05
  -5.951742e-07  -2.972981e-06   2.350368e-10   1.983187e-01   9.906304e-01  -7.831686e-05
  -5.396719e-07  -2.978799e-06   2.358374e-10   1.798247e-01   9.925690e-01  -7.858365e-05
  -4.839832e-07  -2.983589e-06   2.365566e-10   1.612686e-01   9.941649e-01  -7.882330e-05
  -4.281266e-07  -2.987343e-06   2.371938e-10   1.426565e-01   9.954158e-01  -7.903560e-05
  -3.721207e-07  -2.990055e-06   2.377482e-10   1.239947e-01   9.963195e-01  -7.922033e-05
  -3.159843e-07  -2.991719e-06   2.382192e-10   1.052895e-01   9.968738e-01  -7.937728e-05
  -2.597365e-07  -2.992328e-06   2.386063e-10   8.654709e-02   9.970768e-01  -7.950625e-05
  -2.033967e-07  -2.991876e-06   2.389088e-10   6.777405e-02   9.969264e-01  -7.960705e-05
  -1.469845e-07  -2.990359e-06   2.391262e-10   4.897688e-02   9.964209e-01  -7.967949e-05
  -9.051971e-08  -2.987772e-06   2.392579e-10   3.016217e-02   9.955586e-01  -7.972340e-05
  -3.402231e-08  -2.984108e-06   2.393036e-10   1.133661e-02   9.943379e-01  -7.973861e-05
   2.248738e-08  -2.979365e-06   2.392626e-10  -7.493045e-03   9.927573e-01  -7.972496e-05
   7.898887e-08  -2.973537e-06   2.391346e-10  -2.631997e-02   9.908155e-01  -7.968229e-05
   1.354614e-07  -2.966621e-06   2.389190e-10  -4.513726e-02   9.885111e-01  -7.961048e-05
   1.918842e-07  -2.958614e-06   2.386156e-10  -6.393794e-02   9.858431e-01  -7.950938e-05
   2.482359e-07  -2.949513e-06   2.382240e-10  -8.271496e-02   9.828106e-01  -7.937887e-05
   3.044953e-07  -2.939315e-06   2.377437e-10  -1.014612e-01   9.794125e-01  -7.921884e-05
   3.606409e-07  -2.928018e-06   2.371746e-10  -1.201695e-01   9.756482e-01  -7.902920e-05
   4.166508e-07  -2.915621e-06   2.365163e-10  -1.388327e-01   9.715172e-01  -7.880984e-05
   4.725032e-07  -2.902121e-06   2.357685e-10  -1.574433e-01   9.670188e-01  -7.856069e-05
   5.281760e-07  -2.887518e-06   2.349312e-10  -1.759941e-01   9.621529e-01  -7.828168e-05
   5.836469e-07  -2.871811e-06   2.340041e-10  -1.944776e-01   9.569193e-01  -7.797275e-05
   6.388934e-07  -2.855001e-06   2.329870e-10  -2.128864e-01   9.513179e-01  -7.763385e-05
   6.938931e-07  -2.837087e-06   2.318799e-10  -2.312129e-01   9.453488e-01  -7.726495e-05
   7.486230e-07  -2.818071e-06   2.306827e-10  -2.494495e-01   9.390124e-01  -7.686602e-05
   8.030604e-07  -2.797953e-06   2.293953e-10  -2.675887e-01   9.323090e-01  -7.643706e-05
   8.571823e-07  -2.776736e-06   2.280178e-10  -2.856226e-01   9.252393e-01  -7.597806e-05
   9.109654e-07  -2.754422e-06   2.265502e-10  -3.035438e-01   9.178041e-01  -7.548904e-05
   9.643866e-07  -2.731014e-06   2.249926e-10  -3.213443e-01   9.100042e-01  -7.497003e-05
   1.017422e-06  -2.706514e-06   2.233451e-10  -3.390164e-01   9.018407e-01  -7.442107e-05
   1.070049e-06  -2.680928e-06   2.216079e-10  -3.565524e-01   8.933149e-01  -7.384221e-05
   1.122244e-06  -2.654258e-06   2.197812e-10  -3.739443e-01   8.844282e-01  -7.323352e-05
   1.173983e-06  -2.626510e-06   2.178651e-10  -3.911842e-01   8.751823e-01  -7.259508e-05
   1.225243e-06  -2.597689e-06   2.158601e-10  -4.082644e-01   8.655789e-01  -7.192699e-05
   1.275999e-06  -2.567802e-06   2.137665e-10  -4.251769e-01   8.556200e-01  -7.122936e-05
   1.326228e-06  -2.536853e-06   2.115845e-10  -4.419138e-01   8.453077e-01  -7.050231e-05
   1.375906e-06  -2.504852e-06   2.093147e-10  -4.584672e-01   8.346445e-01  -6.974599e-05
   1.425010e-06  -2.471805e-06   2.069575e-10  -4.748292e-01   8.236327e-01  -6.896054e-05
   1.473516e-06  -2.437720e-06   2.045135e-10  -4.909918e-01   8.122753e-01  -6.814615e-05
   1.521400e-06  -2.402606e-06   2.019831e-10  -5.069472e-01   8.005749e-01  -6.730300e-05
   1.568638e-06  -2.366472e-06   1.993669e-10  -5.226875e-01   7.885348e-01  -6.643128e-05
   1.615206e-06  -2.329329e-06   1.966658e-10  -5.382047e-01   7.761583e-01  -6.553122e-05
   1.661082e-06  -2.291187e-06   1.938802e-10  -5.534910e-01   7.634488e-01  -6.460304e-05
   1.706242e-06  -2.252056e-06   1.910111e-10  -5.685387e-01   7.504101e-01  -6.364701e-05
   1.750661e-06  -2.211949e-06   1.880591e-10  -5.833398e-01   7.370461e-01  -6.266338e-05
   1.794318e-06  -2.170878e-06   1.850252e-10  -5.978867e-01   7.233608e-01  -6.165245e-05
   1.837189e-06  -2.128856e-06   1.819102e-10  -6.121716e-01   7.093586e-01  -6.061450e-05
   1.879250e-06  -2.085897e-06   1.787151e-10  -6.261869e-01   6.950440e-01  -5.954985e-05
   1.920479e-06  -2.042014e-06   1.754409e-10  -6.399250e-01   6.804217e-01  -5.845884e-05
   1.960854e-06  -1.997222e-06   1.720886e-10  -6.533783e-01   6.654966e-01  -5.734182e-05
   2.000352e-06  -1.951537e-06   1.686593e-10  -6.665394e-01   6.502739e-01  -5.619916e-05
   2.038950e-06  -1.904975e-06   1.651542e-10  -6.794009e-01   6.347588e-01  -5.503123e-05
   2.076628e-06  -1.857552e-06   1.615746e-10  -6.919554e-01   6.189570e-01  -5.383843e-05
   2.113362e-06  -1.809286e-06   1.579215e-10  -7.041957e-01   6.028742e-01  -5.262120e-05
   2.149132e-06  -1.760195e-06   1.541964e-10  -7.161148e-01   5.865163e-01  -5.137996e-05
   2.183917e-06  -1.710296e-06   1.504006e-10  -7.277055e-01   5.698896e-01  -5.011516e-05
   2.217696e-06  -1.659609e-06   1.465356e-10  -7.389609e-01   5.530003e-01  -4.882727e-05
   2.250448e-06  -1.608155e-06   1.426026e-10  -7.498743e-01   5.358550e-01  -4.751679e-05
   2.282154e-06  -1.555952e-06   1.386034e-10  -7.604390e-01   5.184605e-01  -4.618420e-05
   2.312793e-06  -1.503023e-06   1.345394e-10  -7.706484e-01   5.008238e-01  -4.483004e-05
   2.342347e-06  -1.449388e-06   1.304123e-10  -7.804960e-01   4.829520e-01  -4.345483e-05
   2.370796e-06  -1.395069e-06   1.262237e-10  -7.899757e-01   4.648526e-01  -4.205914e-05
   2.398123e-06  -1.340090e-06   1.219753e-10  -7.990812e-01   4.465329e-01  -4.064353e-05
   2.424309e-06  -1.284474e-06   1.176689e-10  -8.078066e-01   4.280009e-01  -3.920859e-05
   2.449337e-06  -1.228244e-06   1.133063e-10  -8.161462e-01   4.092645e-01  -3.775492e-05
   2.473189e-06  -1.171425e-06   1.088893e-10  -8.240941e-01   3.903317e-01  -3.628313e-05
   2.495850e-06  -1.114041e-06   1.044199e-10  -8.316451e-01   3.712108e-01  -3.479387e-05
   2.517304e-06  -1.056119e-06   9.989996e-11  -8.387937e-01   3.519104e-01  -3.328778e-05
   2.537536e-06  -9.976832e-07   9.533150e-11  -8.455350e-01   3.324391e-01  -3.176551e-05
   2.556530e-06  -9.387614e-07   9.071656e-11  -8.518640e-01   3.128057e-01  -3.022777e-05
   2.574272e-06  -8.793802e-07   8.605722e-11  -8.577761e-01   2.930192e-01  -2.867522e-05
   2.590750e-06  -8.195669e-07   8.135561e-11  -8.632667e-01   2.730888e-01  -2.710859e-05
   2.605950e-06  -7.593494e-07   7.661387e-11  -8.683316e-01   2.530237e-01  -2.552859e-05
   2.619861e-06  -6.987562e-07   7.183422e-11  -8.729667e-01   2.328333e-01  -2.393596e-05
   2.632470e-06  -6.378160e-07   6.701889e-11  -8.771683e-01   2.125274e-01  -2.233144e-05
   2.643768e-06  -5.765579e-07   6.217016e-11  -8.809328e-01   1.921155e-01  -2.071579e-05
   2.653743e-06  -5.150115e-07   5.729035e-11  -8.842567e-01   1.716076e-01  -1.908978e-05
   2.662388e-06  -4.532068e-07   5.238180e-11  -8.871371e-01   1.510135e-01  -1.745420e-05
   2.669692e-06  -3.911741e-07   4.744690e-11  -8.895711e-01   1.303435e-01  -1.580983e-05
   2.675649e-06  -3.289439e-07   4.248805e-11  -8.915561e-01   1.096078e-01  -1.415749e-05
   2.680252e-06  -2.665473e-07   3.750769e-11  -8.930897e-01   8.881651e-02  -1.249798e-05
   2.683494e-06  -2.040153e-07   3.250829e-11  -8.941700e-01   6.798017e-02  -1.083212e-05
   2.685370e-06  -1.413795e-07   2.749234e-11  -8.947951e-01   4.710922e-02  -9.160753e-06
   2.685875e-06  -7.867155e-08   2.246236e-11  -8.949634e-01   2.621423e-02  -7.484708e-06
   2.685006e-06  -1.592335e-08   1.742089e-11  -8.946738e-01   5.305838e-03  -5.804834e-06
   2.682760e-06   4.683300e-08   1.237048e-11  -8.939253e-01  -1.560527e-02  -4.121982e-06
   2.679134e-06   1.095653e-07   7.313718e-12  -8.927172e-01  -3.650836e-02  -2.437012e-06
   2.674128e-06   1.722410e-07   2.253185e-12  -8.910492e-01  -5.739263e-02  -7.507861e-07
   2.667741e-06   2.348279e-07  -2.808511e-12  -8.889210e-01  -7.824726e-02   9.358270e-07
   2.659974e-06   2.972932e-07  -7.868753e-12  -8.863329e-01  -9.906141e-02   2.621956e-06
   2.650828e-06   3.596045e-07  -1.292491e-11  -8.832854e-01  -1.198242e-01   4.306725e-06
   2.640306e-06   4.217290e-07  -1.797436e-11  -8.797792e-01  -1.405248e-01   5.989258e-06
   2.628410e-06   4.836341e-07  -2.301447e-11  -8.758155e-01  -1.611522e-01   7.668675e-06
   2.615145e-06   5.452873e-07  -2.804258e-11  -8.713955e-01  -1.816958e-01   9.344098e-06
   2.600517e-06   6.066560e-07  -3.305606e-11  -8.665210e-01  -2.021445e-01   1.101465e-05
   2.584529e-06   6.677079e-07  -3.805228e-11  -8.611938e-01  -2.224877e-01   1.267944e-05
   2.567190e-06   7.284106e-07  -4.302859e-11  -8.554163e-01  -2.427145e-01   1.433760e-05
   2.548508e-06   7.887320e-07  -4.798238e-11  -8.491911e-01  -2.628142e-01   1.598826e-05
   2.528490e-06   8.486400e-07  -5.291103e-11  -8.425208e-01  -2.827763e-01   1.763054e-05
   2.507145e-06   9.081031e-07  -5.781193e-11  -8.354087e-01  -3.025900e-01   1.926358e-05
   2.484486e-06   9.670895e-07  -6.268249e-11  -8.278582e-01  -3.222450e-01   2.088650e-05
   2.460521e-06   1.025568e-06  -6.752014e-11  -8.198730e-01  -3.417307e-01   2.249846e-05
   2.435264e-06   1.083508e-06  -7.232231e-11  -8.114571e-01  -3.610369e-01   2.409860e-05
   2.408728e-06   1.140879e-06  -7.708648e-11  -8.026147e-01  -3.801534e-01   2.568607e-05
   2.380925e-06   1.197649e-06  -8.181014e-11  -7.933505e-01  -3.990701e-01   2.726005e-05
   2.351870e-06   1.253791e-06  -8.649078e-11  -7.836693e-01  -4.177769e-01   2.881969e-05
   2.321580e-06   1.309273e-06  -9.112597e-11  -7.735761e-01  -4.362642e-01   3.036418e-05
   2.290069e-06   1.364067e-06  -9.571325e-11  -7.630763e-01  -4.545222e-01   3.189272e-05
   2.257355e-06   1.418144e-06  -1.002503e-10  -7.521756e-01  -4.725414e-01   3.340450e-05
   2.223455e-06   1.471477e-06  -1.047346e-10  -7.408798e-01  -4.903124e-01   3.489873e-05
   2.188388e-06   1.524037e-06  -1.091640e-10  -7.291951e-01  -5.078259e-01   3.637464e-05
   2.152173e-06   1.575797e-06  -1.135360e-10  -7.171278e-01  -5.250731e-01   3.783147e-05
   2.114829e-06   1.626732e-06  -1.178486e-10  -7.046846e-01  -5.420450e-01   3.926847e-05
   2.076378e-06   1.676814e-06  -1.220995e-10  -6.918723e-01  -5.587330e-01   4.068490e-05
   2.036841e-06   1.726019e-06  -1.262864e-10  -6.786980e-01  -5.751286e-01   4.208004e-05
   1.996239e-06   1.774322e-06  -1.304074e-10  -6.651689e-01  -5.912237e-01   4.345319e-05
   1.954595e-06   1.821698e-06  -1.344603e-10  -6.512926e-01  -6.070101e-01   4.480365e-05
   1.911931e-06   1.868125e-06  -1.384430e-10  -6.370768e-01  -6.224800e-01   4.613076e-05
   1.868273e-06   1.913580e-06  -1.423537e-10  -6.225293e-01  -6.376260e-01   4.743385e-05
   1.823643e-06   1.958040e-06  -1.461905e-10  -6.076582e-01  -6.524405e-01   4.871229e-05
   1.778068e-06   2.001483e-06  -1.499514e-10  -5.924719e-01  -6.669165e-01   4.996545e-05
   1.731571e-06   2.043891e-06  -1.536346e-10  -5.769787e-01  -6.810471e-01   5.119274e-05
   1.684180e-06   2.085242e-06  -1.572384e-10  -5.611873e-01  -6.948257e-01   5.239357e-05
   1.635919e-06   2.125517e-06  -1.607610e-10  -5.451064e-01  -7.082458e-01   5.356737e-05
   1.586816e-06   2.164698e-06  -1.642010e-10  -5.287449e-01  -7.213014e-01   5.471359e-05
   1.536899e-06   2.202767e-06  -1.675566e-10  -5.121118e-01  -7.339865e-01   5.583171e-05
   1.486194e-06   2.239708e-06  -1.708263e-10  -4.952163e-01  -7.462955e-01   5.692123e-05
   1.434729e-06   2.275504e-06  -1.740088e-10  -4.780676e-01  -7.582230e-01   5.798165e-05
   1.382533e-06   2.310139e-06  -1.771025e-10  -4.606753e-01  -7.697641e-01   5.901252e-05
   1.329634e-06   2.343601e-06  -1.801062e-10  -4.430487e-01  -7.809137e-01   6.001338e-05
   1.276060e-06   2.375874e-06  -1.830185e-10  -4.251975e-01  -7.916674e-01   6.098381e-05
   1.221842e-06   2.406945e-06  -1.858384e-10  -4.071313e-01  -8.020209e-01   6.192341e-05
   1.167008e-06   2.436804e-06  -1.885645e-10  -3.888599e-01  -8.119701e-01   6.283180e-05
   1.111587e-06   2.465438e-06  -1.911959e-10  -3.703931e-01  -8.215114e-01   6.370861e-05
   1.055609e-06   2.492837e-06  -1.937316e-10  -3.517408e-01  -8.306411e-01   6.455352e-05
   9.991048e-07   2.518992e-06  -1.961705e-10  -3.329128e-01  -8.393561e-01   6.536619e-05
   9.421030e-07   2.543893e-06  -1.985118e-10  -3.139192e-01  -8.476534e-01   6.614634e-05
   8.846341e-07   2.567533e-06  -2.007547e-10  -2.947699e-01  -8.555304e-01   6.689369e-05
   8.267280e-07   2.589904e-06  -2.028984e-10  -2.754750e-01  -8.629847e-01   6.760799e-05
   7.684149e-07   2.611000e-06  -2.049421e-10  -2.560444e-01  -8.700142e-01   6.828900e-05
   7.097249e-07   2.630815e-06  -2.068854e-10  -2.364882e-01  -8.766169e-01   6.893652e-05
   6.506881e-07   2.649345e-06  -2.087276e-10  -2.168165e-01  -8.827913e-01   6.955035e-05
   5.913345e-07   2.666586e-06  -2.104682e-10  -1.970392e-01  -8.885360e-01   7.013033e-05
   5.316943e-07   2.682533e-06  -2.121067e-10  -1.771664e-01  -8.938499e-01   7.067632e-05
   4.717973e-07   2.697186e-06  -2.136429e-10  -1.572081e-01  -8.987323e-01   7.118818e-05
   4.116734e-07   2.710541e-06  -2.150763e-10  -1.371742e-01  -9.031825e-01   7.166580e-05
   3.513524e-07   2.722599e-06  -2.164067e-10  -1.170745e-01  -9.072002e-01   7.210911e-05
   2.908639e-07   2.733359e-06  -2.176339e-10  -9.691907e-02  -9.107854e-01   7.251804e-05
   2.302372e-07   2.742820e-06  -2.187579e-10  -7.671759e-02  -9.139382e-01   7.289255e-05
   1.695017e-07   2.750986e-06  -2.197784e-10  -5.647984e-02  -9.166591e-01   7.323260e-05
   1.086864e-07   2.757857e-06  -2.206955e-10  -3.621552e-02  -9.189486e-01   7.353819e-05
   4.782020e-08   2.763436e-06  -2.215093e-10  -1.593422e-02  -9.208077e-01   7.380934e-05
  -1.306833e-08   2.767727e-06  -2.222197e-10   4.354514e-03  -9.222375e-01   7.404608e-05
  -7.395082e-08   2.770734e-06  -2.228271e-10   2.464124e-02  -9.232392e-01   7.424845e-05
  -1.347992e-07   2.772460e-06  -2.233315e-10   4.491658e-02  -9.238146e-01   7.441653e-05
  -1.955856e-07   2.772913e-06  -2.237332e-10   6.517129e-02  -9.239652e-01   7.455040e-05
  -2.562825e-07   2.772096e-06  -2.240326e-10   8.539619e-02  -9.236932e-01   7.465016e-05
  -3.168628e-07   2.770018e-06  -2.242300e-10   1.055822e-01  -9.230007e-01   7.471594e-05
  -3.772996e-07   2.766685e-06  -2.243259e-10   1.257204e-01  -9.218900e-01   7.474787e-05
  -4.375664e-07   2.762104e-06  -2.243206e-10   1.458020e-01  -9.203638e-01   7.474611e-05
  -4.976369e-07   2.756285e-06  -2.242147e-10   1.658181e-01  -9.184248e-01   7.471082e-05
  -5.574854e-07   2.749236e-06  -2.240087e-10   1.857603e-01  -9.160759e-01   7.464220e-05
  -6.170863e-07   2.740966e-06  -2.237033e-10   2.056200e-01  -9.133204e-01   7.454044e-05
  -6.764148e-07   2.731486e-06  -2.232991e-10   2.253889e-01  -9.101615e-01   7.440575e-05
  -7.354461e-07   2.720806e-06  -2.227968e-10   2.450588e-01  -9.066026e-01   7.423838e-05
  -7.941559e-07   2.708936e-06  -2.221971e-10   2.646216e-01  -9.026475e-01   7.403855e-05
  -8.525205e-07   2.695888e-06  -2.215008e-10   2.840693e-01  -8.982999e-01   7.380653e-05
  -9.105163e-07   2.681675e-06  -2.207087e-10   3.033941e-01  -8.935637e-01   7.354258e-05
  -9.681204e-07   2.666307e-06  -2.198216e-10   3.225885e-01  -8.884432e-01   7.324700e-05
  -1.025310e-06   2.649799e-06  -2.188405e-10   3.416448e-01  -8.829424e-01   7.292007e-05
  -1.082064e-06   2.632163e-06  -2.177662e-10   3.605557e-01  -8.770658e-01   7.256211e-05
  -1.138359e-06   2.613412e-06  -2.165997e-10   3.793139e-01  -8.708179e-01   7.217342e-05
  -1.194175e-06   2.593561e-06  -2.153420e-10   3.979125e-01  -8.642034e-01   7.175435e-05
  -1.249491e-06   2.572624e-06  -2.139942e-10   4.163444e-01  -8.572269e-01   7.130523e-05
  -1.304287e-06   2.550616e-06  -2.125572e-10   4.346029e-01  -8.498934e-01   7.082641e-05
  -1.358543e-06   2.527550e-06  -2.110321e-10   4.526814e-01  -8.422079e-01   7.031825e-05
  -1.412238e-06   2.503444e-06  -2.094202e-10   4.705735e-01  -8.341754e-01   6.978112e-05
  -1.465356e-06   2.478312e-06  -2.077224e-10   4.882727e-01  -8.258011e-01   6.921541e-05
  -1.517876e-06   2.452170e-06  -2.059400e-10   5.057731e-01  -8.170904e-01   6.862149e-05
  -1.569781e-06   2.425035e-06  -2.040741e-10   5.230684e-01  -8.080486e-01   6.799977e-05
  -1.621054e-06   2.396922e-06  -2.021260e-10   5.401530e-01  -7.986812e-01   6.735064e-05
  -1.671677e-06   2.367849e-06  -2.000970e-10   5.570212e-01  -7.889937e-01   6.667453e-05
  -1.721633e-06   2.337832e-06  -1.979881e-10   5.736674e-01  -7.789917e-01   6.597184e-05
  -1.770908e-06   2.306889e-06  -1.958008e-10   5.900862e-01  -7.686811e-01   6.524301e-05
  -1.819485e-06   2.275037e-06  -1.935363e-10   6.062725e-01  -7.580674e-01   6.448846e-05
  -1.867348e-06   2.242292e-06  -1.911960e-10   6.222211e-01  -7.471567e-01   6.370864e-05
  -1.914484e-06   2.208674e-06  -1.887812e-10   6.379272e-01  -7.359547e-01   6.290398e-05
  -1.960877e-06   2.174199e-06  -1.862931e-10   6.533860e-01  -7.244674e-01   6.207494e-05
  -2.006515e-06   2.138887e-06  -1.837333e-10   6.685930e-01  -7.127008e-01   6.122197e-05
  -2.051383e-06   2.102754e-06  -1.811030e-10   6.835436e-01  -7.006610e-01   6.034552e-05
  -2.095469e-06   2.065820e-06  -1.784036e-10   6.982337e-01  -6.883541e-01   5.944607e-05
  -2.138761e-06   2.028102e-06  -1.756367e-10   7.126590e-01  -6.757861e-01   5.852408e-05
  -2.181246e-06   1.989620e-06  -1.728034e-10   7.268155e-01  -6.629633e-01   5.758002e-05
  -2.222914e-06   1.950391e-06  -1.699054e-10   7.406995e-01  -6.498919e-01   5.661437e-05
  -2.263752e-06   1.910435e-06  -1.669440e-10   7.543073e-01  -6.365781e-01   5.562760e-05
  -2.303750e-06   1.869770e-06  -1.639207e-10   7.676352e-01  -6.230281e-01   5.462019e-05
  -2.342899e-06   1.828415e-06  -1.608369e-10   7.806799e-01  -6.092483e-01   5.359263e-05
  -2.381188e-06   1.786390e-06  -1.576940e-10   7.934381e-01  -5.952449e-01   5.254541e-05
  -2.418607e-06   1.743712e-06  -1.544937e-10   8.059068e-01  -5.810243e-01   5.147901e-05
  -2.455149e-06   1.700402e-06  -1.512372e-10   8.180829e-01  -5.665927e-01   5.039392e-05
  -2.490804e-06   1.656477e-06  -1.479261e-10   8.299637e-01  -5.519565e-01   4.929063e-05
  -2.525565e-06   1.611957e-06  -1.445619e-10   8.415464e-01  -5.371221e-01   4.816964e-05
  -2.559424e-06   1.566862e-06  -1.411461e-10   8.528284e-01  -5.220958e-01   4.703144e-05
  -2.592373e-06   1.521210e-06  -1.376801e-10   8.638074e-01  -5.068840e-01   4.587653e-05
  -2.624405e-06   1.475020e-06  -1.341654e-10   8.744810e-01  -4.914930e-01   4.470540e-05
  -2.655515e-06   1.428311e-06  -1.306036e-10   8.848471e-01  -4.759292e-01   4.351855e-05
  -2.685696e-06   1.381103e-06  -1.269960e-10   8.949037e-01  -4.601988e-01   4.231648e-05
  -2.714942e-06   1.333414e-06  -1.233443e-10   9.046489e-01  -4.443083e-01   4.109968e-05
  -2.743248e-06   1.285263e-06  -1.196498e-10   9.140808e-01  -4.282640e-01   3.986865e-05
  -2.770610e-06   1.236670e-06  -1.159142e-10   9.231979e-01  -4.120721e-01   3.862388e-05
  -2.797021e-06   1.187653e-06  -1.121388e-10   9.319985e-01  -3.957390e-01   3.736588e-05
  -2.822479e-06   1.138230e-06  -1.083251e-10   9.404814e-01  -3.792710e-01   3.609514e-05
  -2.846980e-06   1.088422e-06  -1.044748e-10   9.486452e-01  -3.626743e-01   3.481215e-05
  -2.870519e-06   1.038246e-06  -1.005891e-10   9.564887e-01  -3.459551e-01   3.351740e-05
  -2.893094e-06   9.877214e-07  -9.666965e-11   9.640109e-01  -3.291197e-01   3.221140e-05
  -2.914702e-06   9.368665e-07  -9.271788e-11   9.712109e-01  -3.121743e-01   3.089463e-05
  -2.935340e-06   8.856999e-07  -8.873527e-11   9.780878e-01  -2.951250e-01   2.956758e-05
  -2.955006e-06   8.342401e-07  -8.472328e-11   9.846408e-01  -2.779781e-01   2.823074e-05
  -2.973699e-06   7.825054e-07  -8.068338e-11   9.908695e-01  -2.607395e-01   2.688460e-05
  -2.991417e-06   7.305141e-07  -7.661702e-11   9.967732e-01  -2.434154e-01   2.552964e-05
  -3.008158e-06   6.782843e-07  -7.252565e-11   1.002352e+00  -2.260119e-01   2.416635e-05
  -3.023922e-06   6.258342e-07  -6.841072e-11   1.007604e+00  -2.085349e-01   2.279521e-05
  -3.038708e-06   5.731817e-07  -6.427366e-11   1.012531e+00  -1.909905e-01   2.141670e-05
  -3.052516e-06   5.203448e-07  -6.011592e-11   1.017132e+00  -1.733846e-01   2.003129e-05
  -3.065347e-06   4.673410e-07  -5.593891e-11   1.021407e+00  -1.557232e-01   1.863947e-05
  -3.077199e-06   4.141882e-07  -5.174406e-11   1.025357e+00  -1.380121e-01   1.724169e-05
  -3.088074e-06   3.609038e-07  -4.753277e-11   1.028980e+00  -1.202572e-01   1.583845e-05
  -3.097972e-06   3.075053e-07  -4.330646e-11   1.032279e+00  -1.024642e-01   1.443019e-05
  -3.106896e-06   2.540100e-07  -3.906651e-11   1.035252e+00  -8.463895e-02   1.301739e-05
  -3.114845e-06   2.004350e-07  -3.481431e-11   1.037901e+00  -6.678718e-02   1.160051e-05
  -3.121823e-06   1.467975e-07  -3.055125e-11   1.040226e+00  -4.891456e-02   1.018001e-05
  -3.127830e-06   9.311435e-08  -2.627869e-11   1.042228e+00  -3.102673e-02   8.756350e-06
  -3.132869e-06   3.940236e-08  -2.199799e-11   1.043907e+00  -1.312930e-02   7.329975e-06
  -3.136942e-06  -1.432179e-08  -1.771052e-11   1.045264e+00   4.772181e-03   5.901341e-06
  -3.140052e-06  -6.804156e-08  -1.341760e-11   1.046300e+00   2.267220e-02   4.470894e-06
  -3.142202e-06  -1.217405e-07  -9.120584e-12   1.047017e+00   4.056530e-02   3.039080e-06
  -3.143395e-06  -1.754024e-07  -4.820787e-12   1.047414e+00   5.844604e-02   1.606340e-06
  -3.143634e-06  -2.290111e-07  -5.195271e-13   1.047494e+00   7.630905e-02   1.731122e-07
  -3.142924e-06  -2.825506e-07   3.781891e-12   1.047257e+00   9.414901e-02  -1.260168e-06
  -3.141267e-06  -3.360051e-07   8.082171e-12   1.046705e+00   1.119606e-01  -2.693069e-06
  -3.138668e-06  -3.893588e-07   1.238003e-11   1.045839e+00   1.297387e-01  -4.125163e-06
  -3.135131e-06  -4.425961e-07   1.667419e-11   1.044660e+00   1.474779e-01  -5.556024e-06
  -3.130661e-06  -4.957017e-07   2.096338e-11   1.043171e+00   1.651733e-01  -6.985231e-06
  -3.125261e-06  -5.486602e-07   2.524636e-11   1.041372e+00   1.828197e-01  -8.412366e-06
  -3.118938e-06  -6.014565e-07   2.952187e-11   1.039265e+00   2.004120e-01  -9.837014e-06
  -3.111696e-06  -6.540756e-07   3.378868e-11   1.036852e+00   2.179453e-01  -1.125876e-05
  -3.103541e-06  -7.065027e-07   3.804558e-11   1.034134e+00   2.354146e-01  -1.267721e-05
  -3.094477e-06  -7.587231e-07   4.229135e-11   1.031114e+00   2.528150e-01  -1.409195e-05
  -3.084511e-06  -8.107222e-07   4.652478e-11   1.027793e+00   2.701416e-01  -1.550257e-05
  -3.073648e-06  -8.624857e-07   5.074469e-11   1.024174e+00   2.873898e-01  -1.690869e-05
  -3.061894e-06  -9.139992e-07   5.494989e-11   1.020257e+00   3.045547e-01  -1.830991e-05
  -3.049256e-06  -9.652488e-07   5.913922e-11   1.016046e+00   3.216316e-01  -1.970584e-05
  -3.035740e-06  -1.016220e-06   6.331152e-11   1.011542e+00   3.386159e-01  -2.109610e-05
  -3.021353e-06  -1.066900e-06   6.746565e-11   1.006748e+00   3.555030e-01  -2.248030e-05
  -3.006100e-06  -1.117275e-06   7.160046e-11   1.001666e+00   3.722883e-01  -2.385807e-05
  -2.989989e-06  -1.167330e-06   7.571484e-11   9.962977e-01   3.889673e-01  -2.522902e-05
  -2.973028e-06  -1.217053e-06   7.980767e-11   9.906459e-01   4.055357e-01  -2.659280e-05
  -2.955223e-06  -1.266431e-06   8.387784e-11   9.847130e-01   4.219889e-01  -2.794903e-05
  -2.936581e-06  -1.315451e-06   8.792428e-11   9.785013e-01   4.383227e-01  -2.929735e-05
  -2.917110e-06  -1.364099e-06   9.194590e-11   9.720134e-01   4.545328e-01  -3.063739e-05
  -2.896818e-06  -1.412363e-06   9.594162e-11   9.652518e-01   4.706149e-01  -3.196881e-05
  -2.875712e-06  -1.460230e-06   9.991041e-11   9.582191e-01   4.865649e-01  -3.329126e-05
  -2.853801e-06  -1.507688e-06   1.038512e-10   9.509180e-01   5.023785e-01  -3.460437e-05
  -2.831092e-06  -1.554725e-06   1.077630e-10   9.433512e-01   5.180517e-01  -3.590782e-05
  -2.807593e-06  -1.601329e-06   1.116447e-10   9.355213e-01   5.335805e-01  -3.720125e-05
  -2.783314e-06  -1.647487e-06   1.154954e-10   9.274312e-01   5.489609e-01  -3.848434e-05
  -2.758262e-06  -1.693188e-06   1.193140e-10   9.190837e-01   5.641889e-01  -3.975675e-05
  -2.732447e-06  -1.738420e-06   1.230996e-10   9.104816e-01   5.792607e-01  -4.101814e-05
  -2.705876e-06  -1.783171e-06   1.268511e-10   9.016280e-01   5.941724e-01  -4.226821e-05
  -2.678559e-06  -1.827431e-06   1.305677e-10   8.925257e-01   6.089202e-01  -4.350661e-05
  -2.650505e-06  -1.871188e-06   1.342483e-10   8.831778e-01   6.235005e-01  -4.473304e-05
  -2.621723e-06  -1.914430e-06   1.378921e-10   8.735872e-01   6.379094e-01  -4.594718e-05
  -2.592222e-06  -1.957148e-06   1.414981e-10   8.637571e-01   6.521435e-01  -4.714873e-05
  -2.562011e-06  -1.999330e-06   1.450653e-10   8.536906e-01   6.661991e-01  -4.833737e-05
  -2.531101e-06  -2.040966e-06   1.485929e-10   8.433909e-01   6.800727e-01  -4.951280e-05
  -2.499500e-06  -2.082046e-06   1.520800e-10   8.328612e-01   6.937607e-01  -5.067473e-05
  -2.467219e-06  -2.122558e-06   1.555256e-10   8.221046e-01   7.072599e-01  -5.182286e-05
  -2.434266e-06  -2.162493e-06   1.589290e-10   8.111245e-01   7.205668e-01  -5.295690e-05
  -2.400653e-06  -2.201842e-06   1.622892e-10   7.999243e-01   7.336780e-01  -5.407657e-05
  -2.366389e-06  -2.240593e-06   1.656054e-10   7.885071e-01   7.465904e-01  -5.518157e-05
  -2.331485e-06  -2.278738e-06   1.688768e-10   7.768766e-01   7.593007e-01  -5.627164e-05
  -2.295950e-06  -2.316266e-06   1.721026e-10   7.650359e-01   7.718056e-01  -5.734649e-05
  -2.259795e-06  -2.353169e-06   1.752818e-10   7.529887e-01   7.841022e-01  -5.840586e-05
  -2.223030e-06  -2.389438e-06   1.784138e-10   7.407384e-01   7.961873e-01  -5.944947e-05
  -2.185667e-06  -2.425063e-06   1.814978e-10   7.282886e-01   8.080578e-01  -6.047707e-05
  -2.147716e-06  -2.460035e-06   1.845328e-10   7.156427e-01   8.197110e-01  -6.148839e-05
  -2.109187e-06  -2.494346e-06   1.875183e-10   7.028044e-01   8.311437e-01  -6.248318e-05
  -2.070091e-06  -2.527986e-06   1.904534e-10   6.897774e-01   8.423531e-01  -6.346119e-05
  -2.030440e-06  -2.560949e-06   1.933374e-10   6.765652e-01   8.533365e-01  -6.442216e-05
  -1.990245e-06  -2.593224e-06   1.961695e-10   6.631716e-01   8.640911e-01  -6.536586e-05
  -1.949516e-06  -2.624805e-06   1.989491e-10   6.496002e-01   8.746141e-01  -6.629205e-05
  -1.908265e-06  -2.655682e-06   2.016754e-10   6.358549e-01   8.849029e-01  -6.720048e-05
  -1.866503e-06  -2.685849e-06   2.043477e-10   6.219395e-01   8.949548e-01  -6.809092e-05
  -1.824242e-06  -2.715298e-06   2.069654e-10   6.078577e-01   9.047674e-01  -6.896315e-05
  -1.781493e-06  -2.744021e-06   2.095277e-10   5.936133e-01   9.143381e-01  -6.981695e-05
  -1.738268e-06  -2.772010e-06   2.120340e-10   5.792103e-01   9.236644e-01  -7.065208e-05
  -1.694579e-06  -2.799258e-06   2.144837e-10   5.646526e-01   9.327440e-01  -7.146834e-05
  -1.650437e-06  -2.825759e-06   2.168761e-10   5.499441e-01   9.415744e-01  -7.226552e-05
  -1.605855e-06  -2.851506e-06   2.192106e-10   5.350887e-01   9.501534e-01  -7.304339e-05
  -1.560844e-06  -2.876491e-06   2.214865e-10   5.200905e-01   9.584788e-01  -7.380177e-05
  -1.515416e-06  -2.900708e-06   2.237034e-10   5.049534e-01   9.665482e-01  -7.454044e-05
  -1.469583e-06  -2.924151e-06   2.258605e-10   4.896815e-01   9.743597e-01  -7.525921e-05
  -1.423359e-06  -2.946814e-06   2.279573e-10   4.742789e-01   9.819110e-01  -7.595790e-05
  -1.376754e-06  -2.968689e-06   2.299932e-10   4.587497e-01   9.892002e-01  -7.663630e-05
  -1.329781e-06  -2.989772e-06   2.319678e-10   4.430979e-01   9.962252e-01  -7.729424e-05
  -1.282454e-06  -3.010056e-06   2.338804e-10   4.273278e-01   1.002984e+00  -7.793153e-05
  -1.234784e-06  -3.029536e-06   2.357304e-10   4.114436e-01   1.009475e+00  -7.854800e-05
  -1.186783e-06  -3.048206e-06   2.375175e-10   3.954494e-01   1.015696e+00  -7.914348e-05
  -1.138466e-06  -3.066061e-06   2.392411e-10   3.793494e-01   1.021646e+00  -7.971779e-05
  -1.089843e-06  -3.083096e-06   2.409007e-10   3.631479e-01   1.027322e+00  -8.027078e-05
  -1.040930e-06  -3.099306e-06   2.424958e-10   3.468493e-01   1.032723e+00  -8.080228e-05
  -9.917369e-07  -3.114686e-06   2.440259e-10   3.304577e-01   1.037848e+00  -8.131215e-05
  -9.422784e-07  -3.129231e-06   2.454907e-10   3.139776e-01   1.042694e+00  -8.180021e-05
  -8.925672e-07  -3.142936e-06   2.468896e-10   2.974133e-01   1.047261e+00  -8.226634e-05
  -8.426164e-07  -3.155798e-06   2.482222e-10   2.807691e-01   1.051547e+00  -8.271039e-05
  -7.924392e-07  -3.167812e-06   2.494881e-10   2.640495e-01   1.055550e+00  -8.313221e-05
  -7.420489e-07  -3.178974e-06   2.506870e-10   2.472589e-01   1.059269e+00  -8.353168e-05
  -6.914588e-07  -3.189281e-06   2.518183e-10   2.304018e-01   1.062704e+00  -8.390866e-05
  -6.406824e-07  -3.198727e-06   2.528818e-10   2.134825e-01   1.065851e+00  -8.426303e-05
  -5.897332e-07  -3.207311e-06   2.538771e-10   1.965057e-01   1.068712e+00  -8.459467e-05
  -5.386247e-07  -3.215029e-06   2.548038e-10   1.794757e-01   1.071283e+00  -8.490345e-05
  -4.873705e-07  -3.221877e-06   2.556616e-10   1.623973e-01   1.073565e+00  -8.518928e-05
  -4.359844e-07  -3.227853e-06   2.564501e-10   1.452748e-01   1.075556e+00  -8.545203e-05
  -3.844800e-07  -3.232953e-06   2.571692e-10   1.281130e-01   1.077256e+00  -8.569162e-05
  -3.328712e-07  -3.237175e-06   2.578183e-10   1.109164e-01   1.078663e+00  -8.590793e-05
  -2.811719e-07  -3.240517e-06   2.583974e-10   9.368959e-02   1.079776e+00  -8.610088e-05
  -2.293960e-07  -3.242976e-06   2.589060e-10   7.643728e-02   1.080596e+00  -8.627037e-05
  -1.775575e-07  -3.244551e-06   2.593441e-10   5.916412e-02   1.081120e+00  -8.641632e-05
  -1.256704e-07  -3.245238e-06   2.597112e-10   4.187479e-02   1.081349e+00  -8.653865e-05
  -7.374901e-08  -3.245037e-06   2.600072e-10   2.457399e-02   1.081282e+00  -8.663729e-05
  -2.180735e-08  -3.243946e-06   2.602319e-10   7.266452e-03   1.080919e+00  -8.671216e-05
   3.014029e-08  -3.241963e-06   2.603851e-10  -1.004308e-02   1.080258e+00  -8.676321e-05
   8.207964e-08  -3.239088e-06   2.604666e-10  -2.734985e-02   1.079300e+00  -8.679036e-05
   1.339963e-07  -3.235318e-06   2.604762e-10  -4.464906e-02   1.078044e+00  -8.679356e-05
   1.858760e-07  -3.230655e-06   2.604138e-10  -6.193594e-02   1.076490e+00  -8.677277e-05
   2.377041e-07  -3.225096e-06   2.602793e-10  -7.920564e-02   1.074638e+00  -8.672794e-05
   2.894662e-07  -3.218642e-06   2.600724e-10  -9.645336e-02   1.072487e+00  -8.665902e-05
   3.411478e-07  -3.211292e-06   2.597932e-10  -1.136742e-01   1.070038e+00  -8.656598e-05
   3.927341e-07  -3.203046e-06   2.594415e-10  -1.308634e-01   1.067290e+00  -8.644880e-05
   4.442107e-07  -3.193904e-06   2.590173e-10  -1.480159e-01   1.064244e+00  -8.630744e-05
   4.955627e-07  -3.183867e-06   2.585205e-10  -1.651270e-01   1.060900e+00  -8.614189e-05
   5.467755e-07  -3.172935e-06   2.579510e-10  -1.821917e-01   1.057257e+00  -8.595213e-05
   5.978342e-07  -3.161110e-06   2.573088e-10  -1.992050e-01   1.053317e+00  -8.573816e-05
   6.487241e-07  -3.148392e-06   2.565940e-10  -2.161621e-01   1.049079e+00  -8.549997e-05
   6.994302e-07  -3.134781e-06   2.558065e-10  -2.330579e-01   1.044544e+00  -8.523756e-05
   7.499376e-07  -3.120281e-06   2.549463e-10  -2.498875e-01   1.039712e+00  -8.495095e-05
   8.002315e-07  -3.104892e-06   2.540136e-10  -2.666460e-01   1.034584e+00  -8.464014e-05
   8.502968e-07  -3.088616e-06   2.530082e-10  -2.833283e-01   1.029161e+00  -8.430516e-05
   9.001185e-07  -3.071455e-06   2.519305e-10  -2.999295e-01   1.023443e+00  -8.394602e-05
   9.496816e-07  -3.053412e-06   2.507803e-10  -3.164444e-01   1.017431e+00  -8.356277e-05
   9.989710e-07  -3.034489e-06   2.495578e-10  -3.328682e-01   1.011126e+00  -8.315544e-05
   1.047972e-06  -3.014689e-06   2.482632e-10  -3.491958e-01   1.004528e+00  -8.272407e-05
   1.096668e-06  -2.994015e-06   2.468967e-10  -3.654221e-01   9.976389e-01  -8.226871e-05
   1.145046e-06  -2.972469e-06   2.454583e-10  -3.815420e-01   9.904597e-01  -8.178942e-05
   1.193089e-06  -2.950056e-06   2.439482e-10  -3.975506e-01   9.829915e-01  -8.128625e-05
   1.240784e-06  -2.926779e-06   2.423667e-10  -4.134428e-01   9.752353e-01  -8.075928e-05
   1.288113e-06  -2.902642e-06   2.407140e-10  -4.292135e-01   9.671927e-01  -8.020859e-05
   1.335063e-06  -2.877650e-06   2.389904e-10  -4.448577e-01   9.588648e-01  -7.963424e-05
   1.381617e-06  -2.851806e-06   2.371960e-10  -4.603702e-01   9.502533e-01  -7.903633e-05
   1.427762e-06  -2.825115e-06   2.353312e-10  -4.757461e-01   9.413596e-01  -7.841495e-05
   1.473481e-06  -2.797582e-06   2.333962e-10  -4.909801e-01   9.321853e-01  -7.777021e-05
   1.518759e-06  -2.769212e-06   2.313915e-10  -5.060673e-01   9.227323e-01  -7.710221e-05
   1.563581e-06  -2.740012e-06   2.293173e-10  -5.210026e-01   9.130023e-01  -7.641106e-05
   1.607932e-06  -2.709985e-06   2.271740e-10  -5.357809e-01   9.029972e-01  -7.569688e-05
   1.651797e-06  -2.679139e-06   2.249619e-10  -5.503971e-01   8.927189e-01  -7.495981e-05
   1.695160e-06  -2.647479e-06   2.226816e-10  -5.648462e-01   8.821696e-01  -7.419998e-05
   1.738007e-06  -2.615013e-06   2.203334e-10  -5.791231e-01   8.713513e-01  -7.341753e-05
   1.780321e-06  -2.581746e-06   2.179177e-10  -5.932228e-01   8.602663e-01  -7.261261e-05
   1.822089e-06  -2.547685e-06   2.154351e-10  -6.071401e-01   8.489170e-01  -7.178538e-05
   1.863294e-06  -2.512839e-06   2.128860e-10  -6.208701e-01   8.373058e-01  -7.093599e-05
   1.903922e-06  -2.477214e-06   2.102710e-10  -6.344078e-01   8.254352e-01  -7.006463e-05
   1.943957e-06  -2.440818e-06   2.075905e-10  -6.477481e-01   8.133077e-01  -6.917147e-05
   1.983385e-06  -2.403660e-06   2.048452e-10  -6.608860e-01   8.009262e-01  -6.825670e-05
   2.022191e-06  -2.365748e-06   2.020356e-10  -6.738165e-01   7.882933e-01  -6.732052e-05
   2.060360e-06  -2.327090e-06   1.991624e-10  -6.865347e-01   7.754121e-01  -6.636312e-05
   2.097876e-06  -2.287695e-06   1.962261e-10  -6.990356e-01   7.622854e-01  -6.538471e-05
   2.134726e-06  -2.247573e-06   1.932274e-10  -7.113143e-01   7.489164e-01  -6.438552e-05
   2.170893e-06  -2.206734e-06   1.901670e-10  -7.233658e-01   7.353082e-01  -6.336577e-05
   2.206365e-06  -2.165187e-06   1.870457e-10  -7.351853e-01   7.214642e-01  -6.232570e-05
   2.241125e-06  -2.122942e-06   1.838640e-10  -7.467679e-01   7.073878e-01  -6.126554e-05
   2.275161e-06  -2.080010e-06   1.806229e-10  -7.581087e-01   6.930823e-01  -6.018555e-05
   2.308456e-06  -2.036401e-06   1.773230e-10  -7.692030e-01   6.785514e-01  -5.908598e-05
   2.340997e-06  -1.992127e-06   1.739651e-10  -7.800460e-01   6.637989e-01  -5.796712e-05
   2.372769e-06  -1.947199e-06   1.705502e-10  -7.906329e-01   6.488284e-01  -5.682922e-05
   2.403758e-06  -1.901629e-06   1.670790e-10  -8.009590e-01   6.336439e-01  -5.567257e-05
   2.433951e-06  -1.855429e-06   1.635524e-10  -8.110196e-01   6.182494e-01  -5.449748e-05
   2.463334e-06  -1.808610e-06   1.599714e-10  -8.208102e-01   6.026490e-01  -5.330424e-05
   2.491892e-06  -1.761187e-06   1.563368e-10  -8.303260e-01   5.868469e-01  -5.209315e-05
   2.519612e-06  -1.713171e-06   1.526496e-10  -8.395625e-01   5.708475e-01  -5.086455e-05
   2.546480e-06  -1.664576e-06   1.489109e-10  -8.485153e-01   5.546551e-01  -4.961875e-05
   2.572483e-06  -1.615415e-06   1.451215e-10  -8.571799e-01   5.382743e-01  -4.835611e-05
   2.597608e-06  -1.565703e-06   1.412827e-10  -8.655518e-01   5.217097e-01  -4.707695e-05
   2.621842e-06  -1.515454e-06   1.373953e-10  -8.736267e-01   5.049662e-01  -4.578164e-05
   2.645171e-06  -1.464682e-06   1.334606e-10  -8.814003e-01   4.880485e-01  -4.447054e-05
   2.667583e-06  -1.413403e-06   1.294796e-10  -8.888684e-01   4.709616e-01  -4.314403e-05
   2.689066e-06  -1.361631e-06   1.254534e-10  -8.960268e-01   4.537106e-01  -4.180248e-05
   2.709608e-06  -1.309382e-06   1.213834e-10  -9.028713e-01   4.363007e-01  -4.044629e-05
   2.729195e-06  -1.256673e-06   1.172706e-10  -9.093980e-01   4.187372e-01  -3.907586e-05
   2.747816e-06  -1.203518e-06   1.131163e-10  -9.156028e-01   4.010255e-01  -3.769161e-05
   2.765459e-06  -1.149935e-06   1.089218e-10  -9.214818e-01   3.831712e-01  -3.629394e-05
   2.782114e-06  -1.095941e-06   1.046883e-10  -9.270312e-01   3.651798e-01  -3.488329e-05
   2.797768e-06  -1.041553e-06   1.004171e-10  -9.322472e-01   3.470570e-01  -3.346010e-05
   2.812410e-06  -9.867883e-07   9.610967e-11  -9.371263e-01   3.288088e-01  -3.202481e-05
   2.826030e-06  -9.316650e-07   9.176730e-11  -9.416647e-01   3.104411e-01  -3.057788e-05
   2.838618e-06  -8.762013e-07   8.739139e-11  -9.458589e-01   2.919600e-01  -2.911978e-05
   2.850162e-06  -8.204156e-07   8.298337e-11  -9.497057e-01   2.733716e-01  -2.765098e-05
   2.860654e-06  -7.643269e-07   7.854470e-11  -9.532016e-01   2.546822e-01  -2.617197e-05
   2.870083e-06  -7.079543e-07   7.407686e-11  -9.563435e-01   2.358982e-01  -2.468323e-05
   2.878440e-06  -6.513174e-07   6.958135e-11  -9.591282e-01   2.170262e-01  -2.318528e-05
   2.885717e-06  -5.944358e-07   6.505972e-11  -9.615528e-01   1.980726e-01  -2.167862e-05
   2.891903e-06  -5.373299e-07   6.051352e-11  -9.636143e-01   1.790443e-01  -2.016378e-05
   2.896992e-06  -4.800200e-07   5.594436e-11  -9.653100e-01   1.599480e-01  -1.864128e-05
   2.900975e-06  -4.225268e-07   5.135383e-11  -9.666371e-01   1.407906e-01  -1.711167e-05
   2.903844e-06  -3.648715e-07   4.674360e-11  -9.675932e-01   1.215792e-01  -1.557548e-05
   2.905593e-06  -3.070753e-07   4.211532e-11  -9.681758e-01   1.023209e-01  -1.403329e-05
   2.906213e-06  -2.491600e-07   3.747070e-11  -9.683826e-01   8.302289e-02  -1.248565e-05
   2.905700e-06  -1.911475e-07   3.281145e-11  -9.682114e-01   6.369246e-02  -1.093314e-05
   2.904046e-06  -1.330599e-07   2.813933e-11  -9.676603e-01   4.433705e-02  -9.376337e-06
   2.901246e-06  -7.491992e-08   2.345611e-11  -9.667273e-01   2.496415e-02  -7.815835e-06
   2.897294e-06  -1.675018e-08   1.876358e-11  -9.654106e-01   5.581346e-03  -6.252232e-06
   2.892187e-06   4.142622e-08   1.406356e-11  -9.637087e-01  -1.380368e-02  -4.686134e-06
   2.885919e-06   9.958598e-08   9.357901e-12  -9.616201e-01  -3.318315e-02  -3.118157e-06
   2.878486e-06   1.577055e-07   4.648470e-12  -9.591435e-01  -5.254923e-02  -1.548922e-06
   2.869886e-06   2.157611e-07  -6.284641e-14  -9.562778e-01  -7.189399e-02   2.094112e-08
   2.860115e-06   2.737286e-07  -4.774135e-12  -9.530219e-01  -9.120940e-02   1.590795e-06
   2.849170e-06   3.315838e-07  -9.483463e-12  -9.493751e-01  -1.104874e-01   3.159995e-06
   2.837050e-06   3.893022e-07  -1.418888e-11  -9.453367e-01  -1.297198e-01   4.727892e-06
   2.823754e-06   4.468591e-07  -1.888841e-11  -9.409062e-01  -1.488984e-01   6.293827e-06
   2.809280e-06   5.042296e-07  -2.358006e-11  -9.360833e-01  -1.680149e-01   7.857136e-06
   2.793628e-06   5.613887e-07  -2.826182e-11  -9.308679e-01  -1.870609e-01   9.417151e-06
   2.776798e-06   6.183111e-07  -3.293166e-11  -9.252601e-01  -2.060281e-01   1.097319e-05
   2.758792e-06   6.749713e-07  -3.758754e-11  -9.192600e-01  -2.249079e-01   1.252459e-05
   2.739609e-06   7.313439e-07  -4.222740e-11  -9.128682e-01  -2.436919e-01   1.407064e-05
   2.719253e-06   7.874031e-07  -4.684917e-11  -9.060853e-01  -2.623715e-01   1.561066e-05
   2.697725e-06   8.431232e-07  -5.145076e-11  -8.989121e-01  -2.809380e-01   1.714396e-05
   2.675030e-06   8.984780e-07  -5.603006e-11  -8.913496e-01  -2.993829e-01   1.866984e-05
   2.651169e-06   9.534417e-07  -6.058496e-11  -8.833990e-01  -3.176974e-01   2.018758e-05
   2.626149e-06   1.007988e-06  -6.511336e-11  -8.750618e-01  -3.358728e-01   2.169649e-05
   2.599973e-06   1.062091e-06  -6.961310e-11  -8.663397e-01  -3.539005e-01   2.319586e-05
   2.572647e-06   1.115724e-06  -7.408206e-11  -8.572345e-01  -3.717717e-01   2.468496e-05
   2.544178e-06   1.168862e-06  -7.851809e-11  -8.477482e-01  -3.894777e-01   2.616310e-05
   2.514572e-06   1.221477e-06  -8.291904e-11  -8.378832e-01  -4.070096e-01   2.762954e-05
   2.483837e-06   1.273543e-06  -8.728275e-11  -8.276420e-01  -4.243588e-01   2.908358e-05
   2.451981e-06   1.325035e-06  -9.160707e-11  -8.170273e-01  -4.415164e-01   3.052449e-05
   2.419013e-06   1.375926e-06  -9.588984e-11  -8.060420e-01  -4.584738e-01   3.195156e-05
   2.384943e-06   1.426190e-06  -1.001289e-10  -7.946894e-01  -4.752223e-01   3.336406e-05
   2.349780e-06   1.475800e-06  -1.043221e-10  -7.829727e-01  -4.917530e-01   3.476129e-05
   2.313536e-06   1.524732e-06  -1.084673e-10  -7.708958e-01  -5.080575e-01   3.614251e-05
   2.276222e-06   1.572958e-06  -1.125623e-10  -7.584624e-01  -5.241270e-01   3.750702e-05
   2.237850e-06   1.620453e-06  -1.166051e-10  -7.456766e-01  -5.399530e-01   3.885411e-05
   2.198435e-06   1.667192e-06  -1.205934e-10  -7.325428e-01  -5.555270e-01   4.018306e-05
   2.157988e-06   1.713150e-06  -1.245252e-10  -7.190655e-01  -5.708405e-01   4.149317e-05
   2.116525e-06   1.758300e-06  -1.283983e-10  -7.052495e-01  -5.858851e-01   4.278373e-05
   2.074060e-06   1.802618e-06  -1.322106e-10  -6.910998e-01  -6.006525e-01   4.405405e-05
   2.030610e-06   1.846080e-06  -1.359602e-10  -6.766217e-01  -6.151344e-01   4.530343e-05
   1.986190e-06   1.888661e-06  -1.396448e-10  -6.618207e-01  -6.293228e-01   4.653119e-05
   1.940819e-06   1.930336e-06  -1.432625e-10  -6.467025e-01  -6.432095e-01   4.773665e-05
   1.894514e-06   1.971083e-06  -1.468112e-10  -6.312730e-01  -6.567866e-01   4.891913e-05
   1.847293e-06   2.010876e-06  -1.502890e-10  -6.155384e-01  -6.700463e-01   5.007797e-05
   1.799175e-06   2.049694e-06  -1.536939e-10  -5.995051e-01  -6.829808e-01   5.121251e-05
   1.750181e-06   2.087513e-06  -1.570239e-10  -5.831798e-01  -6.955826e-01   5.232210e-05
   1.700331e-06   2.124312e-06  -1.602771e-10  -5.665692e-01  -7.078442e-01   5.340609e-05
   1.649647e-06   2.160067e-06  -1.634516e-10  -5.496806e-01  -7.197583e-01   5.446387e-05
   1.598149e-06   2.194758e-06  -1.665455e-10  -5.325210e-01  -7.313178e-01   5.549482e-05
   1.545861e-06   2.228364e-06  -1.695571e-10  -5.150982e-01  -7.425156e-01   5.649831e-05
   1.492806e-06   2.260864e-06  -1.724846e-10  -4.974197e-01  -7.533449e-01   5.747377e-05
   1.439008e-06   2.292238e-06  -1.753261e-10  -4.794935e-01  -7.637990e-01   5.842061e-05
   1.384491e-06   2.322466e-06  -1.780801e-10  -4.613277e-01  -7.738715e-01   5.933826e-05
   1.329280e-06   2.351531e-06  -1.807448e-10  -4.429307e-01  -7.835561e-01   6.022616e-05
   1.273400e-06   2.379412e-06  -1.833186e-10  -4.243110e-01  -7.928466e-01   6.108378e-05
   1.216878e-06   2.406094e-06  -1.857999e-10  -4.054772e-01  -8.017372e-01   6.191058e-05
   1.159740e-06   2.431558e-06  -1.881872e-10  -3.864383e-01  -8.102222e-01   6.270607e-05
   1.102014e-06   2.455789e-06  -1.904791e-10  -3.672033e-01  -8.182962e-01   6.346973e-05
   1.043727e-06   2.478770e-06  -1.926740e-10  -3.477815e-01  -8.259538e-01   6.420111e-05
   9.849082e-07   2.500487e-06  -1.947706e-10  -3.281824e-01  -8.331901e-01   6.489974e-05
   9.255854e-07   2.520925e-06  -1.967677e-10  -3.084153e-01  -8.400002e-01   6.556518e-05
   8.657881e-07   2.540071e-06  -1.986638e-10  -2.884902e-01  -8.463797e-01   6.619700e-05
   8.055459e-07   2.557911e-06  -2.004579e-10  -2.684168e-01  -8.523243e-01   6.679480e-05
   7.448888e-07   2.574434e-06  -2.021487e-10  -2.482052e-01  -8.578299e-01   6.735821e-05
   6.838473e-07   2.589628e-06  -2.037352e-10  -2.278655e-01  -8.628928e-01   6.788684e-05
   6.224521e-07   2.603483e-06  -2.052164e-10  -2.074080e-01  -8.675094e-01   6.838038e-05
   5.607344e-07   2.615989e-06  -2.065912e-10  -1.868429e-01  -8.716765e-01   6.883848e-05
   4.987257e-07   2.627137e-06  -2.078588e-10  -1.661809e-01  -8.753912e-01   6.926084e-05
   4.364577e-07   2.636919e-06  -2.090182e-10  -1.454326e-01  -8.786507e-01   6.964720e-05
   3.739624e-07   2.645328e-06  -2.100689e-10  -1.246084e-01  -8.814527e-01   6.999729e-05
   3.112721e-07   2.652358e-06  -2.110100e-10  -1.037193e-01  -8.837950e-01   7.031087e-05
   2.484193e-07   2.658002e-06  -2.118409e-10  -8.277605e-02  -8.856758e-01   7.058774e-05
   1.854365e-07   2.662257e-06  -2.125611e-10  -6.178952e-02  -8.870935e-01   7.082771e-05
   1.223568e-07   2.665118e-06  -2.131700e-10  -4.077064e-02  -8.880470e-01   7.103061e-05
   5.921293e-08   2.666583e-06  -2.136672e-10  -1.973041e-02  -8.885352e-01   7.119629e-05
  -3.961963e-09   2.666651e-06  -2.140524e-10   1.320170e-03  -8.885575e-01   7.132465e-05
  -6.713478e-08   2.665318e-06  -2.143253e-10   2.237005e-02  -8.881137e-01   7.141557e-05
  -1.302723e-07   2.662587e-06  -2.144857e-10   4.340819e-02  -8.872035e-01   7.146901e-05
  -1.933415e-07   2.658457e-06  -2.145334e-10   6.442353e-02  -8.858273e-01   7.148490e-05
  -2.563090e-07   2.652930e-06  -2.144683e-10   8.540501e-02  -8.839856e-01   7.146323e-05
  -3.191418e-07   2.646008e-06  -2.142906e-10   1.063416e-01  -8.816792e-01   7.140400e-05
  -3.818069e-07   2.637696e-06  -2.140002e-10   1.272223e-01  -8.789094e-01   7.130723e-05
  -4.442712e-07   2.627997e-06  -2.135973e-10   1.480361e-01  -8.756776e-01   7.117298e-05
  -5.065021e-07   2.616916e-06  -2.130821e-10   1.687721e-01  -8.719856e-01   7.100132e-05
  -5.684668e-07   2.604461e-06  -2.124550e-10   1.894194e-01  -8.678353e-01   7.079235e-05
  -6.301329e-07   2.590638e-06  -2.117162e-10   2.099673e-01  -8.632292e-01   7.054619e-05
  -6.914681e-07   2.575454e-06  -2.108663e-10   2.304048e-01  -8.581699e-01   7.026300e-05
  -7.524406e-07   2.558919e-06  -2.099058e-10   2.507215e-01  -8.526602e-01   6.994294e-05
  -8.130185e-07   2.541042e-06  -2.088352e-10   2.709068e-01  -8.467035e-01   6.958621e-05
  -8.731705e-07   2.521835e-06  -2.076552e-10   2.909501e-01  -8.403033e-01   6.919302e-05
  -9.328655e-07   2.501307e-06  -2.063665e-10   3.108411e-01  -8.334632e-01   6.876362e-05
  -9.920728e-07   2.479471e-06  -2.049700e-10   3.305697e-01  -8.261874e-01   6.829826e-05
  -1.050762e-06   2.456341e-06  -2.034664e-10   3.501256e-01  -8.184802e-01   6.779725e-05
  -1.108903e-06   2.431930e-06  -2.018567e-10   3.694989e-01  -8.103462e-01   6.726088e-05
  -1.166467e-06   2.406253e-06  -2.001418e-10   3.886799e-01  -8.017902e-01   6.668948e-05
  -1.223425e-06   2.379324e-06  -1.983230e-10   4.076587e-01  -7.928173e-01   6.608342e-05
  -1.279747e-06   2.351161e-06  -1.964012e-10   4.264260e-01  -7.834329e-01   6.544305e-05
  -1.335407e-06   2.321779e-06  -1.943776e-10   4.449723e-01  -7.736426e-01   6.476877e-05
  -1.390376e-06   2.291197e-06  -1.922535e-10   4.632886e-01  -7.634522e-01   6.406100e-05
  -1.444627e-06   2.259432e-06  -1.900302e-10   4.813657e-01  -7.528678e-01   6.332017e-05
  -1.498134e-06   2.226504e-06  -1.877090e-10   4.991949e-01  -7.418957e-01   6.254672e-05
  -1.550871e-06   2.192431e-06  -1.852914e-10   5.167676e-01  -7.305424e-01   6.174114e-05
  -1.602814e-06   2.157234e-06  -1.827787e-10   5.340754e-01  -7.188145e-01   6.090390e-05
  -1.653937e-06   2.120935e-06  -1.801726e-10   5.511100e-01  -7.067190e-01   6.003552e-05
  -1.704216e-06   2.083553e-06  -1.774746e-10   5.678636e-01  -6.942630e-01   5.913652e-05
  -1.753628e-06   2.045111e-06  -1.746863e-10   5.843283e-01  -6.814538e-01   5.820743e-05
  -1.802150e-06   2.005632e-06  -1.718094e-10   6.004965e-01  -6.682989e-01   5.724880e-05
  -1.849761e-06   1.965138e-06  -1.688456e-10   6.163609e-01  -6.548059e-01   5.626122e-05
  -1.896439e-06   1.923653e-06  -1.657966e-10   6.319145e-01  -6.409827e-01   5.524526e-05
  -1.942163e-06   1.881201e-06  -1.626642e-10   6.471503e-01  -6.268371e-01   5.420152e-05
  -1.986914e-06   1.837806e-06  -1.594503e-10   6.620617e-01  -6.123773e-01   5.313061e-05
  -2.030672e-06   1.793492e-06  -1.561567e-10   6.766423e-01  -5.976115e-01   5.203315e-05
  -2.073418e-06   1.748286e-06  -1.527854e-10   6.908860e-01  -5.825482e-01   5.090979e-05
  -2.115136e-06   1.702211e-06  -1.493382e-10   7.047869e-01  -5.671957e-01   4.976116e-05
  -2.155808e-06   1.655295e-06  -1.458172e-10   7.183393e-01  -5.515628e-01   4.858792e-05
  -2.195418e-06   1.607564e-06  -1.422244e-10   7.315377e-01  -5.356581e-01   4.739074e-05
  -2.233950e-06   1.559043e-06  -1.385617e-10   7.443770e-01  -5.194905e-01   4.617030e-05
  -2.271390e-06   1.509760e-06  -1.348313e-10   7.568523e-01  -5.030688e-01   4.492728e-05
  -2.307723e-06   1.459741e-06  -1.310352e-10   7.689590e-01  -4.864020e-01   4.366237e-05
  -2.342937e-06   1.409014e-06  -1.271755e-10   7.806925e-01  -4.694993e-01   4.237628e-05
  -2.377018e-06   1.357607e-06  -1.232543e-10   7.920487e-01  -4.523696e-01   4.106971e-05
  -2.409955e-06   1.305545e-06  -1.192738e-10   8.030237e-01  -4.350222e-01   3.974337e-05
  -2.441737e-06   1.252858e-06  -1.152362e-10   8.136139e-01  -4.174663e-01   3.839798e-05
  -2.472354e-06   1.199573e-06  -1.111436e-10   8.238158e-01  -3.997111e-01   3.703427e-05
  -2.501796e-06   1.145718e-06  -1.069981e-10   8.336262e-01  -3.817660e-01   3.565295e-05
  -2.530054e-06   1.091321e-06  -1.028020e-10   8.430422e-01  -3.636403e-01   3.425478e-05
  -2.557121e-06   1.036410e-06  -9.855753e-11   8.520612e-01  -3.453434e-01   3.284046e-05
  -2.582989e-06   9.810131e-07  -9.426682e-11   8.606807e-01  -3.268845e-01   3.141075e-05
  -2.607652e-06   9.251582e-07  -8.993211e-11   8.688985e-01  -3.082730e-01   2.996638e-05
  -2.631103e-06   8.688735e-07  -8.555562e-11   8.767126e-01  -2.895183e-01   2.850808e-05
  -2.653337e-06   8.121870e-07  -8.113958e-11   8.841214e-01  -2.706297e-01   2.703661e-05
  -2.674351e-06   7.551268e-07  -7.668619e-11   8.911233e-01  -2.516166e-01   2.555269e-05
  -2.694139e-06   6.977207e-07  -7.219769e-11   8.977172e-01  -2.324883e-01   2.405707e-05
  -2.712700e-06   6.399966e-07  -6.767627e-11   9.039019e-01  -2.132540e-01   2.255049e-05
  -2.730031e-06   5.819823e-07  -6.312417e-11   9.096767e-01  -1.939230e-01   2.103367e-05
  -2.746130e-06   5.237053e-07  -5.854358e-11   9.150410e-01  -1.745044e-01   1.950737e-05
  -2.760996e-06   4.651932e-07  -5.393670e-11   9.199945e-01  -1.550075e-01   1.797231e-05
  -2.774628e-06   4.064732e-07  -4.930573e-11   9.245370e-01  -1.354414e-01   1.642922e-05
  -2.787028e-06   3.475726e-07  -4.465284e-11   9.286685e-01  -1.158150e-01   1.487882e-05
  -2.798195e-06   2.885182e-07  -3.998020e-11   9.323895e-01  -9.613748e-02   1.332185e-05
  -2.808131e-06   2.293369e-07  -3.528997e-11   9.357003e-01  -7.641761e-02   1.175901e-05
  -2.816838e-06   1.700553e-07  -3.058430e-11   9.386016e-01  -5.666430e-02   1.019103e-05
  -2.824319e-06   1.106995e-07  -2.586532e-11   9.410944e-01  -3.688631e-02   8.618612e-06
  -2.830577e-06   5.129584e-08  -2.113513e-11   9.431796e-01  -1.709234e-02   7.042461e-06
  -2.835616e-06  -8.129959e-09  -1.639584e-11   9.448586e-01   2.708992e-03   5.463276e-06
  -2.839440e-06  -6.755230e-08  -1.164952e-11   9.461329e-01   2.250918e-02   3.881750e-06
  -2.842054e-06  -1.269459e-07  -6.898237e-12   9.470039e-01   4.229978e-02   2.298569e-06
  -2.843463e-06  -1.862857e-07  -2.144027e-12   9.474735e-01   6.207245e-02   7.144137e-07
  -2.843674e-06  -2.455470e-07   2.611088e-12   9.475438e-01   8.181897e-02  -8.700436e-07
  -2.842693e-06  -3.047053e-07   7.365111e-12   9.472167e-01   1.015312e-01  -2.454137e-06
  -2.840526e-06  -3.637366e-07   1.211606e-11   9.464947e-01   1.212011e-01  -4.037207e-06
  -2.837181e-06  -4.226171e-07   1.686199e-11   9.453802e-01   1.408207e-01  -5.618604e-06
  -2.832666e-06  -4.813234e-07   2.160097e-11   9.438757e-01   1.603823e-01  -7.197684e-06
  -2.826989e-06  -5.398322e-07   2.633109e-11   9.419841e-01   1.798781e-01  -8.773812e-06
  -2.820159e-06  -5.981208e-07   3.105047e-11   9.397082e-01   1.993005e-01  -1.034636e-05
  -2.812184e-06  -6.561668e-07   3.575726e-11   9.370511e-01   2.186421e-01  -1.191471e-05
  -2.803076e-06  -7.139481e-07   4.044962e-11   9.340159e-01   2.378954e-01  -1.347826e-05
  -2.792842e-06  -7.714429e-07   4.512575e-11   9.306060e-01   2.570533e-01  -1.503640e-05
  -2.781494e-06  -8.286300e-07   4.978388e-11   9.268248e-01   2.761087e-01  -1.658854e-05
  -2.769043e-06  -8.854883e-07   5.442225e-11   9.226758e-01   2.950545e-01  -1.813410e-05
  -2.755498e-06  -9.419971e-07   5.903916e-11   9.181627e-01   3.138839e-01  -1.967250e-05
  -2.740873e-06  -9.981364e-07   6.363289e-11   9.132893e-01   3.325901e-01  -2.120319e-05
  -2.725178e-06  -1.053886e-06   6.820180e-11   9.080595e-01   3.511666e-01  -2.272560e-05
  -2.708425e-06  -1.109227e-06   7.274423e-11   9.024772e-01   3.696067e-01  -2.423919e-05
  -2.690627e-06  -1.164139e-06   7.725860e-11   8.965466e-01   3.879042e-01  -2.574342e-05
  -2.671796e-06  -1.218605e-06   8.174331e-11   8.902720e-01   4.060528e-01  -2.723778e-05
  -2.651945e-06  -1.272606e-06   8.619681e-11   8.836574e-01   4.240464e-01  -2.872174e-05
  -2.631087e-06  -1.326124e-06   9.061760e-11   8.767074e-01   4.418791e-01  -3.019479e-05
  -2.609236e-06  -1.379141e-06   9.500418e-11   8.694265e-01   4.595449e-01  -3.165645e-05
  -2.586406e-06  -1.431640e-06   9.935509e-11   8.618190e-01   4.770382e-01  -3.310622e-05
  -2.562609e-06  -1.483604e-06   1.036689e-10   8.538898e-01   4.943534e-01  -3.454363e-05
  -2.537861e-06  -1.535018e-06   1.079442e-10   8.456434e-01   5.114850e-01  -3.596821e-05
  -2.512175e-06  -1.585864e-06   1.121796e-10   8.370847e-01   5.284276e-01  -3.737950e-05
  -2.485567e-06  -1.636128e-06   1.163739e-10   8.282184e-01   5.451761e-01  -3.877706e-05
  -2.458050e-06  -1.685795e-06   1.205256e-10   8.190495e-01   5.617254e-01  -4.016046e-05
  -2.429640e-06  -1.734848e-06   1.246335e-10   8.095829e-01   5.780706e-01  -4.152925e-05
  -2.400351e-06  -1.783274e-06   1.286963e-10   7.998236e-01   5.942068e-01  -4.288304e-05
  -2.370200e-06  -1.831060e-06   1.327129e-10   7.897768e-01   6.101294e-01  -4.422141e-05
  -2.339200e-06  -1.878190e-06   1.366820e-10   7.794475e-01   6.258337e-01  -4.554396e-05
  -2.307369e-06  -1.924652e-06   1.406025e-10   7.688409e-01   6.413154e-01  -4.685031e-05
  -2.274721e-06  -1.970433e-06   1.444732e-10   7.579622e-01   6.565702e-01  -4.814008e-05
  -2.241272e-06  -2.015520e-06   1.482931e-10   7.468166e-01   6.715938e-01  -4.941290e-05
  -2.207038e-06  -2.059902e-06   1.520610e-10   7.354096e-01   6.863822e-01  -5.066842e-05
  -2.172035e-06  -2.103566e-06   1.557760e-10   7.237462e-01   7.009315e-01  -5.190629e-05
  -2.136280e-06  -2.146501e-06   1.594369e-10   7.118320e-01   7.152378e-01  -5.312616e-05
  -2.099787e-06  -2.188695e-06   1.630429e-10   6.996724e-01   7.292975e-01  -5.432771e-05
  -2.062574e-06  -2.230139e-06   1.665930e-10   6.872727e-01   7.431070e-01  -5.551063e-05
  -2.024657e-06  -2.270821e-06   1.700862e-10   6.746383e-01   7.566628e-01  -5.667459e-05
  -1.986053e-06  -2.310732e-06   1.735216e-10   6.617749e-01   7.699616e-01  -5.781931e-05
  -1.946777e-06  -2.349862e-06   1.768983e-10   6.486877e-01   7.830002e-01  -5.894449e-05
  -1.906847e-06  -2.388202e-06   1.802156e-10   6.353824e-01   7.957754e-01  -6.004984e-05
  -1.866278e-06  -2.425743e-06   1.834726e-10   6.218645e-01   8.082844e-01  -6.113510e-05
  -1.825088e-06  -2.462476e-06   1.866684e-10   6.081395e-01   8.205242e-01  -6.220000e-05
  -1.783293e-06  -2.498392e-06   1.898025e-10   5.942129e-01   8.324921e-01  -6.324428e-05
  -1.740909e-06  -2.533485e-06   1.928739e-10   5.800904e-01   8.441854e-01  -6.426771e-05
  -1.697955e-06  -2.567746e-06   1.958820e-10   5.657774e-01   8.556016e-01  -6.527004e-05
  -1.654445e-06  -2.601169e-06   1.988261e-10   5.512796e-01   8.667383e-01  -6.625105e-05
  -1.610398e-06  -2.633745e-06   2.017055e-10   5.366025e-01   8.775931e-01  -6.721051e-05
  -1.565829e-06  -2.665469e-06   2.045197e-10   5.217517e-01   8.881639e-01  -6.814822e-05
  -1.520756e-06  -2.696334e-06   2.072679e-10   5.067328e-01   8.984485e-01  -6.906397e-05
  -1.475195e-06  -2.726334e-06   2.099497e-10   4.915513e-01   9.084449e-01  -6.995757e-05
