Method       t0       tn       N         h
Verlet        0  1.0e+00  100000 1.000e-05

x  -  y  -  z  .........
  -9.228356e-07   0.000000e+00   0.000000e+00   3.074991e-01   0.000000e+00   0.000000e+00
  -8.919423e-07  -1.302638e-08   0.000000e+00   2.972051e-01   4.340534e-03   0.000000e+00
  -8.597071e-07  -2.603280e-08   0.000000e+00   2.864639e-01   8.674419e-03   0.000000e+00
  -8.260286e-07  -3.899508e-08   0.000000e+00   2.752419e-01   1.299359e-02   0.000000e+00
  -7.907898e-07  -5.188314e-08   0.000000e+00   2.635000e-01   1.728804e-02   0.000000e+00
  -7.538535e-07  -6.465909e-08   0.000000e+00   2.511924e-01   2.154513e-02   0.000000e+00
  -7.150573e-07  -7.727457e-08   0.000000e+00   2.382650e-01   2.574874e-02   0.000000e+00
  -6.742067e-07  -8.966674e-08   0.000000e+00   2.246532e-01   2.987795e-02   0.000000e+00
  -6.310648e-07  -1.017524e-07   0.000000e+00   2.102778e-01   3.390502e-02   0.000000e+00
  -5.853382e-07  -1.134187e-07   0.000000e+00   1.950412e-01   3.779237e-02   0.000000e+00
  -5.366555e-07  -1.245084e-07   0.000000e+00   1.788196e-01   4.148757e-02   0.000000e+00
  -4.845345e-07  -1.347942e-07   0.000000e+00   1.614523e-01   4.491492e-02   0.000000e+00
  -4.283285e-07  -1.439332e-07   0.000000e+00   1.427238e-01   4.796014e-02   0.000000e+00
  -3.671348e-07  -1.513767e-07   0.000000e+00   1.223334e-01   5.044040e-02   0.000000e+00
  -2.996258e-07  -1.561749e-07   0.000000e+00   9.983865e-02   5.203921e-02   0.000000e+00
  -2.237139e-07  -1.564856e-07   0.000000e+00   7.454396e-02   5.214274e-02   0.000000e+00
  -1.358434e-07  -1.480404e-07   0.000000e+00   4.526452e-02   4.932870e-02   0.000000e+00
  -3.012563e-08  -1.173743e-07   0.000000e+00   1.003819e-02   3.911043e-02   0.000000e+00
   7.113506e-08  -9.065905e-09   0.000000e+00  -2.370299e-02   3.020860e-03   0.000000e+00
   4.836788e-08   1.297301e-07   0.000000e+00  -1.611672e-02  -4.322753e-02   0.000000e+00
  -8.828881e-09   2.167362e-07   0.000000e+00   2.941881e-03  -7.221892e-02   0.000000e+00
  -6.624478e-08   2.795903e-07   0.000000e+00   2.207350e-02  -9.316261e-02   0.000000e+00
  -1.208231e-07   3.294300e-07   0.000000e+00   4.025961e-02  -1.097697e-01   0.000000e+00
  -1.724384e-07   3.709668e-07   0.000000e+00   5.745838e-02  -1.236102e-01   0.000000e+00
  -2.213660e-07   4.066450e-07   0.000000e+00   7.376161e-02  -1.354986e-01   0.000000e+00
  -2.679100e-07   4.379109e-07   0.000000e+00   8.927059e-02  -1.459168e-01   0.000000e+00
  -3.123372e-07   4.656996e-07   0.000000e+00   1.040742e-01  -1.551763e-01   0.000000e+00
  -3.548709e-07   4.906554e-07   0.000000e+00   1.182469e-01  -1.634918e-01   0.000000e+00
  -3.956965e-07   5.132437e-07   0.000000e+00   1.318505e-01  -1.710185e-01   0.000000e+00
  -4.349687e-07   5.338134e-07   0.000000e+00   1.449364e-01  -1.778725e-01   0.000000e+00
  -4.728177e-07   5.526337e-07   0.000000e+00   1.575481e-01  -1.841437e-01   0.000000e+00
  -5.093539e-07   5.699178e-07   0.000000e+00   1.697224e-01  -1.899029e-01   0.000000e+00
  -5.446719e-07   5.858375e-07   0.000000e+00   1.814907e-01  -1.952075e-01   0.000000e+00
  -5.788535e-07   6.005339e-07   0.000000e+00   1.928804e-01  -2.001045e-01   0.000000e+00
  -6.119699e-07   6.141244e-07   0.000000e+00   2.039152e-01  -2.046331e-01   0.000000e+00
  -6.440836e-07   6.267081e-07   0.000000e+00   2.146158e-01  -2.088261e-01   0.000000e+00
  -6.752498e-07   6.383694e-07   0.000000e+00   2.250007e-01  -2.127118e-01   0.000000e+00
  -7.055176e-07   6.491809e-07   0.000000e+00   2.350863e-01  -2.163143e-01   0.000000e+00
  -7.349306e-07   6.592057e-07   0.000000e+00   2.448870e-01  -2.196546e-01   0.000000e+00
  -7.635284e-07   6.684988e-07   0.000000e+00   2.544161e-01  -2.227512e-01   0.000000e+00
  -7.913462e-07   6.771090e-07   0.000000e+00   2.636854e-01  -2.256202e-01   0.000000e+00
  -8.184164e-07   6.850792e-07   0.000000e+00   2.727054e-01  -2.282760e-01   0.000000e+00
  -8.447680e-07   6.924478e-07   0.000000e+00   2.814861e-01  -2.307313e-01   0.000000e+00
  -8.704277e-07   6.992491e-07   0.000000e+00   2.900362e-01  -2.329976e-01   0.000000e+00
  -8.954199e-07   7.055141e-07   0.000000e+00   2.983639e-01  -2.350851e-01   0.000000e+00
  -9.197670e-07   7.112706e-07   0.000000e+00   3.064766e-01  -2.370033e-01   0.000000e+00
  -9.434895e-07   7.165441e-07   0.000000e+00   3.143812e-01  -2.387605e-01   0.000000e+00
  -9.666064e-07   7.213576e-07   0.000000e+00   3.220840e-01  -2.403644e-01   0.000000e+00
  -9.891353e-07   7.257322e-07   0.000000e+00   3.295909e-01  -2.418220e-01   0.000000e+00
  -1.011093e-06   7.296873e-07   0.000000e+00   3.369072e-01  -2.431399e-01   0.000000e+00
  -1.032493e-06   7.332406e-07   0.000000e+00   3.440381e-01  -2.443239e-01   0.000000e+00
  -1.053351e-06   7.364085e-07   0.000000e+00   3.509882e-01  -2.453795e-01   0.000000e+00
  -1.073679e-06   7.392062e-07   0.000000e+00   3.577619e-01  -2.463117e-01   0.000000e+00
  -1.093491e-06   7.416477e-07   0.000000e+00   3.643632e-01  -2.471252e-01   0.000000e+00
  -1.112796e-06   7.437459e-07   0.000000e+00   3.707959e-01  -2.478244e-01   0.000000e+00
  -1.131606e-06   7.455132e-07   0.000000e+00   3.770635e-01  -2.484133e-01   0.000000e+00
  -1.149930e-06   7.469607e-07   0.000000e+00   3.831695e-01  -2.488956e-01   0.000000e+00
  -1.167779e-06   7.480989e-07   0.000000e+00   3.891168e-01  -2.492749e-01   0.000000e+00
  -1.185160e-06   7.489379e-07   0.000000e+00   3.949085e-01  -2.495544e-01   0.000000e+00
  -1.202082e-06   7.494867e-07   0.000000e+00   4.005472e-01  -2.497373e-01   0.000000e+00
  -1.218553e-06   7.497542e-07   0.000000e+00   4.060355e-01  -2.498264e-01   0.000000e+00
  -1.234580e-06   7.497484e-07   0.000000e+00   4.113759e-01  -2.498245e-01   0.000000e+00
  -1.250170e-06   7.494772e-07   0.000000e+00   4.165706e-01  -2.497341e-01   0.000000e+00
  -1.265329e-06   7.489476e-07   0.000000e+00   4.216218e-01  -2.495577e-01   0.000000e+00
  -1.280064e-06   7.481666e-07   0.000000e+00   4.265314e-01  -2.492974e-01   0.000000e+00
  -1.294379e-06   7.471406e-07   0.000000e+00   4.313014e-01  -2.489556e-01   0.000000e+00
  -1.308280e-06   7.458758e-07   0.000000e+00   4.359334e-01  -2.485341e-01   0.000000e+00
  -1.321773e-06   7.443779e-07   0.000000e+00   4.404293e-01  -2.480350e-01   0.000000e+00
  -1.334861e-06   7.426524e-07   0.000000e+00   4.447905e-01  -2.474600e-01   0.000000e+00
  -1.347550e-06   7.407046e-07   0.000000e+00   4.490186e-01  -2.468110e-01   0.000000e+00
  -1.359843e-06   7.385394e-07   0.000000e+00   4.531149e-01  -2.460895e-01   0.000000e+00
  -1.371745e-06   7.361614e-07   0.000000e+00   4.570807e-01  -2.452972e-01   0.000000e+00
  -1.383259e-06   7.335753e-07   0.000000e+00   4.609172e-01  -2.444354e-01   0.000000e+00
  -1.394388e-06   7.307852e-07   0.000000e+00   4.646255e-01  -2.435057e-01   0.000000e+00
  -1.405136e-06   7.277952e-07   0.000000e+00   4.682068e-01  -2.425094e-01   0.000000e+00
  -1.415505e-06   7.246092e-07   0.000000e+00   4.716620e-01  -2.414478e-01   0.000000e+00
  -1.425499e-06   7.212309e-07   0.000000e+00   4.749920e-01  -2.403221e-01   0.000000e+00
  -1.435119e-06   7.176638e-07   0.000000e+00   4.781977e-01  -2.391335e-01   0.000000e+00
  -1.444369e-06   7.139113e-07   0.000000e+00   4.812799e-01  -2.378832e-01   0.000000e+00
  -1.453251e-06   7.099767e-07   0.000000e+00   4.842392e-01  -2.365721e-01   0.000000e+00
  -1.461765e-06   7.058630e-07   0.000000e+00   4.870765e-01  -2.352014e-01   0.000000e+00
  -1.469916e-06   7.015732e-07   0.000000e+00   4.897922e-01  -2.337720e-01   0.000000e+00
  -1.477703e-06   6.971101e-07   0.000000e+00   4.923869e-01  -2.322848e-01   0.000000e+00
  -1.485128e-06   6.924764e-07   0.000000e+00   4.948612e-01  -2.307408e-01   0.000000e+00
  -1.492194e-06   6.876748e-07   0.000000e+00   4.972154e-01  -2.291409e-01   0.000000e+00
  -1.498900e-06   6.827078e-07   0.000000e+00   4.994501e-01  -2.274858e-01   0.000000e+00
  -1.505248e-06   6.775777e-07   0.000000e+00   5.015654e-01  -2.257764e-01   0.000000e+00
  -1.511239e-06   6.722868e-07   0.000000e+00   5.035618e-01  -2.240134e-01   0.000000e+00
  -1.516874e-06   6.668374e-07   0.000000e+00   5.054394e-01  -2.221976e-01   0.000000e+00
  -1.522153e-06   6.612316e-07   0.000000e+00   5.071984e-01  -2.203297e-01   0.000000e+00
  -1.527077e-06   6.554714e-07   0.000000e+00   5.088390e-01  -2.184103e-01   0.000000e+00
  -1.531646e-06   6.495587e-07   0.000000e+00   5.103613e-01  -2.164402e-01   0.000000e+00
  -1.535859e-06   6.434956e-07   0.000000e+00   5.117653e-01  -2.144199e-01   0.000000e+00
  -1.539718e-06   6.372837e-07   0.000000e+00   5.130511e-01  -2.123500e-01   0.000000e+00
  -1.543222e-06   6.309249e-07   0.000000e+00   5.142185e-01  -2.102312e-01   0.000000e+00
  -1.546370e-06   6.244207e-07   0.000000e+00   5.152676e-01  -2.080639e-01   0.000000e+00
  -1.549162e-06   6.177729e-07   0.000000e+00   5.161980e-01  -2.058488e-01   0.000000e+00
  -1.551598e-06   6.109830e-07   0.000000e+00   5.170098e-01  -2.035863e-01   0.000000e+00
  -1.553677e-06   6.040525e-07   0.000000e+00   5.177025e-01  -2.012770e-01   0.000000e+00
  -1.555398e-06   5.969829e-07   0.000000e+00   5.182760e-01  -1.989213e-01   0.000000e+00
  -1.556760e-06   5.897754e-07   0.000000e+00   5.187299e-01  -1.965197e-01   0.000000e+00
  -1.557763e-06   5.824316e-07   0.000000e+00   5.190638e-01  -1.940727e-01   0.000000e+00
  -1.558403e-06   5.749526e-07   0.000000e+00   5.192772e-01  -1.915806e-01   0.000000e+00
  -1.558681e-06   5.673397e-07   0.000000e+00   5.193698e-01  -1.890439e-01   0.000000e+00
  -1.558594e-06   5.595942e-07   0.000000e+00   5.193409e-01  -1.864630e-01   0.000000e+00
  -1.558141e-06   5.517172e-07   0.000000e+00   5.191900e-01  -1.838383e-01   0.000000e+00
  -1.557320e-06   5.437099e-07   0.000000e+00   5.189164e-01  -1.811702e-01   0.000000e+00
  -1.556129e-06   5.355732e-07   0.000000e+00   5.185194e-01  -1.784590e-01   0.000000e+00
  -1.554565e-06   5.273084e-07   0.000000e+00   5.179983e-01  -1.757050e-01   0.000000e+00
  -1.552626e-06   5.189163e-07   0.000000e+00   5.173522e-01  -1.729087e-01   0.000000e+00
  -1.550309e-06   5.103980e-07   0.000000e+00   5.165803e-01  -1.700703e-01   0.000000e+00
  -1.547612e-06   5.017545e-07   0.000000e+00   5.156816e-01  -1.671902e-01   0.000000e+00
  -1.544532e-06   4.929866e-07   0.000000e+00   5.146551e-01  -1.642686e-01   0.000000e+00
  -1.541064e-06   4.840952e-07   0.000000e+00   5.134997e-01  -1.613059e-01   0.000000e+00
  -1.537207e-06   4.750813e-07   0.000000e+00   5.122143e-01  -1.583024e-01   0.000000e+00
  -1.532955e-06   4.659457e-07   0.000000e+00   5.107976e-01  -1.552583e-01   0.000000e+00
  -1.528306e-06   4.566892e-07   0.000000e+00   5.092485e-01  -1.521739e-01   0.000000e+00
  -1.523255e-06   4.473126e-07   0.000000e+00   5.075654e-01  -1.490495e-01   0.000000e+00
  -1.517797e-06   4.378167e-07   0.000000e+00   5.057469e-01  -1.458854e-01   0.000000e+00
  -1.511929e-06   4.282022e-07   0.000000e+00   5.037916e-01  -1.426817e-01   0.000000e+00
  -1.505645e-06   4.184701e-07   0.000000e+00   5.016977e-01  -1.394389e-01   0.000000e+00
  -1.498940e-06   4.086209e-07   0.000000e+00   4.994634e-01  -1.361570e-01   0.000000e+00
  -1.491808e-06   3.986554e-07   0.000000e+00   4.970871e-01  -1.328364e-01   0.000000e+00
  -1.484244e-06   3.885744e-07   0.000000e+00   4.945667e-01  -1.294773e-01   0.000000e+00
  -1.476242e-06   3.783786e-07   0.000000e+00   4.919001e-01  -1.260799e-01   0.000000e+00
  -1.467794e-06   3.680687e-07   0.000000e+00   4.890852e-01  -1.226446e-01   0.000000e+00
  -1.458894e-06   3.576455e-07   0.000000e+00   4.861197e-01  -1.191714e-01   0.000000e+00
  -1.449535e-06   3.471096e-07   0.000000e+00   4.830012e-01  -1.156608e-01   0.000000e+00
  -1.439709e-06   3.364619e-07   0.000000e+00   4.797269e-01  -1.121128e-01   0.000000e+00
  -1.429407e-06   3.257031e-07   0.000000e+00   4.762943e-01  -1.085279e-01   0.000000e+00
  -1.418621e-06   3.148340e-07   0.000000e+00   4.727003e-01  -1.049062e-01   0.000000e+00
  -1.407342e-06   3.038554e-07   0.000000e+00   4.689420e-01  -1.012480e-01   0.000000e+00
  -1.395559e-06   2.927682e-07   0.000000e+00   4.650159e-01  -9.755362e-02   0.000000e+00
  -1.383263e-06   2.815732e-07   0.000000e+00   4.609187e-01  -9.382333e-02   0.000000e+00
  -1.370442e-06   2.702715e-07   0.000000e+00   4.566466e-01  -9.005745e-02   0.000000e+00
  -1.357085e-06   2.588639e-07   0.000000e+00   4.521957e-01  -8.625631e-02   0.000000e+00
  -1.343178e-06   2.473515e-07   0.000000e+00   4.475618e-01  -8.242027e-02   0.000000e+00
  -1.328708e-06   2.357356e-07   0.000000e+00   4.427404e-01  -7.854971e-02   0.000000e+00
  -1.313662e-06   2.240173e-07   0.000000e+00   4.377267e-01  -7.464504e-02   0.000000e+00
  -1.298023e-06   2.121980e-07   0.000000e+00   4.325156e-01  -7.070672e-02   0.000000e+00
  -1.281775e-06   2.002792e-07   0.000000e+00   4.271016e-01  -6.673524e-02   0.000000e+00
  -1.264900e-06   1.882625e-07   0.000000e+00   4.214788e-01  -6.273115e-02   0.000000e+00
  -1.247380e-06   1.761498e-07   0.000000e+00   4.156410e-01  -5.869506e-02   0.000000e+00
  -1.229195e-06   1.639431e-07   0.000000e+00   4.095813e-01  -5.462765e-02   0.000000e+00
  -1.210321e-06   1.516446e-07   0.000000e+00   4.032923e-01  -5.052968e-02   0.000000e+00
  -1.190735e-06   1.392571e-07   0.000000e+00   3.967661e-01  -4.640201e-02   0.000000e+00
  -1.170412e-06   1.267833e-07   0.000000e+00   3.899942e-01  -4.224561e-02   0.000000e+00
  -1.149323e-06   1.142267e-07   0.000000e+00   3.829671e-01  -3.806159e-02   0.000000e+00
  -1.127437e-06   1.015909e-07   0.000000e+00   3.756747e-01  -3.385123e-02   0.000000e+00
  -1.104723e-06   8.888054e-08   0.000000e+00   3.681058e-01  -2.961598e-02   0.000000e+00
  -1.081141e-06   7.610055e-08   0.000000e+00   3.602483e-01  -2.535755e-02   0.000000e+00
  -1.056654e-06   6.325685e-08   0.000000e+00   3.520887e-01  -2.107788e-02   0.000000e+00
  -1.031215e-06   5.035634e-08   0.000000e+00   3.436123e-01  -1.677929e-02   0.000000e+00
  -1.004776e-06   3.740712e-08   0.000000e+00   3.348025e-01  -1.246447e-02   0.000000e+00
  -9.772814e-07   2.441879e-08   0.000000e+00   3.256410e-01  -8.136612e-03   0.000000e+00
  -9.486701e-07   1.140275e-08   0.000000e+00   3.161074e-01  -3.799524e-03   0.000000e+00
  -9.188726e-07  -1.627293e-09   0.000000e+00   3.061785e-01   5.422322e-04   0.000000e+00
  -8.878102e-07  -1.465480e-08   0.000000e+00   2.958282e-01   4.883143e-03   0.000000e+00
  -8.553935e-07  -2.765959e-08   0.000000e+00   2.850266e-01   9.216482e-03   0.000000e+00
  -8.215194e-07  -4.061679e-08   0.000000e+00   2.737394e-01   1.353396e-02   0.000000e+00
  -7.860681e-07  -5.349543e-08   0.000000e+00   2.619266e-01   1.782527e-02   0.000000e+00
  -7.488997e-07  -6.625647e-08   0.000000e+00   2.495417e-01   2.207739e-02   0.000000e+00
  -7.098479e-07  -7.884989e-08   0.000000e+00   2.365292e-01   2.627366e-02   0.000000e+00
  -6.687135e-07  -9.121062e-08   0.000000e+00   2.228227e-01   3.039239e-02   0.000000e+00
  -6.252529e-07  -1.032522e-07   0.000000e+00   2.083412e-01   3.440478e-02   0.000000e+00
  -5.791641e-07  -1.148571e-07   0.000000e+00   1.929839e-01   3.827165e-02   0.000000e+00
  -5.300633e-07  -1.258605e-07   0.000000e+00   1.766230e-01   4.193812e-02   0.000000e+00
  -4.774506e-07  -1.360235e-07   0.000000e+00   1.590918e-01   4.532455e-02   0.000000e+00
  -4.206519e-07  -1.449827e-07   0.000000e+00   1.401659e-01   4.830986e-02   0.000000e+00
  -3.587209e-07  -1.521518e-07   0.000000e+00   1.195298e-01   5.069867e-02   0.000000e+00
  -2.902551e-07  -1.565028e-07   0.000000e+00   9.671623e-02   5.214848e-02   0.000000e+00
  -2.130264e-07  -1.560045e-07   0.000000e+00   7.098276e-02   5.198242e-02   0.000000e+00
  -1.232042e-07  -1.458031e-07   0.000000e+00   4.105302e-02   4.858320e-02   0.000000e+00
  -1.481224e-08  -1.097198e-07   0.000000e+00   4.935604e-03   3.655985e-02   0.000000e+00
   7.484275e-08   1.237179e-08   0.000000e+00  -2.493843e-02  -4.122419e-03   0.000000e+00
   4.132157e-08   1.432420e-07   0.000000e+00  -1.376881e-02  -4.772983e-02   0.000000e+00
  -1.643267e-08   2.259701e-07   0.000000e+00   5.475549e-03  -7.529574e-02   0.000000e+00
  -7.352494e-08   2.867103e-07   0.000000e+00   2.449933e-02  -9.553504e-02   0.000000e+00
  -1.277028e-07   3.352718e-07   0.000000e+00   4.255200e-02  -1.117163e-01   0.000000e+00
  -1.789459e-07   3.759374e-07   0.000000e+00   5.962678e-02  -1.252665e-01   0.000000e+00
  -2.275426e-07   4.109751e-07   0.000000e+00   7.581973e-02  -1.369415e-01   0.000000e+00
  -2.737934e-07   4.417452e-07   0.000000e+00   9.123099e-02  -1.471944e-01   0.000000e+00
  -3.179591e-07   4.691355e-07   0.000000e+00   1.059475e-01  -1.563212e-01   0.000000e+00
  -3.602578e-07   4.937620e-07   0.000000e+00   1.200419e-01  -1.645270e-01   0.000000e+00
  -4.008705e-07   5.160721e-07   0.000000e+00   1.335745e-01  -1.719609e-01   0.000000e+00
  -4.399482e-07   5.364024e-07   0.000000e+00   1.465956e-01  -1.787352e-01   0.000000e+00
  -4.776182e-07   5.550140e-07   0.000000e+00   1.591477e-01  -1.849368e-01   0.000000e+00
  -5.139888e-07   5.721138e-07   0.000000e+00   1.712668e-01  -1.906347e-01   0.000000e+00
  -5.491527e-07   5.878691e-07   0.000000e+00   1.829838e-01  -1.958845e-01   0.000000e+00
  -5.831901e-07   6.024176e-07   0.000000e+00   1.943254e-01  -2.007322e-01   0.000000e+00
  -6.161710e-07   6.158740e-07   0.000000e+00   2.053150e-01  -2.052160e-01   0.000000e+00
  -6.481569e-07   6.283353e-07   0.000000e+00   2.159731e-01  -2.093683e-01   0.000000e+00
  -6.792021e-07   6.398842e-07   0.000000e+00   2.263177e-01  -2.132165e-01   0.000000e+00
  -7.093549e-07   6.505919e-07   0.000000e+00   2.363649e-01  -2.167845e-01   0.000000e+00
  -7.386585e-07   6.605205e-07   0.000000e+00   2.461292e-01  -2.200928e-01   0.000000e+00
  -7.671517e-07   6.697242e-07   0.000000e+00   2.556235e-01  -2.231595e-01   0.000000e+00
  -7.948694e-07   6.782507e-07   0.000000e+00   2.648593e-01  -2.260007e-01   0.000000e+00
  -8.218434e-07   6.861424e-07   0.000000e+00   2.738473e-01  -2.286303e-01   0.000000e+00
  -8.481026e-07   6.934371e-07   0.000000e+00   2.825972e-01  -2.310610e-01   0.000000e+00
  -8.736732e-07   7.001688e-07   0.000000e+00   2.911176e-01  -2.333040e-01   0.000000e+00
  -8.985794e-07   7.063678e-07   0.000000e+00   2.994166e-01  -2.353696e-01   0.000000e+00
  -9.228432e-07   7.120618e-07   0.000000e+00   3.075016e-01  -2.372669e-01   0.000000e+00
  -9.464851e-07   7.172759e-07   0.000000e+00   3.153794e-01  -2.390043e-01   0.000000e+00
  -9.695239e-07   7.220328e-07   0.000000e+00   3.230561e-01  -2.405893e-01   0.000000e+00
  -9.919769e-07   7.263533e-07   0.000000e+00   3.305377e-01  -2.420290e-01   0.000000e+00
  -1.013860e-06   7.302567e-07   0.000000e+00   3.378295e-01  -2.433296e-01   0.000000e+00
  -1.035189e-06   7.337605e-07   0.000000e+00   3.449364e-01  -2.444971e-01   0.000000e+00
  -1.055977e-06   7.368809e-07   0.000000e+00   3.518631e-01  -2.455369e-01   0.000000e+00
  -1.076236e-06   7.396329e-07   0.000000e+00   3.586139e-01  -2.464539e-01   0.000000e+00
  -1.095981e-06   7.420305e-07   0.000000e+00   3.651929e-01  -2.472528e-01   0.000000e+00
  -1.115220e-06   7.440864e-07   0.000000e+00   3.716038e-01  -2.479379e-01   0.000000e+00
  -1.133966e-06   7.458128e-07   0.000000e+00   3.778501e-01  -2.485131e-01   0.000000e+00
  -1.152228e-06   7.472207e-07   0.000000e+00   3.839351e-01  -2.489822e-01   0.000000e+00
  -1.170015e-06   7.483208e-07   0.000000e+00   3.898619e-01  -2.493488e-01   0.000000e+00
  -1.187336e-06   7.491227e-07   0.000000e+00   3.956334e-01  -2.496160e-01   0.000000e+00
  -1.204199e-06   7.496357e-07   0.000000e+00   4.012523e-01  -2.497869e-01   0.000000e+00
  -1.220611e-06   7.498684e-07   0.000000e+00   4.067212e-01  -2.498645e-01   0.000000e+00
  -1.236581e-06   7.498288e-07   0.000000e+00   4.120424e-01  -2.498513e-01   0.000000e+00
  -1.252114e-06   7.495247e-07   0.000000e+00   4.172183e-01  -2.497499e-01   0.000000e+00
  -1.267217e-06   7.489631e-07   0.000000e+00   4.222508e-01  -2.495628e-01   0.000000e+00
  -1.281896e-06   7.481510e-07   0.000000e+00   4.271421e-01  -2.492922e-01   0.000000e+00
  -1.296157e-06   7.470946e-07   0.000000e+00   4.318940e-01  -2.489402e-01   0.000000e+00
  -1.310005e-06   7.458001e-07   0.000000e+00   4.365082e-01  -2.485089e-01   0.000000e+00
  -1.323445e-06   7.442733e-07   0.000000e+00   4.409865e-01  -2.480001e-01   0.000000e+00
  -1.336481e-06   7.425195e-07   0.000000e+00   4.453303e-01  -2.474158e-01   0.000000e+00
  -1.349118e-06   7.405441e-07   0.000000e+00   4.495411e-01  -2.467575e-01   0.000000e+00
  -1.361360e-06   7.383518e-07   0.000000e+00   4.536203e-01  -2.460270e-01   0.000000e+00
  -1.373211e-06   7.359474e-07   0.000000e+00   4.575692e-01  -2.452258e-01   0.000000e+00
  -1.384675e-06   7.333352e-07   0.000000e+00   4.613890e-01  -2.443554e-01   0.000000e+00
  -1.395754e-06   7.305197e-07   0.000000e+00   4.650807e-01  -2.434173e-01   0.000000e+00
  -1.406452e-06   7.275048e-07   0.000000e+00   4.686456e-01  -2.424127e-01   0.000000e+00
  -1.416773e-06   7.242943e-07   0.000000e+00   4.720844e-01  -2.413429e-01   0.000000e+00
  -1.426718e-06   7.208919e-07   0.000000e+00   4.753983e-01  -2.402092e-01   0.000000e+00
  -1.436290e-06   7.173012e-07   0.000000e+00   4.785879e-01  -2.390127e-01   0.000000e+00
  -1.445492e-06   7.135255e-07   0.000000e+00   4.816540e-01  -2.377546e-01   0.000000e+00
  -1.454326e-06   7.095680e-07   0.000000e+00   4.845975e-01  -2.364359e-01   0.000000e+00
  -1.462793e-06   7.054318e-07   0.000000e+00   4.874190e-01  -2.350577e-01   0.000000e+00
  -1.470896e-06   7.011199e-07   0.000000e+00   4.901190e-01  -2.336209e-01   0.000000e+00
  -1.478636e-06   6.966350e-07   0.000000e+00   4.926981e-01  -2.321265e-01   0.000000e+00
  -1.486015e-06   6.919799e-07   0.000000e+00   4.951568e-01  -2.305754e-01   0.000000e+00
  -1.493034e-06   6.871571e-07   0.000000e+00   4.974955e-01  -2.289684e-01   0.000000e+00
  -1.499694e-06   6.821691e-07   0.000000e+00   4.997147e-01  -2.273063e-01   0.000000e+00
  -1.505996e-06   6.770184e-07   0.000000e+00   5.018146e-01  -2.255901e-01   0.000000e+00
  -1.511941e-06   6.717072e-07   0.000000e+00   5.037956e-01  -2.238203e-01   0.000000e+00
  -1.517530e-06   6.662377e-07   0.000000e+00   5.056578e-01  -2.219978e-01   0.000000e+00
  -1.522763e-06   6.606120e-07   0.000000e+00   5.074015e-01  -2.201233e-01   0.000000e+00
  -1.527641e-06   6.548322e-07   0.000000e+00   5.090268e-01  -2.181974e-01   0.000000e+00
  -1.532163e-06   6.489002e-07   0.000000e+00   5.105338e-01  -2.162207e-01   0.000000e+00
  -1.536331e-06   6.428178e-07   0.000000e+00   5.119226e-01  -2.141940e-01   0.000000e+00
  -1.540144e-06   6.365869e-07   0.000000e+00   5.131930e-01  -2.121178e-01   0.000000e+00
  -1.543602e-06   6.302093e-07   0.000000e+00   5.143452e-01  -2.099927e-01   0.000000e+00
  -1.546704e-06   6.236866e-07   0.000000e+00   5.153789e-01  -2.078193e-01   0.000000e+00
  -1.549450e-06   6.170203e-07   0.000000e+00   5.162941e-01  -2.055980e-01   0.000000e+00
  -1.551840e-06   6.102122e-07   0.000000e+00   5.170904e-01  -2.033295e-01   0.000000e+00
  -1.553873e-06   6.032636e-07   0.000000e+00   5.177678e-01  -2.010141e-01   0.000000e+00
  -1.555548e-06   5.961760e-07   0.000000e+00   5.183259e-01  -1.986524e-01   0.000000e+00
  -1.556864e-06   5.889507e-07   0.000000e+00   5.187643e-01  -1.962449e-01   0.000000e+00
  -1.557819e-06   5.815892e-07   0.000000e+00   5.190827e-01  -1.937920e-01   0.000000e+00
  -1.558413e-06   5.740927e-07   0.000000e+00   5.192806e-01  -1.912941e-01   0.000000e+00
  -1.558644e-06   5.664625e-07   0.000000e+00   5.193575e-01  -1.887516e-01   0.000000e+00
  -1.558510e-06   5.586998e-07   0.000000e+00   5.193130e-01  -1.861650e-01   0.000000e+00
  -1.558010e-06   5.508056e-07   0.000000e+00   5.191463e-01  -1.835345e-01   0.000000e+00
  -1.557141e-06   5.427812e-07   0.000000e+00   5.188568e-01  -1.808607e-01   0.000000e+00
  -1.555902e-06   5.346277e-07   0.000000e+00   5.184439e-01  -1.781439e-01   0.000000e+00
  -1.554290e-06   5.263460e-07   0.000000e+00   5.179067e-01  -1.753843e-01   0.000000e+00
  -1.552303e-06   5.179372e-07   0.000000e+00   5.172445e-01  -1.725824e-01   0.000000e+00
  -1.549937e-06   5.094023e-07   0.000000e+00   5.164562e-01  -1.697385e-01   0.000000e+00
  -1.547191e-06   5.007423e-07   0.000000e+00   5.155411e-01  -1.668529e-01   0.000000e+00
  -1.544060e-06   4.919579e-07   0.000000e+00   5.144981e-01  -1.639258e-01   0.000000e+00
  -1.540543e-06   4.830502e-07   0.000000e+00   5.133260e-01  -1.609577e-01   0.000000e+00
  -1.536635e-06   4.740201e-07   0.000000e+00   5.120238e-01  -1.579487e-01   0.000000e+00
  -1.532332e-06   4.648682e-07   0.000000e+00   5.105902e-01  -1.548993e-01   0.000000e+00
  -1.527632e-06   4.555956e-07   0.000000e+00   5.090238e-01  -1.518095e-01   0.000000e+00
  -1.522529e-06   4.462029e-07   0.000000e+00   5.073234e-01  -1.486798e-01   0.000000e+00
  -1.517019e-06   4.366911e-07   0.000000e+00   5.054874e-01  -1.455103e-01   0.000000e+00
  -1.511097e-06   4.270607e-07   0.000000e+00   5.035143e-01  -1.423014e-01   0.000000e+00
  -1.504759e-06   4.173127e-07   0.000000e+00   5.014024e-01  -1.390532e-01   0.000000e+00
  -1.497999e-06   4.074477e-07   0.000000e+00   4.991500e-01  -1.357661e-01   0.000000e+00
  -1.490812e-06   3.974666e-07   0.000000e+00   4.967552e-01  -1.324403e-01   0.000000e+00
  -1.483192e-06   3.873699e-07   0.000000e+00   4.942161e-01  -1.290759e-01   0.000000e+00
  -1.475133e-06   3.771585e-07   0.000000e+00   4.915306e-01  -1.256734e-01   0.000000e+00
  -1.466627e-06   3.668330e-07   0.000000e+00   4.886964e-01  -1.222328e-01   0.000000e+00
  -1.457669e-06   3.563943e-07   0.000000e+00   4.857114e-01  -1.187545e-01   0.000000e+00
  -1.448250e-06   3.458430e-07   0.000000e+00   4.825729e-01  -1.152387e-01   0.000000e+00
  -1.438363e-06   3.351800e-07   0.000000e+00   4.792784e-01  -1.116857e-01   0.000000e+00
  -1.427999e-06   3.244059e-07   0.000000e+00   4.758251e-01  -1.080956e-01   0.000000e+00
  -1.417150e-06   3.135215e-07   0.000000e+00   4.722102e-01  -1.044689e-01   0.000000e+00
  -1.405807e-06   3.025278e-07   0.000000e+00   4.684304e-01  -1.008056e-01   0.000000e+00
  -1.393959e-06   2.914255e-07   0.000000e+00   4.644825e-01  -9.710620e-02   0.000000e+00
  -1.381595e-06   2.802155e-07   0.000000e+00   4.603629e-01  -9.337090e-02   0.000000e+00
  -1.368706e-06   2.688988e-07   0.000000e+00   4.560680e-01  -8.960005e-02   0.000000e+00
  -1.355278e-06   2.574763e-07   0.000000e+00   4.515938e-01  -8.579397e-02   0.000000e+00
  -1.341300e-06   2.459492e-07   0.000000e+00   4.469359e-01  -8.195301e-02   0.000000e+00
  -1.326756e-06   2.343187e-07   0.000000e+00   4.420900e-01  -7.807758e-02   0.000000e+00
  -1.311634e-06   2.225858e-07   0.000000e+00   4.370511e-01  -7.416808e-02   0.000000e+00
  -1.295918e-06   2.107522e-07   0.000000e+00   4.318142e-01  -7.022497e-02   0.000000e+00
  -1.279590e-06   1.988192e-07   0.000000e+00   4.263736e-01  -6.624875e-02   0.000000e+00
  -1.262633e-06   1.867884e-07   0.000000e+00   4.207234e-01  -6.223998e-02   0.000000e+00
  -1.245028e-06   1.746619e-07   0.000000e+00   4.148573e-01  -5.819928e-02   0.000000e+00
  -1.226755e-06   1.624416e-07   0.000000e+00   4.087684e-01  -5.412733e-02   0.000000e+00
  -1.207790e-06   1.501298e-07   0.000000e+00   4.024492e-01  -5.002491e-02   0.000000e+00
  -1.188111e-06   1.377292e-07   0.000000e+00   3.958918e-01  -4.589289e-02   0.000000e+00
  -1.167690e-06   1.252427e-07   0.000000e+00   3.890874e-01  -4.173226e-02   0.000000e+00
  -1.146500e-06   1.126738e-07   0.000000e+00   3.820266e-01  -3.754415e-02   0.000000e+00
  -1.124509e-06   1.000262e-07   0.000000e+00   3.746990e-01  -3.332986e-02   0.000000e+00
  -1.101685e-06   8.730460e-08   0.000000e+00   3.670935e-01  -2.909086e-02   0.000000e+00
  -1.077988e-06   7.451399e-08   0.000000e+00   3.591977e-01  -2.482889e-02   0.000000e+00
  -1.053380e-06   6.166044e-08   0.000000e+00   3.509980e-01  -2.054594e-02   0.000000e+00
  -1.027815e-06   4.875099e-08   0.000000e+00   3.424793e-01  -1.624437e-02   0.000000e+00
  -1.001242e-06   3.579392e-08   0.000000e+00   3.336249e-01  -1.192693e-02   0.000000e+00
  -9.736064e-07   2.279902e-08   0.000000e+00   3.244164e-01  -7.596886e-03   0.000000e+00
  -9.448452e-07   9.777973e-09   0.000000e+00   3.148329e-01  -3.258129e-03   0.000000e+00
  -9.148882e-07  -3.255197e-09   0.000000e+00   3.048509e-01   1.084668e-03   0.000000e+00
  -8.836553e-07  -1.628352e-08   0.000000e+00   2.944438e-01   5.425850e-03   0.000000e+00
  -8.510554e-07  -2.928628e-08   0.000000e+00   2.835811e-01   9.758513e-03   0.000000e+00
  -8.169835e-07  -4.223790e-08   0.000000e+00   2.722280e-01   1.407414e-02   0.000000e+00
  -7.813174e-07  -5.510651e-08   0.000000e+00   2.603436e-01   1.836210e-02   0.000000e+00
  -7.439140e-07  -6.785182e-08   0.000000e+00   2.478804e-01   2.260898e-02   0.000000e+00
  -7.046033e-07  -8.042212e-08   0.000000e+00   2.347816e-01   2.679754e-02   0.000000e+00
  -6.631808e-07  -9.275000e-08   0.000000e+00   2.209792e-01   3.090533e-02   0.000000e+00
  -6.193965e-07  -1.047456e-07   0.000000e+00   2.063898e-01   3.490239e-02   0.000000e+00
  -5.729390e-07  -1.162863e-07   0.000000e+00   1.909096e-01   3.874788e-02   0.000000e+00
  -5.234117e-07  -1.271996e-07   0.000000e+00   1.744066e-01   4.238431e-02   0.000000e+00
  -4.702957e-07  -1.372337e-07   0.000000e+00   1.567078e-01   4.572781e-02   0.000000e+00
  -4.128884e-07  -1.460036e-07   0.000000e+00   1.375790e-01   4.865001e-02   0.000000e+00
  -3.501967e-07  -1.528814e-07   0.000000e+00   1.166894e-01   5.094179e-02   0.000000e+00
  -2.807370e-07  -1.567527e-07   0.000000e+00   9.354469e-02   5.223175e-02   0.000000e+00
  -2.021279e-07  -1.553706e-07   0.000000e+00   6.735127e-02   5.177120e-02   0.000000e+00
  -1.102420e-07  -1.431851e-07   0.000000e+00   3.673387e-02   4.771087e-02   0.000000e+00
   6.929854e-10  -1.005904e-07   0.000000e+00  -2.309104e-04   3.351784e-02   0.000000e+00
   7.545417e-08   3.332738e-08   0.000000e+00  -2.514217e-02  -1.110505e-02   0.000000e+00
   3.404778e-08   1.559665e-07   0.000000e+00  -1.134510e-02  -5.196977e-02   0.000000e+00
  -2.400946e-08   2.348509e-07   0.000000e+00   8.000217e-03  -7.825494e-02   0.000000e+00
  -8.075234e-08   2.936298e-07   0.000000e+00   2.690758e-02  -9.784072e-02   0.000000e+00
  -1.345312e-07   3.409824e-07   0.000000e+00   4.482730e-02  -1.136191e-01   0.000000e+00
  -1.854076e-07   3.808142e-07   0.000000e+00   6.177986e-02  -1.268915e-01   0.000000e+00
  -2.336786e-07   4.152340e-07   0.000000e+00   7.786429e-02  -1.383606e-01   0.000000e+00
  -2.796406e-07   4.455231e-07   0.000000e+00   9.317934e-02  -1.484533e-01   0.000000e+00
  -3.235487e-07   4.725254e-07   0.000000e+00   1.078100e-01  -1.574507e-01   0.000000e+00
  -3.656155e-07   4.968301e-07   0.000000e+00   1.218272e-01  -1.655493e-01   0.000000e+00
  -4.060178e-07   5.188675e-07   0.000000e+00   1.352896e-01  -1.728924e-01   0.000000e+00
  -4.449032e-07   5.389630e-07   0.000000e+00   1.482467e-01  -1.795885e-01   0.000000e+00
  -4.823962e-07   5.573694e-07   0.000000e+00   1.607398e-01  -1.857217e-01   0.000000e+00
  -5.186028e-07   5.742877e-07   0.000000e+00   1.728042e-01  -1.913590e-01   0.000000e+00
  -5.536139e-07   5.898809e-07   0.000000e+00   1.844703e-01  -1.965549e-01   0.000000e+00
  -5.875083e-07   6.042834e-07   0.000000e+00   1.957643e-01  -2.013539e-01   0.000000e+00
  -6.203548e-07   6.176073e-07   0.000000e+00   2.067091e-01  -2.057936e-01   0.000000e+00
  -6.522139e-07   6.299475e-07   0.000000e+00   2.173249e-01  -2.099055e-01   0.000000e+00
  -6.831389e-07   6.413852e-07   0.000000e+00   2.276295e-01  -2.137167e-01   0.000000e+00
  -7.131776e-07   6.519903e-07   0.000000e+00   2.376387e-01  -2.172504e-01   0.000000e+00
  -7.423724e-07   6.618237e-07   0.000000e+00   2.473667e-01  -2.205270e-01   0.000000e+00
  -7.707615e-07   6.709386e-07   0.000000e+00   2.568263e-01  -2.235642e-01   0.000000e+00
  -7.983797e-07   6.793821e-07   0.000000e+00   2.660290e-01  -2.263777e-01   0.000000e+00
  -8.252581e-07   6.871959e-07   0.000000e+00   2.749852e-01  -2.289813e-01   0.000000e+00
  -8.514253e-07   6.944174e-07   0.000000e+00   2.837043e-01  -2.313876e-01   0.000000e+00
  -8.769072e-07   7.010799e-07   0.000000e+00   2.921952e-01  -2.336076e-01   0.000000e+00
  -9.017277e-07   7.072135e-07   0.000000e+00   3.004657e-01  -2.356514e-01   0.000000e+00
  -9.259088e-07   7.128454e-07   0.000000e+00   3.085231e-01  -2.375280e-01   0.000000e+00
  -9.494704e-07   7.180004e-07   0.000000e+00   3.163741e-01  -2.392457e-01   0.000000e+00
  -9.724313e-07   7.227010e-07   0.000000e+00   3.240249e-01  -2.408120e-01   0.000000e+00
  -9.948086e-07   7.269678e-07   0.000000e+00   3.314813e-01  -2.422337e-01   0.000000e+00
  -1.016618e-06   7.308198e-07   0.000000e+00   3.387485e-01  -2.435173e-01   0.000000e+00
  -1.037875e-06   7.342743e-07   0.000000e+00   3.458315e-01  -2.446684e-01   0.000000e+00
  -1.058593e-06   7.373475e-07   0.000000e+00   3.527350e-01  -2.456924e-01   0.000000e+00
  -1.078785e-06   7.400541e-07   0.000000e+00   3.594630e-01  -2.465942e-01   0.000000e+00
  -1.098462e-06   7.424079e-07   0.000000e+00   3.660198e-01  -2.473785e-01   0.000000e+00
  -1.117637e-06   7.444216e-07   0.000000e+00   3.724089e-01  -2.480496e-01   0.000000e+00
  -1.136318e-06   7.461073e-07   0.000000e+00   3.786339e-01  -2.486112e-01   0.000000e+00
  -1.154517e-06   7.474760e-07   0.000000e+00   3.846980e-01  -2.490673e-01   0.000000e+00
  -1.172243e-06   7.485380e-07   0.000000e+00   3.906044e-01  -2.494212e-01   0.000000e+00
  -1.189503e-06   7.493031e-07   0.000000e+00   3.963558e-01  -2.496761e-01   0.000000e+00
  -1.206307e-06   7.497803e-07   0.000000e+00   4.019549e-01  -2.498351e-01   0.000000e+00
  -1.222661e-06   7.499783e-07   0.000000e+00   4.074044e-01  -2.499011e-01   0.000000e+00
  -1.238574e-06   7.499051e-07   0.000000e+00   4.127065e-01  -2.498767e-01   0.000000e+00
  -1.254050e-06   7.495681e-07   0.000000e+00   4.178635e-01  -2.497644e-01   0.000000e+00
  -1.269098e-06   7.489747e-07   0.000000e+00   4.228775e-01  -2.495667e-01   0.000000e+00
  -1.283722e-06   7.481315e-07   0.000000e+00   4.277505e-01  -2.492857e-01   0.000000e+00
  -1.297929e-06   7.470448e-07   0.000000e+00   4.324843e-01  -2.489236e-01   0.000000e+00
  -1.311723e-06   7.457208e-07   0.000000e+00   4.370807e-01  -2.484824e-01   0.000000e+00
  -1.325110e-06   7.441651e-07   0.000000e+00   4.415414e-01  -2.479641e-01   0.000000e+00
  -1.338094e-06   7.423831e-07   0.000000e+00   4.458678e-01  -2.473703e-01   0.000000e+00
  -1.350679e-06   7.403801e-07   0.000000e+00   4.500614e-01  -2.467029e-01   0.000000e+00
  -1.362870e-06   7.381608e-07   0.000000e+00   4.541235e-01  -2.459634e-01   0.000000e+00
  -1.374671e-06   7.357300e-07   0.000000e+00   4.580556e-01  -2.451534e-01   0.000000e+00
  -1.386084e-06   7.330920e-07   0.000000e+00   4.618586e-01  -2.442744e-01   0.000000e+00
  -1.397114e-06   7.302511e-07   0.000000e+00   4.655338e-01  -2.433278e-01   0.000000e+00
  -1.407763e-06   7.272112e-07   0.000000e+00   4.690822e-01  -2.423149e-01   0.000000e+00
  -1.418034e-06   7.239763e-07   0.000000e+00   4.725048e-01  -2.412369e-01   0.000000e+00
  -1.427931e-06   7.205499e-07   0.000000e+00   4.758024e-01  -2.400952e-01   0.000000e+00
  -1.437455e-06   7.169357e-07   0.000000e+00   4.789760e-01  -2.388909e-01   0.000000e+00
  -1.446609e-06   7.131368e-07   0.000000e+00   4.820262e-01  -2.376251e-01   0.000000e+00
  -1.455395e-06   7.091565e-07   0.000000e+00   4.849538e-01  -2.362988e-01   0.000000e+00
  -1.463815e-06   7.049979e-07   0.000000e+00   4.877594e-01  -2.349131e-01   0.000000e+00
  -1.471871e-06   7.006638e-07   0.000000e+00   4.904437e-01  -2.334690e-01   0.000000e+00
  -1.479564e-06   6.961572e-07   0.000000e+00   4.930072e-01  -2.319673e-01   0.000000e+00
  -1.486896e-06   6.914806e-07   0.000000e+00   4.954503e-01  -2.304090e-01   0.000000e+00
  -1.493868e-06   6.866367e-07   0.000000e+00   4.977735e-01  -2.287950e-01   0.000000e+00
  -1.500482e-06   6.816279e-07   0.000000e+00   4.999772e-01  -2.271260e-01   0.000000e+00
  -1.506738e-06   6.764566e-07   0.000000e+00   5.020618e-01  -2.254028e-01   0.000000e+00
  -1.512637e-06   6.711250e-07   0.000000e+00   5.040273e-01  -2.236263e-01   0.000000e+00
  -1.518179e-06   6.656354e-07   0.000000e+00   5.058742e-01  -2.217971e-01   0.000000e+00
  -1.523367e-06   6.599899e-07   0.000000e+00   5.076026e-01  -2.199160e-01   0.000000e+00
  -1.528198e-06   6.541905e-07   0.000000e+00   5.092126e-01  -2.179835e-01   0.000000e+00
  -1.532675e-06   6.482391e-07   0.000000e+00   5.107044e-01  -2.160005e-01   0.000000e+00
  -1.536797e-06   6.421376e-07   0.000000e+00   5.120778e-01  -2.139674e-01   0.000000e+00
  -1.540564e-06   6.358877e-07   0.000000e+00   5.133330e-01  -2.118849e-01   0.000000e+00
  -1.543976e-06   6.294913e-07   0.000000e+00   5.144699e-01  -2.097535e-01   0.000000e+00
  -1.547032e-06   6.229500e-07   0.000000e+00   5.154883e-01  -2.075739e-01   0.000000e+00
  -1.549733e-06   6.162654e-07   0.000000e+00   5.163881e-01  -2.053465e-01   0.000000e+00
  -1.552077e-06   6.094390e-07   0.000000e+00   5.171691e-01  -2.030718e-01   0.000000e+00
  -1.554063e-06   6.024723e-07   0.000000e+00   5.178311e-01  -2.007505e-01   0.000000e+00
  -1.555692e-06   5.953667e-07   0.000000e+00   5.183738e-01  -1.983828e-01   0.000000e+00
  -1.556961e-06   5.881237e-07   0.000000e+00   5.187967e-01  -1.959694e-01   0.000000e+00
  -1.557870e-06   5.807446e-07   0.000000e+00   5.190996e-01  -1.935105e-01   0.000000e+00
  -1.558417e-06   5.732306e-07   0.000000e+00   5.192819e-01  -1.910068e-01   0.000000e+00
  -1.558601e-06   5.655830e-07   0.000000e+00   5.193432e-01  -1.884585e-01   0.000000e+00
  -1.558420e-06   5.578030e-07   0.000000e+00   5.192830e-01  -1.858662e-01   0.000000e+00
  -1.557873e-06   5.498918e-07   0.000000e+00   5.191005e-01  -1.832300e-01   0.000000e+00
  -1.556956e-06   5.418504e-07   0.000000e+00   5.187952e-01  -1.805506e-01   0.000000e+00
  -1.555669e-06   5.336799e-07   0.000000e+00   5.183663e-01  -1.778281e-01   0.000000e+00
  -1.554009e-06   5.253814e-07   0.000000e+00   5.178130e-01  -1.750629e-01   0.000000e+00
  -1.551973e-06   5.169560e-07   0.000000e+00   5.171346e-01  -1.722555e-01   0.000000e+00
  -1.549558e-06   5.084045e-07   0.000000e+00   5.163301e-01  -1.694060e-01   0.000000e+00
  -1.546763e-06   4.997279e-07   0.000000e+00   5.153985e-01  -1.665149e-01   0.000000e+00
  -1.543583e-06   4.909271e-07   0.000000e+00   5.143389e-01  -1.635824e-01   0.000000e+00
  -1.540015e-06   4.820031e-07   0.000000e+00   5.131502e-01  -1.606088e-01   0.000000e+00
  -1.536057e-06   4.729566e-07   0.000000e+00   5.118311e-01  -1.575944e-01   0.000000e+00
  -1.531703e-06   4.637886e-07   0.000000e+00   5.103805e-01  -1.545395e-01   0.000000e+00
  -1.526951e-06   4.544999e-07   0.000000e+00   5.087970e-01  -1.514444e-01   0.000000e+00
  -1.521796e-06   4.450912e-07   0.000000e+00   5.070792e-01  -1.483093e-01   0.000000e+00
  -1.516233e-06   4.355633e-07   0.000000e+00   5.052256e-01  -1.451345e-01   0.000000e+00
  -1.510258e-06   4.259171e-07   0.000000e+00   5.032347e-01  -1.419203e-01   0.000000e+00
  -1.503866e-06   4.161532e-07   0.000000e+00   5.011048e-01  -1.386669e-01   0.000000e+00
  -1.497052e-06   4.062725e-07   0.000000e+00   4.988342e-01  -1.353745e-01   0.000000e+00
  -1.489809e-06   3.962756e-07   0.000000e+00   4.964210e-01  -1.320434e-01   0.000000e+00
  -1.482133e-06   3.861632e-07   0.000000e+00   4.938631e-01  -1.286739e-01   0.000000e+00
  -1.474016e-06   3.759362e-07   0.000000e+00   4.911586e-01  -1.252661e-01   0.000000e+00
  -1.465453e-06   3.655952e-07   0.000000e+00   4.883051e-01  -1.218204e-01   0.000000e+00
  -1.456435e-06   3.551410e-07   0.000000e+00   4.853004e-01  -1.183369e-01   0.000000e+00
  -1.446957e-06   3.445743e-07   0.000000e+00   4.821420e-01  -1.148160e-01   0.000000e+00
  -1.437009e-06   3.338959e-07   0.000000e+00   4.788272e-01  -1.112578e-01   0.000000e+00
  -1.426583e-06   3.231065e-07   0.000000e+00   4.753533e-01  -1.076627e-01   0.000000e+00
  -1.415671e-06   3.122069e-07   0.000000e+00   4.717173e-01  -1.040308e-01   0.000000e+00
  -1.404263e-06   3.011980e-07   0.000000e+00   4.679160e-01  -1.003625e-01   0.000000e+00
  -1.392349e-06   2.900806e-07   0.000000e+00   4.639462e-01  -9.665808e-02   0.000000e+00
  -1.379919e-06   2.788556e-07   0.000000e+00   4.598043e-01  -9.291778e-02   0.000000e+00
  -1.366961e-06   2.675240e-07   0.000000e+00   4.554865e-01  -8.914196e-02   0.000000e+00
  -1.353463e-06   2.560867e-07   0.000000e+00   4.509888e-01  -8.533093e-02   0.000000e+00
  -1.339412e-06   2.445449e-07   0.000000e+00   4.463069e-01  -8.148507e-02   0.000000e+00
  -1.324795e-06   2.328997e-07   0.000000e+00   4.414364e-01  -7.760476e-02   0.000000e+00
  -1.309597e-06   2.211524e-07   0.000000e+00   4.363723e-01  -7.369042e-02   0.000000e+00
  -1.293802e-06   2.093043e-07   0.000000e+00   4.311093e-01  -6.974253e-02   0.000000e+00
  -1.277395e-06   1.973571e-07   0.000000e+00   4.256420e-01  -6.576158e-02   0.000000e+00
  -1.260355e-06   1.853124e-07   0.000000e+00   4.199644e-01  -6.174814e-02   0.000000e+00
  -1.242665e-06   1.731720e-07   0.000000e+00   4.140699e-01  -5.770284e-02   0.000000e+00
  -1.224304e-06   1.609381e-07   0.000000e+00   4.079516e-01  -5.362636e-02   0.000000e+00
  -1.205248e-06   1.486130e-07   0.000000e+00   4.016021e-01  -4.951951e-02   0.000000e+00
  -1.185475e-06   1.361994e-07   0.000000e+00   3.950133e-01  -4.538315e-02   0.000000e+00
  -1.164956e-06   1.237003e-07   0.000000e+00   3.881763e-01  -4.121831e-02   0.000000e+00
  -1.143664e-06   1.111191e-07   0.000000e+00   3.810816e-01  -3.702612e-02   0.000000e+00
  -1.121567e-06   9.845982e-08   0.000000e+00   3.737187e-01  -3.280790e-02   0.000000e+00
  -1.098632e-06   8.572697e-08   0.000000e+00   3.660764e-01  -2.856518e-02   0.000000e+00
  -1.074820e-06   7.292584e-08   0.000000e+00   3.581420e-01  -2.429970e-02   0.000000e+00
  -1.050090e-06   6.006254e-08   0.000000e+00   3.499018e-01  -2.001351e-02   0.000000e+00
  -1.024397e-06   4.714428e-08   0.000000e+00   3.413406e-01  -1.570900e-02   0.000000e+00
  -9.976903e-07   3.417949e-08   0.000000e+00   3.324415e-01  -1.138898e-02   0.000000e+00
  -9.699123e-07   2.117820e-08   0.000000e+00   3.231856e-01  -7.056810e-03   0.000000e+00
  -9.410002e-07   8.152355e-09   0.000000e+00   3.135517e-01  -2.716455e-03   0.000000e+00
  -9.108823e-07  -4.883675e-09   0.000000e+00   3.035161e-01   1.627295e-03   0.000000e+00
  -8.794774e-07  -1.791249e-08   0.000000e+00   2.930516e-01   5.968641e-03   0.000000e+00
  -8.466925e-07  -3.091281e-08   0.000000e+00   2.821273e-01   1.030049e-02   0.000000e+00
  -8.124206e-07  -4.385836e-08   0.000000e+00   2.707076e-01   1.461409e-02   0.000000e+00
  -7.765373e-07  -5.671628e-08   0.000000e+00   2.587508e-01   1.889850e-02   0.000000e+00
  -7.388960e-07  -6.944501e-08   0.000000e+00   2.462084e-01   2.313985e-02   0.000000e+00
  -6.993230e-07  -8.199111e-08   0.000000e+00   2.330222e-01   2.732035e-02   0.000000e+00
  -6.576082e-07  -9.428465e-08   0.000000e+00   2.191224e-01   3.141669e-02   0.000000e+00
  -6.134949e-07  -1.062322e-07   0.000000e+00   2.044233e-01   3.539776e-02   0.000000e+00
  -5.666619e-07  -1.177059e-07   0.000000e+00   1.888180e-01   3.922091e-02   0.000000e+00
  -5.166993e-07  -1.285249e-07   0.000000e+00   1.721699e-01   4.282592e-02   0.000000e+00
  -4.630683e-07  -1.384239e-07   0.000000e+00   1.542995e-01   4.612438e-02   0.000000e+00
  -4.050356e-07  -1.469940e-07   0.000000e+00   1.349623e-01   4.898003e-02   0.000000e+00
  -3.415583e-07  -1.535625e-07   0.000000e+00   1.138110e-01   5.116874e-02   0.000000e+00
  -2.710651e-07  -1.569182e-07   0.000000e+00   9.032189e-02   5.228690e-02   0.000000e+00
  -1.910071e-07  -1.545675e-07   0.000000e+00   6.364568e-02   5.150360e-02   0.000000e+00
  -9.693919e-08  -1.401262e-07   0.000000e+00   3.230121e-02   4.669161e-02   0.000000e+00
   1.617376e-08  -8.966061e-08   0.000000e+00  -5.389277e-03   2.987591e-02   0.000000e+00
   7.361814e-08   5.323112e-08   0.000000e+00  -2.453038e-02  -1.773720e-02   0.000000e+00
   2.662185e-08   1.679928e-07   0.000000e+00  -8.870697e-03  -5.597708e-02   0.000000e+00
  -3.155173e-08   2.434076e-07   0.000000e+00   1.051339e-02  -8.110611e-02   0.000000e+00
  -8.792656e-08   3.003611e-07   0.000000e+00   2.929811e-02  -1.000837e-01   0.000000e+00
  -1.413090e-07   3.465680e-07   0.000000e+00   4.708571e-02  -1.154803e-01   0.000000e+00
  -1.918240e-07   3.856007e-07   0.000000e+00   6.391787e-02  -1.284864e-01   0.000000e+00
  -2.397745e-07   4.194241e-07   0.000000e+00   7.989551e-02  -1.397568e-01   0.000000e+00
  -2.854522e-07   4.492463e-07   0.000000e+00   9.511583e-02  -1.496939e-01   0.000000e+00
  -3.291063e-07   4.758703e-07   0.000000e+00   1.096619e-01  -1.585653e-01   0.000000e+00
  -3.709444e-07   4.998604e-07   0.000000e+00   1.236028e-01  -1.665590e-01   0.000000e+00
  -4.111389e-07   5.216308e-07   0.000000e+00   1.369960e-01  -1.738132e-01   0.000000e+00
  -4.498341e-07   5.414957e-07   0.000000e+00   1.498897e-01  -1.804324e-01   0.000000e+00
  -4.871519e-07   5.597002e-07   0.000000e+00   1.623244e-01  -1.864983e-01   0.000000e+00
  -5.231960e-07   5.764398e-07   0.000000e+00   1.743347e-01  -1.920761e-01   0.000000e+00
  -5.580557e-07   5.918732e-07   0.000000e+00   1.859504e-01  -1.972187e-01   0.000000e+00
  -5.918083e-07   6.061315e-07   0.000000e+00   1.971971e-01  -2.019697e-01   0.000000e+00
  -6.245215e-07   6.193245e-07   0.000000e+00   2.080975e-01  -2.063658e-01   0.000000e+00
  -6.562546e-07   6.315451e-07   0.000000e+00   2.186713e-01  -2.104378e-01   0.000000e+00
  -6.870604e-07   6.428728e-07   0.000000e+00   2.289361e-01  -2.142123e-01   0.000000e+00
  -7.169856e-07   6.533762e-07   0.000000e+00   2.389076e-01  -2.177122e-01   0.000000e+00
  -7.460722e-07   6.631152e-07   0.000000e+00   2.485996e-01  -2.209573e-01   0.000000e+00
  -7.743581e-07   6.721421e-07   0.000000e+00   2.580247e-01  -2.239652e-01   0.000000e+00
  -8.018772e-07   6.805033e-07   0.000000e+00   2.671944e-01  -2.267513e-01   0.000000e+00
  -8.286605e-07   6.882400e-07   0.000000e+00   2.761189e-01  -2.293292e-01   0.000000e+00
  -8.547361e-07   6.953887e-07   0.000000e+00   2.848076e-01  -2.317112e-01   0.000000e+00
  -8.801298e-07   7.019825e-07   0.000000e+00   2.932690e-01  -2.339084e-01   0.000000e+00
  -9.048651e-07   7.080511e-07   0.000000e+00   3.015111e-01  -2.359305e-01   0.000000e+00
  -9.289636e-07   7.136213e-07   0.000000e+00   3.095410e-01  -2.377865e-01   0.000000e+00
  -9.524453e-07   7.187176e-07   0.000000e+00   3.173654e-01  -2.394847e-01   0.000000e+00
  -9.753286e-07   7.233622e-07   0.000000e+00   3.249903e-01  -2.410323e-01   0.000000e+00
  -9.976306e-07   7.275757e-07   0.000000e+00   3.324216e-01  -2.424363e-01   0.000000e+00
  -1.019367e-06   7.313765e-07   0.000000e+00   3.396644e-01  -2.437028e-01   0.000000e+00
  -1.040552e-06   7.347821e-07   0.000000e+00   3.467236e-01  -2.448376e-01   0.000000e+00
  -1.061200e-06   7.378082e-07   0.000000e+00   3.536038e-01  -2.458459e-01   0.000000e+00
  -1.081324e-06   7.404696e-07   0.000000e+00   3.603092e-01  -2.467327e-01   0.000000e+00
  -1.100935e-06   7.427799e-07   0.000000e+00   3.668438e-01  -2.475025e-01   0.000000e+00
  -1.120044e-06   7.447517e-07   0.000000e+00   3.732112e-01  -2.481595e-01   0.000000e+00
  -1.138662e-06   7.463968e-07   0.000000e+00   3.794149e-01  -2.487077e-01   0.000000e+00
  -1.156799e-06   7.477263e-07   0.000000e+00   3.854583e-01  -2.491507e-01   0.000000e+00
  -1.174463e-06   7.487505e-07   0.000000e+00   3.913442e-01  -2.494920e-01   0.000000e+00
  -1.191663e-06   7.494788e-07   0.000000e+00   3.970755e-01  -2.497347e-01   0.000000e+00
  -1.208408e-06   7.499205e-07   0.000000e+00   4.026549e-01  -2.498818e-01   0.000000e+00
  -1.224704e-06   7.500839e-07   0.000000e+00   4.080850e-01  -2.499363e-01   0.000000e+00
  -1.240559e-06   7.499771e-07   0.000000e+00   4.133680e-01  -2.499007e-01   0.000000e+00
  -1.255979e-06   7.496075e-07   0.000000e+00   4.185063e-01  -2.497776e-01   0.000000e+00
  -1.270971e-06   7.489823e-07   0.000000e+00   4.235018e-01  -2.495692e-01   0.000000e+00
  -1.285541e-06   7.481081e-07   0.000000e+00   4.283565e-01  -2.492779e-01   0.000000e+00
  -1.299694e-06   7.469913e-07   0.000000e+00   4.330723e-01  -2.489058e-01   0.000000e+00
  -1.313434e-06   7.456378e-07   0.000000e+00   4.376509e-01  -2.484548e-01   0.000000e+00
  -1.326768e-06   7.440533e-07   0.000000e+00   4.420940e-01  -2.479268e-01   0.000000e+00
  -1.339700e-06   7.422432e-07   0.000000e+00   4.464030e-01  -2.473237e-01   0.000000e+00
  -1.352234e-06   7.402127e-07   0.000000e+00   4.505794e-01  -2.466471e-01   0.000000e+00
  -1.364374e-06   7.379665e-07   0.000000e+00   4.546245e-01  -2.458986e-01   0.000000e+00
  -1.376124e-06   7.355093e-07   0.000000e+00   4.585397e-01  -2.450799e-01   0.000000e+00
  -1.387487e-06   7.328455e-07   0.000000e+00   4.623261e-01  -2.441923e-01   0.000000e+00
  -1.398467e-06   7.299793e-07   0.000000e+00   4.659847e-01  -2.432372e-01   0.000000e+00
  -1.409067e-06   7.269146e-07   0.000000e+00   4.695167e-01  -2.422160e-01   0.000000e+00
  -1.419289e-06   7.236553e-07   0.000000e+00   4.729230e-01  -2.411300e-01   0.000000e+00
  -1.429138e-06   7.202050e-07   0.000000e+00   4.762045e-01  -2.399803e-01   0.000000e+00
  -1.438613e-06   7.165672e-07   0.000000e+00   4.793620e-01  -2.387681e-01   0.000000e+00
  -1.447720e-06   7.127451e-07   0.000000e+00   4.823962e-01  -2.374946e-01   0.000000e+00
  -1.456458e-06   7.087421e-07   0.000000e+00   4.853080e-01  -2.361607e-01   0.000000e+00
  -1.464831e-06   7.045611e-07   0.000000e+00   4.880979e-01  -2.347676e-01   0.000000e+00
  -1.472839e-06   7.002050e-07   0.000000e+00   4.907664e-01  -2.333161e-01   0.000000e+00
  -1.480486e-06   6.956766e-07   0.000000e+00   4.933143e-01  -2.318072e-01   0.000000e+00
  -1.487771e-06   6.909786e-07   0.000000e+00   4.957419e-01  -2.302417e-01   0.000000e+00
  -1.494697e-06   6.861136e-07   0.000000e+00   4.980496e-01  -2.286207e-01   0.000000e+00
  -1.501264e-06   6.810839e-07   0.000000e+00   5.002378e-01  -2.269447e-01   0.000000e+00
  -1.507474e-06   6.758921e-07   0.000000e+00   5.023069e-01  -2.252147e-01   0.000000e+00
  -1.513326e-06   6.705402e-07   0.000000e+00   5.042571e-01  -2.234315e-01   0.000000e+00
  -1.518823e-06   6.650306e-07   0.000000e+00   5.060887e-01  -2.215956e-01   0.000000e+00
  -1.523964e-06   6.593653e-07   0.000000e+00   5.078018e-01  -2.197078e-01   0.000000e+00
  -1.528750e-06   6.535463e-07   0.000000e+00   5.093965e-01  -2.177689e-01   0.000000e+00
  -1.533181e-06   6.475755e-07   0.000000e+00   5.108729e-01  -2.157794e-01   0.000000e+00
  -1.537257e-06   6.414549e-07   0.000000e+00   5.122311e-01  -2.137399e-01   0.000000e+00
  -1.540978e-06   6.351861e-07   0.000000e+00   5.134710e-01  -2.116511e-01   0.000000e+00
  -1.544344e-06   6.287710e-07   0.000000e+00   5.145925e-01  -2.095135e-01   0.000000e+00
  -1.547354e-06   6.222111e-07   0.000000e+00   5.155957e-01  -2.073276e-01   0.000000e+00
  -1.550009e-06   6.155080e-07   0.000000e+00   5.164802e-01  -2.050941e-01   0.000000e+00
  -1.552307e-06   6.086634e-07   0.000000e+00   5.172458e-01  -2.028134e-01   0.000000e+00
  -1.554247e-06   6.016787e-07   0.000000e+00   5.178924e-01  -2.004860e-01   0.000000e+00
  -1.555830e-06   5.945552e-07   0.000000e+00   5.184197e-01  -1.981124e-01   0.000000e+00
  -1.557052e-06   5.872944e-07   0.000000e+00   5.188272e-01  -1.956930e-01   0.000000e+00
  -1.557915e-06   5.798977e-07   0.000000e+00   5.191145e-01  -1.932283e-01   0.000000e+00
  -1.558415e-06   5.723662e-07   0.000000e+00   5.192813e-01  -1.907188e-01   0.000000e+00
  -1.558552e-06   5.647013e-07   0.000000e+00   5.193269e-01  -1.881647e-01   0.000000e+00
  -1.558324e-06   5.569040e-07   0.000000e+00   5.192509e-01  -1.855666e-01   0.000000e+00
  -1.557729e-06   5.489757e-07   0.000000e+00   5.190527e-01  -1.829248e-01   0.000000e+00
  -1.556765e-06   5.409173e-07   0.000000e+00   5.187314e-01  -1.802396e-01   0.000000e+00
  -1.555430e-06   5.327299e-07   0.000000e+00   5.182866e-01  -1.775115e-01   0.000000e+00
  -1.553721e-06   5.244147e-07   0.000000e+00   5.177172e-01  -1.747408e-01   0.000000e+00
  -1.551637e-06   5.159725e-07   0.000000e+00   5.170226e-01  -1.719278e-01   0.000000e+00
  -1.549174e-06   5.074044e-07   0.000000e+00   5.162018e-01  -1.690728e-01   0.000000e+00
  -1.546329e-06   4.987113e-07   0.000000e+00   5.152538e-01  -1.661761e-01   0.000000e+00
  -1.543099e-06   4.898941e-07   0.000000e+00   5.141777e-01  -1.632382e-01   0.000000e+00
  -1.539481e-06   4.809537e-07   0.000000e+00   5.129722e-01  -1.602591e-01   0.000000e+00
  -1.535472e-06   4.718910e-07   0.000000e+00   5.116363e-01  -1.572393e-01   0.000000e+00
  -1.531067e-06   4.627069e-07   0.000000e+00   5.101686e-01  -1.541791e-01   0.000000e+00
  -1.526263e-06   4.534020e-07   0.000000e+00   5.085679e-01  -1.510786e-01   0.000000e+00
  -1.521056e-06   4.439773e-07   0.000000e+00   5.068327e-01  -1.479382e-01   0.000000e+00
  -1.515440e-06   4.344335e-07   0.000000e+00   5.049615e-01  -1.447580e-01   0.000000e+00
  -1.509412e-06   4.247713e-07   0.000000e+00   5.029528e-01  -1.415385e-01   0.000000e+00
  -1.502966e-06   4.149916e-07   0.000000e+00   5.008049e-01  -1.382798e-01   0.000000e+00
  -1.496097e-06   4.050951e-07   0.000000e+00   4.985160e-01  -1.349822e-01   0.000000e+00
  -1.488799e-06   3.950824e-07   0.000000e+00   4.960843e-01  -1.316459e-01   0.000000e+00
  -1.481066e-06   3.849545e-07   0.000000e+00   4.935077e-01  -1.282711e-01   0.000000e+00
  -1.472892e-06   3.747118e-07   0.000000e+00   4.907841e-01  -1.248581e-01   0.000000e+00
  -1.464271e-06   3.643553e-07   0.000000e+00   4.879113e-01  -1.214072e-01   0.000000e+00
  -1.455194e-06   3.538856e-07   0.000000e+00   4.848869e-01  -1.179186e-01   0.000000e+00
  -1.445656e-06   3.433035e-07   0.000000e+00   4.817085e-01  -1.143925e-01   0.000000e+00
  -1.435647e-06   3.326097e-07   0.000000e+00   4.783734e-01  -1.108293e-01   0.000000e+00
  -1.425159e-06   3.218050e-07   0.000000e+00   4.748788e-01  -1.072290e-01   0.000000e+00
  -1.414184e-06   3.108902e-07   0.000000e+00   4.712217e-01  -1.035921e-01   0.000000e+00
  -1.402711e-06   2.998662e-07   0.000000e+00   4.673989e-01  -9.991873e-02   0.000000e+00
  -1.390731e-06   2.887337e-07   0.000000e+00   4.634071e-01  -9.620926e-02   0.000000e+00
  -1.378233e-06   2.774937e-07   0.000000e+00   4.592427e-01  -9.246397e-02   0.000000e+00
  -1.365206e-06   2.661471e-07   0.000000e+00   4.549019e-01  -8.868317e-02   0.000000e+00
  -1.351638e-06   2.546950e-07   0.000000e+00   4.503807e-01  -8.486720e-02   0.000000e+00
  -1.337515e-06   2.431384e-07   0.000000e+00   4.456748e-01  -8.101643e-02   0.000000e+00
  -1.322824e-06   2.314786e-07   0.000000e+00   4.407796e-01  -7.713125e-02   0.000000e+00
  -1.307550e-06   2.197168e-07   0.000000e+00   4.356901e-01  -7.321209e-02   0.000000e+00
  -1.291677e-06   2.078545e-07   0.000000e+00   4.304011e-01  -6.925941e-02   0.000000e+00
  -1.275189e-06   1.958931e-07   0.000000e+00   4.249070e-01  -6.527374e-02   0.000000e+00
  -1.258066e-06   1.838343e-07   0.000000e+00   4.192017e-01  -6.125563e-02   0.000000e+00
  -1.240291e-06   1.716802e-07   0.000000e+00   4.132787e-01  -5.720573e-02   0.000000e+00
  -1.221841e-06   1.594327e-07   0.000000e+00   4.071310e-01  -5.312474e-02   0.000000e+00
  -1.202694e-06   1.470943e-07   0.000000e+00   4.007511e-01  -4.901346e-02   0.000000e+00
  -1.182826e-06   1.346677e-07   0.000000e+00   3.941307e-01  -4.487278e-02   0.000000e+00
  -1.162209e-06   1.221560e-07   0.000000e+00   3.872609e-01  -4.070373e-02   0.000000e+00
  -1.140815e-06   1.095626e-07   0.000000e+00   3.801321e-01  -3.650748e-02   0.000000e+00
  -1.118611e-06   9.689165e-08   0.000000e+00   3.727338e-01  -3.228537e-02   0.000000e+00
  -1.095565e-06   8.414768e-08   0.000000e+00   3.650543e-01  -2.803894e-02   0.000000e+00
  -1.071636e-06   7.133610e-08   0.000000e+00   3.570812e-01  -2.376998e-02   0.000000e+00
  -1.046785e-06   5.846317e-08   0.000000e+00   3.488003e-01  -1.948058e-02   0.000000e+00
  -1.020963e-06   4.553621e-08   0.000000e+00   3.401963e-01  -1.517317e-02   0.000000e+00
  -9.941205e-07   3.256385e-08   0.000000e+00   3.312520e-01  -1.085064e-02   0.000000e+00
  -9.661993e-07   1.955635e-08   0.000000e+00   3.219483e-01  -6.516392e-03   0.000000e+00
  -9.371349e-07   6.525930e-09   0.000000e+00   3.122638e-01  -2.174512e-03   0.000000e+00
  -9.068548e-07  -6.512691e-09   0.000000e+00   3.021741e-01   2.170101e-03   0.000000e+00
  -8.752762e-07  -1.954166e-08   0.000000e+00   2.916517e-01   6.511499e-03   0.000000e+00
  -8.423045e-07  -3.253914e-08   0.000000e+00   2.806652e-01   1.084240e-02   0.000000e+00
  -8.078306e-07  -4.547807e-08   0.000000e+00   2.691781e-01   1.515380e-02   0.000000e+00
  -7.717275e-07  -5.832465e-08   0.000000e+00   2.571482e-01   1.943442e-02   0.000000e+00
  -7.338454e-07  -7.103594e-08   0.000000e+00   2.445254e-01   2.366996e-02   0.000000e+00
  -6.940064e-07  -8.355668e-08   0.000000e+00   2.312506e-01   2.784201e-02   0.000000e+00
  -6.519950e-07  -9.581437e-08   0.000000e+00   2.172520e-01   3.192641e-02   0.000000e+00
  -6.075472e-07  -1.077118e-07   0.000000e+00   2.024415e-01   3.589078e-02   0.000000e+00
  -5.603318e-07  -1.191155e-07   0.000000e+00   1.867088e-01   3.969060e-02   0.000000e+00
  -5.099248e-07  -1.298358e-07   0.000000e+00   1.699126e-01   4.326272e-02   0.000000e+00
  -4.557663e-07  -1.395929e-07   0.000000e+00   1.518664e-01   4.651390e-02   0.000000e+00
  -3.970907e-07  -1.479522e-07   0.000000e+00   1.323150e-01   4.929933e-02   0.000000e+00
  -3.328015e-07  -1.541918e-07   0.000000e+00   1.108932e-01   5.137840e-02   0.000000e+00
  -2.612324e-07  -1.569922e-07   0.000000e+00   8.704554e-02   5.231156e-02   0.000000e+00
  -1.796515e-07  -1.535762e-07   0.000000e+00   5.986187e-02   5.117329e-02   0.000000e+00
  -8.327909e-08  -1.365521e-07   0.000000e+00   2.774952e-02   4.550066e-02   0.000000e+00
   3.124693e-08  -7.657779e-08   0.000000e+00  -1.041182e-02   2.551657e-02   0.000000e+00
   6.998518e-08   7.185917e-08   0.000000e+00  -2.331984e-02  -2.394427e-02   0.000000e+00
   1.909810e-08   1.793976e-07   0.000000e+00  -6.363697e-03  -5.977728e-02   0.000000e+00
  -3.905388e-08   2.516654e-07   0.000000e+00   1.301319e-02  -8.385770e-02   0.000000e+00
  -9.504748e-08   3.069151e-07   0.000000e+00   3.167087e-02  -1.022675e-01   0.000000e+00
  -1.480367e-07   3.520343e-07   0.000000e+00   4.932747e-02  -1.173017e-01   0.000000e+00
  -1.981958e-07   3.903004e-07   0.000000e+00   6.604105e-02  -1.300524e-01   0.000000e+00
  -2.458309e-07   4.235473e-07   0.000000e+00   8.191360e-02  -1.411307e-01   0.000000e+00
  -2.912287e-07   4.529161e-07   0.000000e+00   9.704062e-02  -1.509167e-01   0.000000e+00
  -3.346324e-07   4.791714e-07   0.000000e+00   1.115032e-01  -1.596652e-01   0.000000e+00
  -3.762447e-07   5.028539e-07   0.000000e+00   1.253689e-01  -1.675565e-01   0.000000e+00
  -4.162339e-07   5.243625e-07   0.000000e+00   1.386938e-01  -1.747234e-01   0.000000e+00
  -4.547411e-07   5.440009e-07   0.000000e+00   1.515248e-01  -1.812671e-01   0.000000e+00
  -4.918854e-07   5.620068e-07   0.000000e+00   1.639017e-01  -1.872669e-01   0.000000e+00
  -5.277687e-07   5.785703e-07   0.000000e+00   1.758584e-01  -1.927861e-01   0.000000e+00
  -5.624783e-07   5.938461e-07   0.000000e+00   1.874240e-01  -1.978761e-01   0.000000e+00
  -5.960904e-07   6.079622e-07   0.000000e+00   1.986239e-01  -2.025797e-01   0.000000e+00
  -6.286712e-07   6.210258e-07   0.000000e+00   2.094802e-01  -2.069327e-01   0.000000e+00
  -6.602793e-07   6.331281e-07   0.000000e+00   2.200124e-01  -2.109653e-01   0.000000e+00
  -6.909666e-07   6.443469e-07   0.000000e+00   2.302377e-01  -2.147035e-01   0.000000e+00
  -7.207791e-07   6.547496e-07   0.000000e+00   2.401716e-01  -2.181698e-01   0.000000e+00
  -7.497583e-07   6.643951e-07   0.000000e+00   2.498278e-01  -2.213838e-01   0.000000e+00
  -7.779413e-07   6.733349e-07   0.000000e+00   2.592187e-01  -2.243627e-01   0.000000e+00
  -8.053619e-07   6.816145e-07   0.000000e+00   2.683555e-01  -2.271215e-01   0.000000e+00
  -8.320506e-07   6.892745e-07   0.000000e+00   2.772485e-01  -2.296739e-01   0.000000e+00
  -8.580351e-07   6.963510e-07   0.000000e+00   2.859068e-01  -2.320319e-01   0.000000e+00
  -8.833410e-07   7.028767e-07   0.000000e+00   2.943390e-01  -2.342063e-01   0.000000e+00
  -9.079914e-07   7.088807e-07   0.000000e+00   3.025528e-01  -2.362069e-01   0.000000e+00
  -9.320078e-07   7.143896e-07   0.000000e+00   3.105553e-01  -2.380425e-01   0.000000e+00
  -9.554099e-07   7.194276e-07   0.000000e+00   3.183532e-01  -2.397213e-01   0.000000e+00
  -9.782159e-07   7.240166e-07   0.000000e+00   3.259524e-01  -2.412504e-01   0.000000e+00
  -1.000443e-06   7.281769e-07   0.000000e+00   3.333586e-01  -2.426366e-01   0.000000e+00
  -1.022106e-06   7.319270e-07   0.000000e+00   3.405771e-01  -2.438862e-01   0.000000e+00
  -1.043220e-06   7.352838e-07   0.000000e+00   3.476126e-01  -2.450047e-01   0.000000e+00
  -1.063799e-06   7.382632e-07   0.000000e+00   3.544696e-01  -2.459975e-01   0.000000e+00
  -1.083855e-06   7.408796e-07   0.000000e+00   3.611524e-01  -2.468693e-01   0.000000e+00
  -1.103399e-06   7.431465e-07   0.000000e+00   3.676649e-01  -2.476247e-01   0.000000e+00
  -1.122444e-06   7.450765e-07   0.000000e+00   3.740107e-01  -2.482678e-01   0.000000e+00
  -1.140998e-06   7.466814e-07   0.000000e+00   3.801932e-01  -2.488025e-01   0.000000e+00
  -1.159072e-06   7.479719e-07   0.000000e+00   3.862158e-01  -2.492325e-01   0.000000e+00
  -1.176675e-06   7.489583e-07   0.000000e+00   3.920813e-01  -2.495612e-01   0.000000e+00
  -1.193816e-06   7.496501e-07   0.000000e+00   3.977926e-01  -2.497917e-01   0.000000e+00
  -1.210501e-06   7.500563e-07   0.000000e+00   4.033524e-01  -2.499271e-01   0.000000e+00
  -1.226739e-06   7.501853e-07   0.000000e+00   4.087631e-01  -2.499701e-01   0.000000e+00
  -1.242537e-06   7.500450e-07   0.000000e+00   4.140271e-01  -2.499233e-01   0.000000e+00
  -1.257901e-06   7.496429e-07   0.000000e+00   4.191466e-01  -2.497893e-01   0.000000e+00
  -1.272838e-06   7.489860e-07   0.000000e+00   4.241236e-01  -2.495704e-01   0.000000e+00
  -1.287352e-06   7.480809e-07   0.000000e+00   4.289601e-01  -2.492689e-01   0.000000e+00
  -1.301451e-06   7.469340e-07   0.000000e+00   4.336579e-01  -2.488867e-01   0.000000e+00
  -1.315139e-06   7.455511e-07   0.000000e+00   4.382188e-01  -2.484259e-01   0.000000e+00
  -1.328420e-06   7.439379e-07   0.000000e+00   4.426443e-01  -2.478884e-01   0.000000e+00
  -1.341300e-06   7.420998e-07   0.000000e+00   4.469359e-01  -2.472759e-01   0.000000e+00
  -1.353782e-06   7.400419e-07   0.000000e+00   4.510952e-01  -2.465902e-01   0.000000e+00
  -1.365871e-06   7.377688e-07   0.000000e+00   4.551234e-01  -2.458328e-01   0.000000e+00
  -1.377570e-06   7.352854e-07   0.000000e+00   4.590217e-01  -2.450052e-01   0.000000e+00
  -1.388883e-06   7.325958e-07   0.000000e+00   4.627914e-01  -2.441091e-01   0.000000e+00
  -1.399814e-06   7.297043e-07   0.000000e+00   4.664335e-01  -2.431456e-01   0.000000e+00
  -1.410365e-06   7.266148e-07   0.000000e+00   4.699491e-01  -2.421161e-01   0.000000e+00
  -1.420538e-06   7.233312e-07   0.000000e+00   4.733391e-01  -2.410220e-01   0.000000e+00
  -1.430338e-06   7.198570e-07   0.000000e+00   4.766045e-01  -2.398643e-01   0.000000e+00
  -1.439766e-06   7.161957e-07   0.000000e+00   4.797459e-01  -2.386444e-01   0.000000e+00
  -1.448824e-06   7.123506e-07   0.000000e+00   4.827642e-01  -2.373631e-01   0.000000e+00
  -1.457515e-06   7.083249e-07   0.000000e+00   4.856601e-01  -2.360217e-01   0.000000e+00
  -1.465840e-06   7.041215e-07   0.000000e+00   4.884342e-01  -2.346211e-01   0.000000e+00
  -1.473802e-06   6.997434e-07   0.000000e+00   4.910871e-01  -2.331623e-01   0.000000e+00
  -1.481401e-06   6.951933e-07   0.000000e+00   4.936194e-01  -2.316461e-01   0.000000e+00
  -1.488640e-06   6.904739e-07   0.000000e+00   4.960314e-01  -2.300736e-01   0.000000e+00
  -1.495519e-06   6.855878e-07   0.000000e+00   4.983236e-01  -2.284455e-01   0.000000e+00
  -1.502040e-06   6.805374e-07   0.000000e+00   5.004964e-01  -2.267626e-01   0.000000e+00
  -1.508203e-06   6.753250e-07   0.000000e+00   5.025501e-01  -2.250258e-01   0.000000e+00
  -1.514010e-06   6.699529e-07   0.000000e+00   5.044850e-01  -2.232357e-01   0.000000e+00
  -1.519461e-06   6.644233e-07   0.000000e+00   5.063012e-01  -2.213932e-01   0.000000e+00
  -1.524556e-06   6.587382e-07   0.000000e+00   5.079989e-01  -2.194989e-01   0.000000e+00
  -1.529296e-06   6.528996e-07   0.000000e+00   5.095783e-01  -2.175534e-01   0.000000e+00
  -1.533681e-06   6.469095e-07   0.000000e+00   5.110395e-01  -2.155574e-01   0.000000e+00
  -1.537711e-06   6.407697e-07   0.000000e+00   5.123824e-01  -2.135116e-01   0.000000e+00
  -1.541386e-06   6.344821e-07   0.000000e+00   5.136070e-01  -2.114165e-01   0.000000e+00
  -1.544706e-06   6.280482e-07   0.000000e+00   5.147132e-01  -2.092726e-01   0.000000e+00
  -1.547671e-06   6.214697e-07   0.000000e+00   5.157011e-01  -2.070806e-01   0.000000e+00
  -1.550279e-06   6.147483e-07   0.000000e+00   5.165702e-01  -2.048410e-01   0.000000e+00
  -1.552531e-06   6.078855e-07   0.000000e+00   5.173206e-01  -2.025542e-01   0.000000e+00
  -1.554425e-06   6.008827e-07   0.000000e+00   5.179518e-01  -2.002208e-01   0.000000e+00
  -1.555961e-06   5.937414e-07   0.000000e+00   5.184636e-01  -1.978412e-01   0.000000e+00
  -1.557138e-06   5.864628e-07   0.000000e+00   5.188556e-01  -1.954159e-01   0.000000e+00
  -1.557954e-06   5.790485e-07   0.000000e+00   5.191274e-01  -1.929454e-01   0.000000e+00
  -1.558407e-06   5.714995e-07   0.000000e+00   5.192786e-01  -1.904300e-01   0.000000e+00
  -1.558497e-06   5.638173e-07   0.000000e+00   5.193086e-01  -1.878702e-01   0.000000e+00
  -1.558222e-06   5.560028e-07   0.000000e+00   5.192169e-01  -1.852663e-01   0.000000e+00
  -1.557580e-06   5.480573e-07   0.000000e+00   5.190028e-01  -1.826188e-01   0.000000e+00
  -1.556568e-06   5.399819e-07   0.000000e+00   5.186657e-01  -1.799280e-01   0.000000e+00
  -1.555185e-06   5.317777e-07   0.000000e+00   5.182048e-01  -1.771942e-01   0.000000e+00
  -1.553428e-06   5.234457e-07   0.000000e+00   5.176194e-01  -1.744179e-01   0.000000e+00
  -1.551295e-06   5.149868e-07   0.000000e+00   5.169086e-01  -1.715993e-01   0.000000e+00
  -1.548782e-06   5.064021e-07   0.000000e+00   5.160714e-01  -1.687388e-01   0.000000e+00
  -1.545888e-06   4.976925e-07   0.000000e+00   5.151070e-01  -1.658367e-01   0.000000e+00
  -1.542608e-06   4.888589e-07   0.000000e+00   5.140143e-01  -1.628932e-01   0.000000e+00
  -1.538940e-06   4.799022e-07   0.000000e+00   5.127921e-01  -1.599088e-01   0.000000e+00
  -1.534880e-06   4.708233e-07   0.000000e+00   5.114392e-01  -1.568835e-01   0.000000e+00
  -1.530425e-06   4.616229e-07   0.000000e+00   5.099545e-01  -1.538179e-01   0.000000e+00
  -1.525569e-06   4.523020e-07   0.000000e+00   5.083365e-01  -1.507120e-01   0.000000e+00
  -1.520309e-06   4.428612e-07   0.000000e+00   5.065839e-01  -1.475663e-01   0.000000e+00
  -1.514641e-06   4.333014e-07   0.000000e+00   5.046952e-01  -1.443808e-01   0.000000e+00
  -1.508559e-06   4.236234e-07   0.000000e+00   5.026686e-01  -1.411560e-01   0.000000e+00
  -1.502059e-06   4.138278e-07   0.000000e+00   5.005027e-01  -1.378920e-01   0.000000e+00
  -1.495135e-06   4.039155e-07   0.000000e+00   4.981955e-01  -1.345891e-01   0.000000e+00
  -1.487781e-06   3.938872e-07   0.000000e+00   4.957452e-01  -1.312476e-01   0.000000e+00
  -1.479992e-06   3.837436e-07   0.000000e+00   4.931498e-01  -1.278676e-01   0.000000e+00
  -1.471761e-06   3.734853e-07   0.000000e+00   4.904071e-01  -1.244495e-01   0.000000e+00
  -1.463081e-06   3.631133e-07   0.000000e+00   4.875149e-01  -1.209934e-01   0.000000e+00
  -1.453946e-06   3.526281e-07   0.000000e+00   4.844709e-01  -1.174996e-01   0.000000e+00
  -1.444347e-06   3.420306e-07   0.000000e+00   4.812725e-01  -1.139684e-01   0.000000e+00
  -1.434277e-06   3.313214e-07   0.000000e+00   4.779170e-01  -1.104000e-01   0.000000e+00
  -1.423727e-06   3.205015e-07   0.000000e+00   4.744016e-01  -1.067946e-01   0.000000e+00
  -1.412688e-06   3.095714e-07   0.000000e+00   4.707233e-01  -1.031526e-01   0.000000e+00
  -1.401150e-06   2.985322e-07   0.000000e+00   4.668789e-01  -9.947424e-02   0.000000e+00
  -1.389105e-06   2.873846e-07   0.000000e+00   4.628651e-01  -9.575975e-02   0.000000e+00
  -1.376539e-06   2.761296e-07   0.000000e+00   4.586782e-01  -9.200945e-02   0.000000e+00
  -1.363443e-06   2.647681e-07   0.000000e+00   4.543144e-01  -8.822368e-02   0.000000e+00
  -1.349804e-06   2.533012e-07   0.000000e+00   4.497696e-01  -8.440277e-02   0.000000e+00
  -1.335608e-06   2.417299e-07   0.000000e+00   4.450395e-01  -8.054710e-02   0.000000e+00
  -1.320843e-06   2.300555e-07   0.000000e+00   4.401195e-01  -7.665705e-02   0.000000e+00
  -1.305493e-06   2.182792e-07   0.000000e+00   4.350046e-01  -7.273307e-02   0.000000e+00
  -1.289541e-06   2.064025e-07   0.000000e+00   4.296895e-01  -6.877562e-02   0.000000e+00
  -1.272972e-06   1.944270e-07   0.000000e+00   4.241685e-01  -6.478522e-02   0.000000e+00
  -1.255767e-06   1.823542e-07   0.000000e+00   4.184354e-01  -6.076246e-02   0.000000e+00
  -1.237905e-06   1.701863e-07   0.000000e+00   4.124838e-01  -5.670797e-02   0.000000e+00
  -1.219367e-06   1.579253e-07   0.000000e+00   4.063066e-01  -5.262247e-02   0.000000e+00
  -1.200128e-06   1.455737e-07   0.000000e+00   3.998960e-01  -4.850676e-02   0.000000e+00
  -1.180164e-06   1.331342e-07   0.000000e+00   3.932439e-01  -4.436178e-02   0.000000e+00
  -1.159449e-06   1.206099e-07   0.000000e+00   3.863412e-01  -4.018854e-02   0.000000e+00
  -1.137952e-06   1.080044e-07   0.000000e+00   3.791781e-01  -3.598825e-02   0.000000e+00
  -1.115641e-06   9.532175e-08   0.000000e+00   3.717441e-01  -3.176226e-02   0.000000e+00
  -1.092483e-06   8.256674e-08   0.000000e+00   3.640274e-01  -2.751215e-02   0.000000e+00
  -1.068437e-06   6.974480e-08   0.000000e+00   3.560152e-01  -2.323974e-02   0.000000e+00
  -1.043463e-06   5.686233e-08   0.000000e+00   3.476933e-01  -1.894716e-02   0.000000e+00
  -1.017512e-06   4.392680e-08   0.000000e+00   3.390462e-01  -1.463690e-02   0.000000e+00
  -9.905327e-07   3.094703e-08   0.000000e+00   3.300565e-01  -1.031189e-02   0.000000e+00
  -9.624669e-07   1.793350e-08   0.000000e+00   3.207047e-01  -5.975641e-03   0.000000e+00
  -9.332491e-07   4.898727e-09   0.000000e+00   3.109690e-01  -1.632310e-03   0.000000e+00
  -9.028053e-07  -8.142208e-09   0.000000e+00   3.008248e-01   2.713074e-03   0.000000e+00
  -8.710515e-07  -2.117100e-08   0.000000e+00   2.902440e-01   7.054411e-03   0.000000e+00
  -8.378911e-07  -3.416519e-08   0.000000e+00   2.791946e-01   1.138422e-02   0.000000e+00
  -8.032131e-07  -4.709698e-08   0.000000e+00   2.676395e-01   1.569324e-02   0.000000e+00
  -7.668876e-07  -5.993150e-08   0.000000e+00   2.555355e-01   1.996984e-02   0.000000e+00
  -7.287618e-07  -7.262447e-08   0.000000e+00   2.428315e-01   2.419928e-02   0.000000e+00
  -6.886530e-07  -8.511867e-08   0.000000e+00   2.294668e-01   2.836249e-02   0.000000e+00
  -6.463406e-07  -9.733890e-08   0.000000e+00   2.153679e-01   3.243440e-02   0.000000e+00
  -6.015526e-07  -1.091841e-07   0.000000e+00   2.004440e-01   3.638134e-02   0.000000e+00
  -5.539477e-07  -1.205146e-07   0.000000e+00   1.845815e-01   4.015680e-02   0.000000e+00
  -5.030867e-07  -1.311316e-07   0.000000e+00   1.676341e-01   4.369449e-02   0.000000e+00
  -4.483878e-07  -1.407396e-07   0.000000e+00   1.494078e-01   4.689599e-02   0.000000e+00
  -3.890508e-07  -1.488763e-07   0.000000e+00   1.296361e-01   4.960725e-02   0.000000e+00
  -3.239220e-07  -1.547655e-07   0.000000e+00   1.079344e-01   5.156958e-02   0.000000e+00
  -2.512316e-07  -1.569668e-07   0.000000e+00   8.371317e-02   5.230307e-02   0.000000e+00
  -1.680478e-07  -1.523746e-07   0.000000e+00   5.599538e-02   5.077289e-02   0.000000e+00
  -6.924813e-08  -1.323703e-07   0.000000e+00   2.307424e-02   4.410727e-02   0.000000e+00
   4.529443e-08  -6.105147e-08   0.000000e+00  -1.509261e-02   2.034303e-02   0.000000e+00
   6.508012e-08   8.919858e-08   0.000000e+00  -2.168542e-02  -2.972196e-02   0.000000e+00
   1.151606e-08   1.902464e-07   0.000000e+00  -3.837279e-03  -6.339221e-02   0.000000e+00
  -4.651174e-08   2.596467e-07   0.000000e+00   1.549823e-02  -8.651716e-02   0.000000e+00
  -1.021151e-07   3.133015e-07   0.000000e+00   3.402590e-02  -1.043955e-01   0.000000e+00
  -1.547151e-07   3.573865e-07   0.000000e+00   5.155279e-02  -1.190851e-01   0.000000e+00
  -2.045239e-07   3.949163e-07   0.000000e+00   6.814963e-02  -1.315905e-01   0.000000e+00
  -2.518486e-07   4.276058e-07   0.000000e+00   8.391876e-02  -1.424830e-01   0.000000e+00
  -2.969706e-07   4.565340e-07   0.000000e+00   9.895390e-02  -1.521222e-01   0.000000e+00
  -3.401275e-07   4.824297e-07   0.000000e+00   1.133343e-01  -1.607509e-01   0.000000e+00
  -3.815169e-07   5.058113e-07   0.000000e+00   1.271257e-01  -1.685419e-01   0.000000e+00
  -4.213033e-07   5.270632e-07   0.000000e+00   1.403829e-01  -1.756233e-01   0.000000e+00
  -4.596244e-07   5.464791e-07   0.000000e+00   1.531520e-01  -1.820929e-01   0.000000e+00
  -4.965971e-07   5.642897e-07   0.000000e+00   1.654717e-01  -1.880276e-01   0.000000e+00
  -5.323210e-07   5.806797e-07   0.000000e+00   1.773753e-01  -1.934889e-01   0.000000e+00
  -5.668819e-07   5.958000e-07   0.000000e+00   1.888913e-01  -1.985272e-01   0.000000e+00
  -6.003545e-07   6.097756e-07   0.000000e+00   2.000448e-01  -2.031840e-01   0.000000e+00
  -6.328040e-07   6.227114e-07   0.000000e+00   2.108573e-01  -2.074944e-01   0.000000e+00
  -6.642881e-07   6.346966e-07   0.000000e+00   2.213482e-01  -2.114880e-01   0.000000e+00
  -6.948576e-07   6.458077e-07   0.000000e+00   2.315343e-01  -2.151903e-01   0.000000e+00
  -7.245581e-07   6.561108e-07   0.000000e+00   2.414308e-01  -2.186234e-01   0.000000e+00
  -7.534305e-07   6.656636e-07   0.000000e+00   2.510514e-01  -2.218065e-01   0.000000e+00
  -7.815114e-07   6.745170e-07   0.000000e+00   2.604083e-01  -2.247565e-01   0.000000e+00
  -8.088340e-07   6.827157e-07   0.000000e+00   2.695125e-01  -2.274884e-01   0.000000e+00
  -8.354285e-07   6.902996e-07   0.000000e+00   2.783741e-01  -2.300155e-01   0.000000e+00
  -8.613224e-07   6.973045e-07   0.000000e+00   2.870022e-01  -2.323496e-01   0.000000e+00
  -8.865408e-07   7.037625e-07   0.000000e+00   2.954052e-01  -2.345015e-01   0.000000e+00
  -9.111068e-07   7.097023e-07   0.000000e+00   3.035909e-01  -2.364807e-01   0.000000e+00
  -9.350414e-07   7.151504e-07   0.000000e+00   3.115662e-01  -2.382960e-01   0.000000e+00
  -9.583642e-07   7.201304e-07   0.000000e+00   3.193376e-01  -2.399554e-01   0.000000e+00
  -9.810933e-07   7.246642e-07   0.000000e+00   3.269112e-01  -2.414662e-01   0.000000e+00
  -1.003245e-06   7.287717e-07   0.000000e+00   3.342925e-01  -2.428348e-01   0.000000e+00
  -1.024836e-06   7.324712e-07   0.000000e+00   3.414866e-01  -2.440675e-01   0.000000e+00
  -1.045879e-06   7.357796e-07   0.000000e+00   3.484985e-01  -2.451699e-01   0.000000e+00
  -1.066388e-06   7.387123e-07   0.000000e+00   3.553324e-01  -2.461472e-01   0.000000e+00
  -1.086376e-06   7.412840e-07   0.000000e+00   3.619927e-01  -2.470040e-01   0.000000e+00
  -1.105855e-06   7.435078e-07   0.000000e+00   3.684831e-01  -2.477450e-01   0.000000e+00
  -1.124835e-06   7.453962e-07   0.000000e+00   3.748073e-01  -2.483743e-01   0.000000e+00
  -1.143326e-06   7.469609e-07   0.000000e+00   3.809688e-01  -2.488957e-01   0.000000e+00
  -1.161338e-06   7.482126e-07   0.000000e+00   3.869706e-01  -2.493127e-01   0.000000e+00
  -1.178880e-06   7.491614e-07   0.000000e+00   3.928158e-01  -2.496289e-01   0.000000e+00
  -1.195960e-06   7.498168e-07   0.000000e+00   3.985072e-01  -2.498473e-01   0.000000e+00
  -1.212587e-06   7.501877e-07   0.000000e+00   4.040473e-01  -2.499709e-01   0.000000e+00
  -1.228767e-06   7.502824e-07   0.000000e+00   4.094387e-01  -2.500024e-01   0.000000e+00
  -1.244508e-06   7.501087e-07   0.000000e+00   4.146837e-01  -2.499446e-01   0.000000e+00
  -1.259815e-06   7.496742e-07   0.000000e+00   4.197845e-01  -2.497998e-01   0.000000e+00
  -1.274697e-06   7.489857e-07   0.000000e+00   4.247431e-01  -2.495704e-01   0.000000e+00
  -1.289157e-06   7.480499e-07   0.000000e+00   4.295614e-01  -2.492585e-01   0.000000e+00
  -1.303202e-06   7.468729e-07   0.000000e+00   4.342412e-01  -2.488663e-01   0.000000e+00
  -1.316836e-06   7.454608e-07   0.000000e+00   4.387844e-01  -2.483958e-01   0.000000e+00
  -1.330065e-06   7.438190e-07   0.000000e+00   4.431923e-01  -2.478487e-01   0.000000e+00
  -1.342892e-06   7.419529e-07   0.000000e+00   4.474667e-01  -2.472270e-01   0.000000e+00
  -1.355323e-06   7.398676e-07   0.000000e+00   4.516088e-01  -2.465321e-01   0.000000e+00
  -1.367361e-06   7.375678e-07   0.000000e+00   4.556200e-01  -2.457658e-01   0.000000e+00
  -1.379010e-06   7.350581e-07   0.000000e+00   4.595015e-01  -2.449295e-01   0.000000e+00
  -1.390273e-06   7.323429e-07   0.000000e+00   4.632545e-01  -2.440248e-01   0.000000e+00
  -1.401154e-06   7.294262e-07   0.000000e+00   4.668802e-01  -2.430529e-01   0.000000e+00
  -1.411656e-06   7.263120e-07   0.000000e+00   4.703794e-01  -2.420152e-01   0.000000e+00
  -1.421781e-06   7.230041e-07   0.000000e+00   4.737532e-01  -2.409130e-01   0.000000e+00
  -1.431532e-06   7.195061e-07   0.000000e+00   4.770023e-01  -2.397474e-01   0.000000e+00
  -1.440912e-06   7.158213e-07   0.000000e+00   4.801278e-01  -2.385196e-01   0.000000e+00
  -1.449922e-06   7.119532e-07   0.000000e+00   4.831301e-01  -2.372307e-01   0.000000e+00
  -1.458565e-06   7.079048e-07   0.000000e+00   4.860102e-01  -2.358817e-01   0.000000e+00
  -1.466844e-06   7.036791e-07   0.000000e+00   4.887686e-01  -2.344737e-01   0.000000e+00
  -1.474758e-06   6.992790e-07   0.000000e+00   4.914058e-01  -2.330075e-01   0.000000e+00
  -1.482311e-06   6.947073e-07   0.000000e+00   4.939224e-01  -2.314842e-01   0.000000e+00
  -1.489503e-06   6.899665e-07   0.000000e+00   4.963189e-01  -2.299045e-01   0.000000e+00
  -1.496336e-06   6.850594e-07   0.000000e+00   4.985956e-01  -2.282694e-01   0.000000e+00
  -1.502810e-06   6.799882e-07   0.000000e+00   5.007530e-01  -2.265796e-01   0.000000e+00
  -1.508927e-06   6.747553e-07   0.000000e+00   5.027913e-01  -2.248360e-01   0.000000e+00
  -1.514688e-06   6.693630e-07   0.000000e+00   5.047108e-01  -2.230392e-01   0.000000e+00
  -1.520092e-06   6.638134e-07   0.000000e+00   5.065117e-01  -2.211900e-01   0.000000e+00
  -1.525142e-06   6.581085e-07   0.000000e+00   5.081941e-01  -2.192891e-01   0.000000e+00
  -1.529836e-06   6.522504e-07   0.000000e+00   5.097582e-01  -2.173371e-01   0.000000e+00
  -1.534175e-06   6.462410e-07   0.000000e+00   5.112041e-01  -2.153347e-01   0.000000e+00
  -1.538159e-06   6.400822e-07   0.000000e+00   5.125317e-01  -2.132825e-01   0.000000e+00
  -1.541788e-06   6.337756e-07   0.000000e+00   5.137410e-01  -2.111811e-01   0.000000e+00
  -1.545062e-06   6.273230e-07   0.000000e+00   5.148320e-01  -2.090310e-01   0.000000e+00
  -1.547981e-06   6.207260e-07   0.000000e+00   5.158045e-01  -2.068328e-01   0.000000e+00
  -1.550544e-06   6.139862e-07   0.000000e+00   5.166583e-01  -2.045870e-01   0.000000e+00
  -1.552749e-06   6.071052e-07   0.000000e+00   5.173933e-01  -2.022942e-01   0.000000e+00
  -1.554597e-06   6.000844e-07   0.000000e+00   5.180091e-01  -1.999548e-01   0.000000e+00
  -1.556087e-06   5.929252e-07   0.000000e+00   5.185055e-01  -1.975693e-01   0.000000e+00
  -1.557217e-06   5.856289e-07   0.000000e+00   5.188820e-01  -1.951381e-01   0.000000e+00
  -1.557986e-06   5.781970e-07   0.000000e+00   5.191383e-01  -1.926617e-01   0.000000e+00
  -1.558393e-06   5.706306e-07   0.000000e+00   5.192739e-01  -1.901404e-01   0.000000e+00
  -1.558436e-06   5.629310e-07   0.000000e+00   5.192882e-01  -1.875748e-01   0.000000e+00
  -1.558114e-06   5.550993e-07   0.000000e+00   5.191808e-01  -1.849653e-01   0.000000e+00
  -1.557424e-06   5.471367e-07   0.000000e+00   5.189509e-01  -1.823120e-01   0.000000e+00
  -1.556364e-06   5.390444e-07   0.000000e+00   5.185979e-01  -1.796156e-01   0.000000e+00
  -1.554933e-06   5.308233e-07   0.000000e+00   5.181210e-01  -1.768762e-01   0.000000e+00
  -1.553128e-06   5.224745e-07   0.000000e+00   5.175195e-01  -1.740943e-01   0.000000e+00
  -1.550946e-06   5.139989e-07   0.000000e+00   5.167924e-01  -1.712702e-01   0.000000e+00
  -1.548385e-06   5.053977e-07   0.000000e+00   5.159389e-01  -1.684041e-01   0.000000e+00
  -1.545441e-06   4.966716e-07   0.000000e+00   5.149581e-01  -1.654965e-01   0.000000e+00
  -1.542112e-06   4.878216e-07   0.000000e+00   5.138487e-01  -1.625476e-01   0.000000e+00
  -1.538393e-06   4.788486e-07   0.000000e+00   5.126097e-01  -1.595577e-01   0.000000e+00
  -1.534283e-06   4.697534e-07   0.000000e+00   5.112400e-01  -1.565270e-01   0.000000e+00
  -1.529775e-06   4.605368e-07   0.000000e+00   5.097382e-01  -1.534560e-01   0.000000e+00
  -1.524868e-06   4.511998e-07   0.000000e+00   5.081030e-01  -1.503448e-01   0.000000e+00
  -1.519556e-06   4.417430e-07   0.000000e+00   5.063329e-01  -1.471937e-01   0.000000e+00
  -1.513835e-06   4.321672e-07   0.000000e+00   5.044265e-01  -1.440029e-01   0.000000e+00
  -1.507699e-06   4.224733e-07   0.000000e+00   5.023821e-01  -1.407728e-01   0.000000e+00
  -1.501145e-06   4.126619e-07   0.000000e+00   5.001981e-01  -1.375035e-01   0.000000e+00
  -1.494166e-06   4.027339e-07   0.000000e+00   4.978726e-01  -1.341954e-01   0.000000e+00
  -1.486756e-06   3.926898e-07   0.000000e+00   4.954037e-01  -1.308486e-01   0.000000e+00
  -1.478911e-06   3.825305e-07   0.000000e+00   4.927895e-01  -1.274634e-01   0.000000e+00
  -1.470622e-06   3.722567e-07   0.000000e+00   4.900277e-01  -1.240401e-01   0.000000e+00
  -1.461884e-06   3.618691e-07   0.000000e+00   4.871161e-01  -1.205788e-01   0.000000e+00
  -1.452690e-06   3.513685e-07   0.000000e+00   4.840523e-01  -1.170799e-01   0.000000e+00
  -1.443031e-06   3.407555e-07   0.000000e+00   4.808338e-01  -1.135435e-01   0.000000e+00
  -1.432899e-06   3.300310e-07   0.000000e+00   4.774578e-01  -1.099700e-01   0.000000e+00
  -1.422286e-06   3.191958e-07   0.000000e+00   4.739216e-01  -1.063596e-01   0.000000e+00
  -1.411184e-06   3.082505e-07   0.000000e+00   4.702221e-01  -1.027125e-01   0.000000e+00
  -1.399582e-06   2.971961e-07   0.000000e+00   4.663561e-01  -9.902905e-02   0.000000e+00
  -1.387469e-06   2.860335e-07   0.000000e+00   4.623202e-01  -9.530953e-02   0.000000e+00
  -1.374836e-06   2.747635e-07   0.000000e+00   4.581107e-01  -9.155424e-02   0.000000e+00
  -1.361671e-06   2.633871e-07   0.000000e+00   4.537238e-01  -8.776350e-02   0.000000e+00
  -1.347960e-06   2.519053e-07   0.000000e+00   4.491554e-01  -8.393766e-02   0.000000e+00
  -1.333692e-06   2.403194e-07   0.000000e+00   4.444011e-01  -8.007708e-02   0.000000e+00
  -1.318852e-06   2.286304e-07   0.000000e+00   4.394562e-01  -7.618217e-02   0.000000e+00
  -1.303425e-06   2.168396e-07   0.000000e+00   4.343158e-01  -7.225337e-02   0.000000e+00
  -1.287395e-06   2.049486e-07   0.000000e+00   4.289744e-01  -6.829115e-02   0.000000e+00
  -1.270745e-06   1.929589e-07   0.000000e+00   4.234264e-01  -6.429604e-02   0.000000e+00
  -1.253456e-06   1.808722e-07   0.000000e+00   4.176655e-01  -6.026862e-02   0.000000e+00
  -1.235509e-06   1.686905e-07   0.000000e+00   4.116852e-01  -5.620954e-02   0.000000e+00
  -1.216881e-06   1.564160e-07   0.000000e+00   4.054782e-01  -5.211954e-02   0.000000e+00
  -1.197550e-06   1.440511e-07   0.000000e+00   3.990369e-01  -4.799943e-02   0.000000e+00
  -1.177490e-06   1.315987e-07   0.000000e+00   3.923529e-01  -4.385015e-02   0.000000e+00
  -1.156675e-06   1.190619e-07   0.000000e+00   3.854171e-01  -3.967274e-02   0.000000e+00
  -1.135075e-06   1.064443e-07   0.000000e+00   3.782196e-01  -3.546843e-02   0.000000e+00
  -1.112657e-06   9.375012e-08   0.000000e+00   3.707497e-01  -3.123858e-02   0.000000e+00
  -1.089386e-06   8.098414e-08   0.000000e+00   3.629954e-01  -2.698481e-02   0.000000e+00
  -1.065223e-06   6.815194e-08   0.000000e+00   3.549440e-01  -2.270898e-02   0.000000e+00
  -1.040124e-06   5.526004e-08   0.000000e+00   3.465809e-01  -1.841326e-02   0.000000e+00
  -1.014043e-06   4.231606e-08   0.000000e+00   3.378904e-01  -1.410018e-02   0.000000e+00
  -9.869266e-07   2.932904e-08   0.000000e+00   3.288549e-01  -9.772761e-03   0.000000e+00
  -9.587152e-07   1.630967e-08   0.000000e+00   3.194546e-01  -5.434563e-03   0.000000e+00
  -9.293427e-07   3.270779e-09   0.000000e+00   3.096673e-01  -1.089860e-03   0.000000e+00
  -8.987339e-07  -9.772185e-09   0.000000e+00   2.994681e-01   3.256201e-03   0.000000e+00
  -8.668030e-07  -2.280043e-08   0.000000e+00   2.888284e-01   7.597358e-03   0.000000e+00
  -8.334522e-07  -3.579091e-08   0.000000e+00   2.777155e-01   1.192593e-02   0.000000e+00
  -7.985678e-07  -4.871499e-08   0.000000e+00   2.660916e-01   1.623238e-02   0.000000e+00
  -7.620174e-07  -6.153676e-08   0.000000e+00   2.539126e-01   2.050473e-02   0.000000e+00
  -7.236445e-07  -7.421046e-08   0.000000e+00   2.411264e-01   2.472775e-02   0.000000e+00
  -6.832624e-07  -8.667689e-08   0.000000e+00   2.276706e-01   2.888170e-02   0.000000e+00
  -6.406442e-07  -9.885801e-08   0.000000e+00   2.134698e-01   3.294059e-02   0.000000e+00
  -5.955103e-07  -1.106486e-07   0.000000e+00   1.984307e-01   3.686933e-02   0.000000e+00
  -5.475084e-07  -1.219027e-07   0.000000e+00   1.824359e-01   4.061932e-02   0.000000e+00
  -4.961836e-07  -1.324115e-07   0.000000e+00   1.653339e-01   4.412097e-02   0.000000e+00
  -4.409308e-07  -1.418628e-07   0.000000e+00   1.469230e-01   4.727026e-02   0.000000e+00
  -3.809131e-07  -1.497643e-07   0.000000e+00   1.269245e-01   4.990311e-02   0.000000e+00
  -3.149149e-07  -1.552797e-07   0.000000e+00   1.049332e-01   5.174092e-02   0.000000e+00
  -2.410548e-07  -1.568329e-07   0.000000e+00   8.032212e-02   5.225846e-02   0.000000e+00
  -1.561815e-07  -1.509367e-07   0.000000e+00   5.204142e-02   5.029378e-02   0.000000e+00
  -5.483908e-08  -1.274653e-07   0.000000e+00   1.827299e-02   4.247284e-02   0.000000e+00
   5.745890e-08  -4.303637e-08   0.000000e+00  -1.914594e-02   1.434020e-02   0.000000e+00
   5.928783e-08   1.053343e-07   0.000000e+00  -1.975536e-02  -3.509857e-02   0.000000e+00
   3.904844e-09   2.005953e-07   0.000000e+00  -1.301137e-03  -6.684057e-02   0.000000e+00
  -5.392223e-08   2.673714e-07   0.000000e+00   1.796748e-02  -8.909110e-02   0.000000e+00
  -1.091298e-07   3.195296e-07   0.000000e+00   3.636327e-02  -1.064708e-01   0.000000e+00
  -1.613450e-07   3.626295e-07   0.000000e+00   5.376194e-02  -1.208322e-01   0.000000e+00
  -2.108089e-07   3.994515e-07   0.000000e+00   7.024386e-02  -1.331017e-01   0.000000e+00
  -2.578281e-07   4.316016e-07   0.000000e+00   8.591120e-02  -1.438145e-01   0.000000e+00
  -3.026785e-07   4.601014e-07   0.000000e+00   1.008558e-01  -1.533109e-01   0.000000e+00
  -3.455919e-07   4.856461e-07   0.000000e+00   1.151551e-01  -1.618227e-01   0.000000e+00
  -3.867613e-07   5.087333e-07   0.000000e+00   1.288732e-01  -1.695156e-01   0.000000e+00
  -4.263472e-07   5.297334e-07   0.000000e+00   1.420636e-01  -1.765131e-01   0.000000e+00
  -4.644844e-07   5.489308e-07   0.000000e+00   1.547714e-01  -1.829098e-01   0.000000e+00
  -5.012871e-07   5.665491e-07   0.000000e+00   1.670344e-01  -1.887804e-01   0.000000e+00
  -5.368531e-07   5.827682e-07   0.000000e+00   1.788854e-01  -1.941848e-01   0.000000e+00
  -5.712666e-07   5.977351e-07   0.000000e+00   1.903524e-01  -1.991720e-01   0.000000e+00
  -6.046009e-07   6.115720e-07   0.000000e+00   2.014597e-01  -2.037826e-01   0.000000e+00
  -6.369201e-07   6.243815e-07   0.000000e+00   2.122289e-01  -2.080509e-01   0.000000e+00
  -6.682809e-07   6.362510e-07   0.000000e+00   2.226786e-01  -2.120059e-01   0.000000e+00
  -6.987336e-07   6.472554e-07   0.000000e+00   2.328258e-01  -2.156727e-01   0.000000e+00
  -7.283228e-07   6.574597e-07   0.000000e+00   2.426853e-01  -2.190729e-01   0.000000e+00
  -7.570890e-07   6.669208e-07   0.000000e+00   2.522705e-01  -2.222254e-01   0.000000e+00
  -7.850683e-07   6.756885e-07   0.000000e+00   2.615935e-01  -2.251469e-01   0.000000e+00
  -8.122935e-07   6.838069e-07   0.000000e+00   2.706652e-01  -2.278520e-01   0.000000e+00
  -8.387944e-07   6.913154e-07   0.000000e+00   2.794956e-01  -2.303540e-01   0.000000e+00
  -8.645981e-07   6.982492e-07   0.000000e+00   2.880937e-01  -2.326644e-01   0.000000e+00
  -8.897294e-07   7.046400e-07   0.000000e+00   2.964677e-01  -2.347939e-01   0.000000e+00
  -9.142112e-07   7.105161e-07   0.000000e+00   3.046253e-01  -2.367519e-01   0.000000e+00
  -9.380644e-07   7.159037e-07   0.000000e+00   3.125735e-01  -2.385470e-01   0.000000e+00
  -9.613083e-07   7.208261e-07   0.000000e+00   3.203186e-01  -2.401873e-01   0.000000e+00
  -9.839606e-07   7.253049e-07   0.000000e+00   3.278666e-01  -2.416797e-01   0.000000e+00
  -1.006038e-06   7.293599e-07   0.000000e+00   3.352231e-01  -2.430308e-01   0.000000e+00
  -1.027556e-06   7.330092e-07   0.000000e+00   3.423930e-01  -2.442468e-01   0.000000e+00
  -1.048528e-06   7.362693e-07   0.000000e+00   3.493813e-01  -2.453331e-01   0.000000e+00
  -1.068969e-06   7.391558e-07   0.000000e+00   3.561923e-01  -2.462949e-01   0.000000e+00
  -1.088889e-06   7.416829e-07   0.000000e+00   3.628300e-01  -2.471370e-01   0.000000e+00
  -1.108302e-06   7.438638e-07   0.000000e+00   3.692985e-01  -2.478637e-01   0.000000e+00
  -1.127217e-06   7.457108e-07   0.000000e+00   3.756012e-01  -2.484791e-01   0.000000e+00
  -1.145645e-06   7.472355e-07   0.000000e+00   3.817416e-01  -2.489872e-01   0.000000e+00
  -1.163595e-06   7.484485e-07   0.000000e+00   3.877228e-01  -2.493913e-01   0.000000e+00
  -1.181076e-06   7.493599e-07   0.000000e+00   3.935477e-01  -2.496950e-01   0.000000e+00
  -1.198097e-06   7.499790e-07   0.000000e+00   3.992191e-01  -2.499013e-01   0.000000e+00
  -1.214665e-06   7.503147e-07   0.000000e+00   4.047397e-01  -2.500132e-01   0.000000e+00
  -1.230787e-06   7.503752e-07   0.000000e+00   4.101119e-01  -2.500334e-01   0.000000e+00
  -1.246471e-06   7.501684e-07   0.000000e+00   4.153379e-01  -2.499644e-01   0.000000e+00
  -1.261723e-06   7.497015e-07   0.000000e+00   4.204200e-01  -2.498089e-01   0.000000e+00
  -1.276549e-06   7.489815e-07   0.000000e+00   4.253601e-01  -2.495690e-01   0.000000e+00
