Method       t0       tn       N         h
Verlet        0  1.0e+01    1000 1.001e-02

x  -  y  -  z  .........
  -2.883410e-06  -8.199914e-07   4.847779e-11   9.607842e-01   2.732302e-01  -1.615334e-05
  -2.858759e-06  -1.005177e-06   6.348926e-11   9.525702e-01   3.349363e-01  -2.115532e-05
  -2.823124e-06  -1.186501e-06   7.825677e-11   9.406961e-01   3.953554e-01  -2.607602e-05
  -2.776977e-06  -1.363407e-06   9.273292e-11   9.253196e-01   4.543025e-01  -3.089964e-05
  -2.720802e-06  -1.535390e-06   1.068742e-10   9.066015e-01   5.116089e-01  -3.561166e-05
  -2.655086e-06  -1.701988e-06   1.206407e-10   8.847043e-01   5.671214e-01  -4.019881e-05
  -2.580321e-06  -1.862785e-06   1.339960e-10   8.597915e-01   6.207008e-01  -4.464894e-05
  -2.496995e-06  -2.017403e-06   1.469067e-10   8.320265e-01   6.722211e-01  -4.895095e-05
  -2.405599e-06  -2.165500e-06   1.593427e-10   8.015722e-01   7.215687e-01  -5.309475e-05
  -2.306617e-06  -2.306769e-06   1.712762e-10   7.685904e-01   7.686410e-01  -5.707112e-05
  -2.200531e-06  -2.440933e-06   1.826821e-10   7.332413e-01   8.133459e-01  -6.087172e-05
  -2.087816e-06  -2.567744e-06   1.935378e-10   6.956835e-01   8.556007e-01  -6.448895e-05
  -1.968942e-06  -2.686980e-06   2.038226e-10   6.560734e-01   8.953316e-01  -6.791594e-05
  -1.844373e-06  -2.798444e-06   2.135177e-10   6.145656e-01   9.324726e-01  -7.114648e-05
  -1.714566e-06  -2.901960e-06   2.226065e-10   5.713125e-01   9.669654e-01  -7.417496e-05
  -1.579972e-06  -2.997374e-06   2.310737e-10   5.264641e-01   9.987583e-01  -7.699633e-05
  -1.441034e-06  -3.084549e-06   2.389058e-10   4.801686e-01   1.027806e+00  -7.960607e-05
  -1.298193e-06  -3.163366e-06   2.460906e-10   4.325722e-01   1.054069e+00  -8.200011e-05
  -1.151879e-06  -3.233723e-06   2.526172e-10   3.838189e-01   1.077513e+00  -8.417486e-05
  -1.002521e-06  -3.295533e-06   2.584761e-10   3.340510e-01   1.098108e+00  -8.612711e-05
  -8.505398e-07  -3.348722e-06   2.636588e-10   2.834093e-01   1.115831e+00  -8.785405e-05
  -6.963540e-07  -3.393229e-06   2.681581e-10   2.320329e-01   1.130662e+00  -8.935324e-05
  -5.403768e-07  -3.429008e-06   2.719674e-10   1.800595e-01   1.142583e+00  -9.062257e-05
  -3.830183e-07  -3.456021e-06   2.750816e-10   1.276259e-01   1.151585e+00  -9.166026e-05
  -2.246857e-07  -3.474245e-06   2.774962e-10   7.486777e-02   1.157657e+00  -9.246483e-05
  -6.578381e-08  -3.483666e-06   2.792077e-10   2.191990e-02   1.160796e+00  -9.303511e-05
   9.328436e-08  -3.484281e-06   2.802135e-10  -3.108338e-02   1.161001e+00  -9.337024e-05
   2.521170e-07  -3.476098e-06   2.805117e-10  -8.400818e-02   1.158275e+00  -9.346960e-05
   4.103129e-07  -3.459136e-06   2.801014e-10  -1.367208e-01   1.152623e+00  -9.333289e-05
   5.674708e-07  -3.433424e-06   2.789825e-10  -1.890876e-01   1.144055e+00  -9.296008e-05
   7.231890e-07  -3.399001e-06   2.771559e-10  -2.409746e-01   1.132585e+00  -9.235142e-05
   8.770646e-07  -3.355917e-06   2.746231e-10  -2.922477e-01   1.118229e+00  -9.150747e-05
   1.028693e-06  -3.304236e-06   2.713867e-10  -3.427720e-01   1.101008e+00  -9.042907e-05
   1.177668e-06  -3.244030e-06   2.674502e-10  -3.924120e-01   1.080947e+00  -8.911738e-05
   1.323579e-06  -3.175386e-06   2.628180e-10  -4.410313e-01   1.058074e+00  -8.757388e-05
   1.466015e-06  -3.098403e-06   2.574956e-10  -4.884924e-01   1.032422e+00  -8.580040e-05
   1.604558e-06  -3.013194e-06   2.514896e-10  -5.346566e-01   1.004030e+00  -8.379912e-05
   1.738789e-06  -2.919887e-06   2.448077e-10  -5.793838e-01   9.729388e-01  -8.157264e-05
   1.868283e-06  -2.818626e-06   2.374589e-10  -6.225327e-01   9.391973e-01  -7.912392e-05
   1.992611e-06  -2.709570e-06   2.294534e-10  -6.639603e-01   9.028589e-01  -7.645643e-05
   2.111340e-06  -2.592901e-06   2.208032e-10  -7.035219e-01   8.639832e-01  -7.357408e-05
   2.224030e-06  -2.468815e-06   2.115215e-10  -7.410715e-01   8.226366e-01  -7.048130e-05
   2.330239e-06  -2.337535e-06   2.016233e-10  -7.764615e-01   7.788926e-01  -6.718313e-05
   2.429519e-06  -2.199304e-06   1.911256e-10  -8.095425e-01   7.328325e-01  -6.368518e-05
   2.521417e-06  -2.054391e-06   1.800473e-10  -8.401642e-01   6.845460e-01  -5.999375e-05
   2.605480e-06  -1.903094e-06   1.684094e-10  -8.681747e-01   6.341321e-01  -5.611588e-05
   2.681248e-06  -1.745739e-06   1.562354e-10  -8.934216e-01   5.816996e-01  -5.205937e-05
   2.748264e-06  -1.582684e-06   1.435514e-10  -9.157519e-01   5.273680e-01  -4.783290e-05
   2.806067e-06  -1.414325e-06   1.303861e-10  -9.350125e-01   4.712687e-01  -4.344610e-05
   2.854200e-06  -1.241091e-06   1.167716e-10  -9.510511e-01   4.135454e-01  -3.890959e-05
   2.892211e-06  -1.063456e-06   1.027429e-10  -9.637169e-01   3.543555e-01  -3.423508e-05
   2.919654e-06  -8.819357e-07   8.833885e-11  -9.728612e-01   2.938708e-01  -2.943548e-05
   2.936094e-06  -6.970912e-07   7.360184e-11  -9.783391e-01   2.322785e-01  -2.452495e-05
   2.941110e-06  -5.095345e-07   5.857847e-11  -9.800105e-01   1.697825e-01  -1.951900e-05
   2.934302e-06  -3.199292e-07   4.331959e-11  -9.777419e-01   1.066040e-01  -1.443457e-05
   2.915293e-06  -1.289938e-07   2.788060e-11  -9.714081e-01   4.298216e-02  -9.290125e-06
   2.883741e-06   6.249666e-08   1.232164e-11  -9.608945e-01  -2.082458e-02  -4.105708e-06
   2.839341e-06   2.537087e-07  -3.292210e-12  -9.460998e-01  -8.453854e-02   1.097001e-06
   2.781835e-06   4.437496e-07  -1.889087e-11  -9.269381e-01  -1.478623e-01   6.294647e-06
   2.711023e-06   6.316681e-07  -3.439917e-11  -9.033429e-01  -2.104788e-01   1.146219e-05
   2.626772e-06   8.164554e-07  -4.973695e-11  -8.752697e-01  -2.720520e-01   1.657290e-05
   2.529028e-06   9.970483e-07  -6.481923e-11  -8.427001e-01  -3.322276e-01   2.159849e-05
   2.417823e-06   1.172335e-06  -7.955652e-11  -8.056454e-01  -3.906350e-01   2.650912e-05
   2.293293e-06   1.341160e-06  -9.385536e-11  -7.641508e-01  -4.468895e-01   3.127365e-05
   2.155686e-06   1.502338e-06  -1.076190e-10  -7.182987e-01  -5.005958e-01   3.585985e-05
   2.005374e-06   1.654661e-06  -1.207483e-10  -6.682128e-01  -5.513514e-01   4.023469e-05
   1.842860e-06   1.796917e-06  -1.331430e-10  -6.140615e-01  -5.987526e-01   4.436473e-05
   1.668791e-06   1.927905e-06  -1.447029e-10  -5.560598e-01  -6.423994e-01   4.821660e-05
   1.483959e-06   2.046460e-06  -1.553294e-10  -4.944718e-01  -6.819031e-01   5.175749e-05
   1.289305e-06   2.151468e-06  -1.649279e-10  -4.296108e-01  -7.168931e-01   5.495579e-05
   1.085914e-06   2.241898e-06  -1.734087e-10  -3.618387e-01  -7.470254e-01   5.778171e-05
   8.750122e-07   2.316821e-06  -1.806901e-10  -2.915638e-01  -7.719905e-01   6.020795e-05
   6.579507e-07   2.375435e-06  -1.866996e-10  -2.192365e-01  -7.915214e-01   6.221037e-05
   4.361916e-07   2.417089e-06  -1.913760e-10  -1.453439e-01  -8.054010e-01   6.376862e-05
   2.112847e-07   2.441301e-06  -1.946715e-10  -7.040242e-02  -8.134686e-01   6.486670e-05
  -1.515745e-08   2.447772e-06  -1.965523e-10   5.050629e-03  -8.156249e-01   6.549341e-05
  -2.414891e-07   2.436399e-06  -1.970002e-10   8.046686e-02  -8.118352e-01   6.564267e-05
  -4.660615e-07   2.407276e-06  -1.960129e-10   1.552969e-01  -8.021310e-01   6.531369e-05
  -6.872535e-07   2.360693e-06  -1.936040e-10   2.290005e-01  -7.866090e-01   6.451099e-05
  -9.035015e-07   2.297127e-06  -1.898023e-10   3.010567e-01  -7.654283e-01   6.324422e-05
  -1.113327e-06   2.217231e-06  -1.846513e-10   3.709728e-01  -7.388061e-01   6.152785e-05
  -1.315357e-06   2.121813e-06  -1.782075e-10   4.382916e-01  -7.070116e-01   5.938072e-05
  -1.508348e-06   2.011813e-06  -1.705390e-10   5.025984e-01  -6.703583e-01   5.682550e-05
  -1.691195e-06   1.888282e-06  -1.617236e-10   5.635249e-01  -6.291964e-01   5.388810e-05
  -1.862940e-06   1.752355e-06  -1.518466e-10   6.207524e-01  -5.839043e-01   5.059697e-05
  -2.022779e-06   1.605230e-06  -1.409991e-10   6.740125e-01  -5.348805e-01   4.698247e-05
  -2.170058e-06   1.448137e-06  -1.292761e-10   7.230876e-01  -4.825354e-01   4.307625e-05
  -2.304271e-06   1.282325e-06  -1.167747e-10   7.678086e-01  -4.272848e-01   3.891064e-05
  -2.425048e-06   1.109035e-06  -1.035925e-10   8.080528e-01  -3.695429e-01   3.451816e-05
  -2.532150e-06   9.294924e-07  -8.982604e-11   8.437405e-01  -3.097172e-01   2.993103e-05
  -2.625457e-06   7.448853e-07  -7.557024e-11   8.748314e-01  -2.482041e-01   2.518084e-05
  -2.704953e-06   5.563598e-07  -6.091690e-11   9.013203e-01  -1.853853e-01   2.029819e-05
  -2.770716e-06   3.650098e-07  -4.595430e-11   9.232333e-01  -1.216253e-01   1.531248e-05
  -2.822906e-06   1.718717e-07  -3.076658e-11   9.406237e-01  -5.726956e-02   1.025177e-05
  -2.861753e-06  -2.207880e-08  -1.543343e-11   9.535679e-01   7.356902e-03   5.142591e-06
  -2.887545e-06  -2.159286e-07  -2.988156e-14   9.621622e-01   7.194981e-02   9.956868e-09
  -2.900621e-06  -4.088274e-07   1.537380e-11   9.665191e-01   1.362258e-01  -5.122721e-06
  -2.901358e-06  -5.999872e-07   3.071209e-11   9.667645e-01   1.999224e-01  -1.023361e-05
  -2.890166e-06  -7.886802e-07   4.592410e-11   9.630353e-01   2.627970e-01  -1.530242e-05
  -2.867481e-06  -9.742369e-07   6.095350e-11   9.554765e-01   3.246266e-01  -2.031038e-05
  -2.833758e-06  -1.156043e-06   7.574826e-11   9.442395e-01   3.852065e-01  -2.524016e-05
  -2.789465e-06  -1.333538e-06   9.026048e-11   9.294807e-01   4.443496e-01  -3.007579e-05
  -2.735081e-06  -1.506208e-06   1.044462e-10   9.113595e-01   5.018853e-01  -3.480263e-05
  -2.671091e-06  -1.673588e-06   1.182650e-10   8.900371e-01   5.576582e-01  -3.940722e-05
  -2.597981e-06  -1.835254e-06   1.316801e-10   8.656761e-01   6.115271e-01  -4.387727e-05
  -2.516240e-06  -1.990823e-06   1.446577e-10   8.384390e-01   6.633644e-01  -4.820155e-05
  -2.426353e-06  -2.139948e-06   1.571670e-10   8.084879e-01   7.130543e-01  -5.236980e-05
  -2.328806e-06  -2.282315e-06   1.691801e-10   7.759839e-01   7.604927e-01  -5.637268e-05
  -2.224076e-06  -2.417644e-06   1.806714e-10   7.410867e-01   8.055857e-01  -6.020171e-05
  -2.112637e-06  -2.545680e-06   1.916177e-10   7.039543e-01   8.482489e-01  -6.384916e-05
  -1.994960e-06  -2.666199e-06   2.019982e-10   6.647428e-01   8.884070e-01  -6.730804e-05
  -1.871506e-06  -2.778996e-06   2.117937e-10   6.236064e-01   9.259924e-01  -7.057201e-05
  -1.742731e-06  -2.883893e-06   2.209871e-10   5.806972e-01   9.609453e-01  -7.363536e-05
  -1.609085e-06  -2.980731e-06   2.295629e-10   5.361650e-01   9.932126e-01  -7.649290e-05
  -1.471013e-06  -3.069368e-06   2.375071e-10   4.901578e-01   1.022747e+00  -7.914001e-05
  -1.328952e-06  -3.149682e-06   2.448074e-10   4.428215e-01   1.049509e+00  -8.157253e-05
  -1.183334e-06  -3.221567e-06   2.514524e-10   3.943001e-01   1.073462e+00  -8.378673e-05
  -1.034587e-06  -3.284931e-06   2.574323e-10   3.447357e-01   1.094575e+00  -8.577932e-05
  -8.831310e-07  -3.339696e-06   2.627385e-10   2.942690e-01   1.112824e+00  -8.754738e-05
  -7.293849e-07  -3.385800e-06   2.673632e-10   2.430391e-01   1.128186e+00  -8.908838e-05
  -5.737616e-07  -3.423190e-06   2.712998e-10   1.911837e-01   1.140645e+00  -9.040010e-05
  -4.166713e-07  -3.451827e-06   2.745427e-10   1.388395e-01   1.150187e+00  -9.148067e-05
  -2.585210e-07  -3.471683e-06   2.770872e-10   8.614208e-02   1.156803e+00  -9.232853e-05
  -9.971562e-08  -3.482741e-06   2.789295e-10   3.322635e-02   1.160488e+00  -9.294240e-05
   5.934189e-08  -3.484994e-06   2.800667e-10  -1.977338e-02   1.161239e+00  -9.332132e-05
   2.182496e-07  -3.478448e-06   2.804967e-10  -7.272317e-02   1.159058e+00  -9.346460e-05
   3.766060e-07  -3.463117e-06   2.802182e-10  -1.254893e-01   1.153949e+00  -9.337183e-05
   5.340099e-07  -3.439027e-06   2.792311e-10  -1.779380e-01   1.145922e+00  -9.304289e-05
   6.900593e-07  -3.406213e-06   2.775356e-10  -2.299354e-01   1.134988e+00  -9.247794e-05
   8.443510e-07  -3.364724e-06   2.751332e-10  -2.813471e-01   1.121163e+00  -9.167745e-05
   9.964802e-07  -3.314616e-06   2.720262e-10  -3.320383e-01   1.104467e+00  -9.064215e-05
   1.146040e-06  -3.255962e-06   2.682177e-10  -3.818732e-01   1.084923e+00  -8.937311e-05
   1.292620e-06  -3.188842e-06   2.637119e-10  -4.307153e-01   1.062558e+00  -8.787172e-05
   1.435807e-06  -3.113353e-06   2.585139e-10  -4.784269e-01   1.037404e+00  -8.613970e-05
   1.575185e-06  -3.029604e-06   2.526300e-10  -5.248692e-01   1.009498e+00  -8.417913e-05
   1.710333e-06  -2.937718e-06   2.460677e-10  -5.699020e-01   9.788803e-01  -8.199250e-05
   1.840825e-06  -2.837836e-06   2.388357e-10  -6.133834e-01   9.455986e-01  -7.958269e-05
   1.966232e-06  -2.730115e-06   2.309438e-10  -6.551704e-01   9.097045e-01  -7.695302e-05
   2.086119e-06  -2.614728e-06   2.224035e-10  -6.951179e-01   8.712564e-01  -7.410731e-05
   2.200045e-06  -2.491872e-06   2.132278e-10  -7.330795e-01   8.303193e-01  -7.104987e-05
   2.307568e-06  -2.361761e-06   2.034314e-10  -7.689072e-01   7.869650e-01  -6.778561e-05
   2.408236e-06  -2.224636e-06   1.930308e-10  -8.024511e-01   7.412734e-01  -6.432002e-05
   2.501598e-06  -2.080761e-06   1.820446e-10  -8.335603e-01   6.933327e-01  -6.065927e-05
   2.587196e-06  -1.930428e-06   1.704933e-10  -8.620824e-01   6.432401e-01  -5.681026e-05
   2.664569e-06  -1.773959e-06   1.584001e-10  -8.878641e-01   5.911028e-01  -5.278066e-05
   2.733257e-06  -1.611707e-06   1.457905e-10  -9.107516e-01   5.370386e-01  -4.857902e-05
   2.792797e-06  -1.444061e-06   1.326930e-10  -9.305910e-01   4.811771e-01  -4.421478e-05
   2.842729e-06  -1.271447e-06   1.191390e-10  -9.472289e-01   4.236602e-01  -3.969843e-05
   2.882596e-06  -1.094331e-06   1.051632e-10  -9.605131e-01   3.646433e-01  -3.504153e-05
   2.911949e-06  -9.132238e-07   9.080374e-11  -9.702937e-01   3.042963e-01  -3.025681e-05
   2.930347e-06  -7.286810e-07   7.610273e-11  -9.764241e-01   2.428046e-01  -2.535827e-05
   2.937365e-06  -5.413084e-07   6.110617e-11  -9.787627e-01   1.803700e-01  -2.036125e-05
   2.932597e-06  -3.517636e-07   4.586441e-11  -9.771737e-01   1.172116e-01  -1.528253e-05
   2.915659e-06  -1.607592e-07   3.043233e-11  -9.715299e-01   5.356676e-02  -1.014039e-05
   2.886201e-06   3.093549e-08   1.486957e-11  -9.617141e-01  -1.030805e-02  -4.954705e-06
   2.843909e-06   2.224927e-07  -7.593083e-13  -9.476222e-01  -7.413703e-02   2.530100e-07
   2.788518e-06   4.130250e-07  -1.638469e-11  -9.291653e-01  -1.376245e-01   5.459560e-06
   2.719817e-06   6.015859e-07  -3.193186e-11  -9.062732e-01  -2.004551e-01   1.064005e-05
   2.637661e-06   7.871708e-07  -4.732107e-11  -8.788980e-01  -2.622940e-01   1.576791e-05
   2.541983e-06   9.687201e-07  -6.246768e-11  -8.470169e-01  -3.227883e-01   2.081492e-05
   2.432803e-06   1.145124e-06  -7.728250e-11  -8.106370e-01  -3.815681e-01   2.575139e-05
   2.310243e-06   1.315230e-06  -9.167225e-11  -7.697985e-01  -4.382492e-01   3.054621e-05
   2.174534e-06   1.477850e-06  -1.055403e-10  -7.245788e-01  -4.924361e-01   3.516719e-05
   2.026032e-06   1.631776e-06  -1.187874e-10  -6.750964e-01  -5.437260e-01   3.958128e-05
   1.865226e-06   1.775792e-06  -1.313131e-10  -6.215139e-01  -5.917137e-01   4.375498e-05
   1.692744e-06   1.908692e-06  -1.430168e-10  -5.640409e-01  -6.359974e-01   4.765478e-05
   1.509361e-06   2.029301e-06  -1.537996e-10  -5.029359e-01  -6.761857e-01   5.124772e-05
   1.316002e-06   2.136497e-06  -1.635658e-10  -4.385066e-01  -7.119046e-01   5.450193e-05
   1.113738e-06   2.229235e-06  -1.722250e-10  -3.711097e-01  -7.428058e-01   5.738730e-05
   9.037775e-07   2.306570e-06  -1.796944e-10  -3.011487e-01  -7.685746e-01   5.987615e-05
   6.874615e-07   2.367683e-06  -1.858999e-10  -2.290698e-01  -7.889382e-01   6.194392e-05
   4.662407e-07   2.411904e-06  -1.907792e-10  -1.553566e-01  -8.036730e-01   6.356974e-05
   2.416571e-07   2.438728e-06  -1.942824e-10  -8.052282e-02  -8.126114e-01   6.473705e-05
   1.531794e-08   2.447837e-06  -1.963743e-10  -5.104107e-03  -8.156464e-01   6.543408e-05
  -2.111329e-07   2.439102e-06  -1.970347e-10   7.035181e-02  -8.127358e-01   6.565413e-05
  -4.360453e-07   2.412594e-06  -1.962594e-10   1.452951e-01  -8.039033e-01   6.539580e-05
  -6.577939e-07   2.368582e-06  -1.940601e-10   2.191842e-01  -7.892379e-01   6.466298e-05
  -8.748078e-07   2.307521e-06  -1.904640e-10   2.914957e-01  -7.688917e-01   6.346472e-05
  -1.085598e-06   2.230043e-06  -1.855128e-10   3.617332e-01  -7.430752e-01   6.181494e-05
  -1.288780e-06   2.136938e-06  -1.792617e-10   4.294359e-01  -7.120514e-01   5.973197e-05
  -1.483095e-06   2.029129e-06  -1.717771e-10   4.941839e-01  -6.761285e-01   5.723804e-05
  -1.667423e-06   1.907656e-06  -1.631357e-10   5.556038e-01  -6.356521e-01   5.435863e-05
  -1.840789e-06   1.773642e-06  -1.534219e-10   6.133712e-01  -5.909971e-01   5.112187e-05
  -2.002371e-06   1.628274e-06  -1.427259e-10   6.672123e-01  -5.425589e-01   4.755787e-05
  -2.151499e-06   1.472778e-06  -1.311423e-10   7.169034e-01  -4.907461e-01   4.369806e-05
  -2.287648e-06   1.308399e-06  -1.187675e-10   7.622698e-01  -4.359729e-01   3.957465e-05
  -2.410434e-06   1.136375e-06  -1.056989e-10   8.031833e-01  -3.786529e-01   3.522006e-05
  -2.519600e-06   9.579318e-07  -9.203318e-11   8.395588e-01  -3.191935e-01   3.066648e-05
  -2.615012e-06   7.742588e-07  -7.786500e-11   8.713512e-01  -2.579916e-01   2.594548e-05
  -2.696640e-06   5.865046e-07  -6.328638e-11   8.985505e-01  -1.954298e-01   2.108772e-05
  -2.764550e-06   3.957666e-07  -4.838580e-11   9.211786e-01  -1.318738e-01   1.612269e-05
  -2.818888e-06   2.030859e-07  -3.324771e-11   9.392848e-01  -6.767047e-02   1.107851e-05
  -2.859875e-06   9.443233e-09  -1.795214e-11   9.529420e-01  -3.146590e-03   5.981851e-06
  -2.887789e-06  -1.842426e-07  -2.574503e-12   9.622433e-01   6.139167e-02   8.578531e-07
  -2.902959e-06  -3.771154e-07   1.281449e-11   9.672982e-01   1.256590e-01  -4.269931e-06
  -2.905756e-06  -5.683807e-07   2.814887e-11   9.682303e-01   1.893908e-01  -9.379515e-06
  -2.896584e-06  -7.573048e-07   4.336729e-11   9.651738e-01   2.523424e-01  -1.445046e-05
  -2.875871e-06  -9.432116e-07   5.841293e-11   9.582720e-01   3.142886e-01  -1.946384e-05
  -2.844066e-06  -1.125481e-06   7.323329e-11   9.476745e-01   3.750227e-01  -2.440214e-05
  -2.801635e-06  -1.303545e-06   8.778001e-11   9.335359e-01   4.343555e-01  -2.924927e-05
  -2.749051e-06  -1.476884e-06   1.020086e-10   9.160143e-01   4.921143e-01  -3.399041e-05
  -2.686795e-06  -1.645028e-06   1.158784e-10   8.952699e-01   5.481417e-01  -3.861195e-05
  -2.615351e-06  -1.807547e-06   1.293518e-10   8.714641e-01   6.022946e-01  -4.310146e-05
  -2.535205e-06  -1.964051e-06   1.423949e-10   8.447585e-01   6.544435e-01  -4.744755e-05
  -2.446840e-06  -2.114188e-06   1.549763e-10   8.153144e-01   7.044708e-01  -5.163983e-05
  -2.350739e-06  -2.257640e-06   1.670677e-10   7.832922e-01   7.522705e-01  -5.566882e-05
  -2.247377e-06  -2.394119e-06   1.786432e-10   7.488511e-01   7.977471e-01  -5.952589e-05
  -2.137229e-06  -2.523369e-06   1.896792e-10   7.121486e-01   8.408146e-01  -6.320321e-05
  -2.020762e-06  -2.645158e-06   2.001543e-10   6.733403e-01   8.813960e-01  -6.669364e-05
  -1.898436e-06  -2.759278e-06   2.100492e-10   6.325801e-01   9.194222e-01  -6.999073e-05
  -1.770708e-06  -2.865546e-06   2.193463e-10   5.900196e-01   9.548319e-01  -7.308863e-05
  -1.638026e-06  -2.963798e-06   2.280299e-10   5.458086e-01   9.875705e-01  -7.598208e-05
  -1.500835e-06  -3.053889e-06   2.360855e-10   5.000947e-01   1.017590e+00  -7.866631e-05
  -1.359570e-06  -3.135693e-06   2.435005e-10   4.530237e-01   1.044848e+00  -8.113706e-05
  -1.214664e-06  -3.209098e-06   2.502633e-10   4.047394e-01   1.069307e+00  -8.339051e-05
  -1.066543e-06  -3.274010e-06   2.563637e-10   3.553839e-01   1.090937e+00  -8.542324e-05
  -9.156285e-07  -3.330348e-06   2.617928e-10   3.050976e-01   1.109709e+00  -8.723227e-05
  -7.623384e-07  -3.378043e-06   2.665425e-10   2.540196e-01   1.125602e+00  -8.881492e-05
  -6.070856e-07  -3.417042e-06   2.706060e-10   2.022877e-01   1.138596e+00  -9.016892e-05
  -4.502799e-07  -3.447300e-06   2.739773e-10   1.500383e-01   1.148679e+00  -9.129227e-05
  -2.923285e-07  -3.468786e-06   2.766514e-10   9.740709e-02   1.155838e+00  -9.218333e-05
  -1.336361e-07  -3.481480e-06   2.786244e-10   4.452903e-02   1.160068e+00  -9.284074e-05
   2.539416e-08  -3.485372e-06   2.798929e-10  -8.461616e-03   1.161365e+00  -9.326342e-05
   1.843603e-07  -3.480463e-06   2.804546e-10  -6.143089e-02   1.159729e+00  -9.345059e-05
   3.428608e-07  -3.466765e-06   2.803081e-10  -1.142450e-01   1.155164e+00  -9.340177e-05
   5.004943e-07  -3.444298e-06   2.794527e-10  -1.667702e-01   1.147678e+00  -9.311673e-05
   6.568584e-07  -3.413097e-06   2.778885e-10  -2.188725e-01   1.137282e+00  -9.259554e-05
   8.115500e-07  -3.373205e-06   2.756168e-10  -2.704175e-01   1.123989e+00  -9.183857e-05
   9.641637e-07  -3.324677e-06   2.726394e-10  -3.212701e-01   1.107819e+00  -9.084647e-05
   1.114292e-06  -3.267579e-06   2.689592e-10  -3.712946e-01   1.088794e+00  -8.962020e-05
   1.261525e-06  -3.201990e-06   2.645802e-10  -4.203542e-01   1.066939e+00  -8.816105e-05
   1.405449e-06  -3.128002e-06   2.595071e-10  -4.683113e-01   1.042285e+00  -8.647065e-05
   1.545647e-06  -3.045720e-06   2.537460e-10  -5.150267e-01   1.014868e+00  -8.455098e-05
   1.681697e-06  -2.955265e-06   2.473039e-10  -5.603600e-01   9.847273e-01  -8.240442e-05
   1.813172e-06  -2.856773e-06   2.401893e-10  -6.041692e-01   9.519084e-01  -8.003373e-05
   1.939644e-06  -2.750395e-06   2.324116e-10  -6.463108e-01   9.164621e-01  -7.744213e-05
   2.060675e-06  -2.636303e-06   2.239821e-10  -6.866396e-01   8.784454e-01  -7.463333e-05
   2.175824e-06  -2.514687e-06   2.149134e-10  -7.250088e-01   8.379216e-01  -7.161152e-05
   2.284647e-06  -2.385759e-06   2.052197e-10  -7.612699e-01   7.949613e-01  -6.838149e-05
   2.386693e-06  -2.249753e-06   1.949173e-10  -7.952726e-01   7.496428e-01  -6.494860e-05
   2.481506e-06  -2.106931e-06   1.840242e-10  -8.268654e-01   7.020526e-01  -6.131890e-05
   2.568628e-06  -1.957577e-06   1.725607e-10  -8.558954e-01   6.522864e-01  -5.749914e-05
   2.647596e-06  -1.802010e-06   1.605495e-10  -8.822085e-01   6.004497e-01  -5.349686e-05
   2.717947e-06  -1.640577e-06   1.480156e-10  -9.056501e-01   5.466586e-01  -4.932045e-05
   2.779215e-06  -1.473663e-06   1.349872e-10  -9.260653e-01   4.910407e-01  -4.497924e-05
   2.830937e-06  -1.301686e-06   1.214951e-10  -9.432998e-01   4.337363e-01  -4.048353e-05
   2.872654e-06  -1.125109e-06   1.075736e-10  -9.572001e-01   3.748987e-01  -3.584473e-05
   2.903910e-06  -9.444346e-07   9.326043e-11  -9.676150e-01   3.146961e-01  -3.107541e-05
   2.924262e-06  -7.602141e-07   7.859702e-11  -9.743964e-01   2.533118e-01  -2.618940e-05
   2.933278e-06  -5.730467e-07   6.362895e-11  -9.774008e-01   1.909455e-01  -2.120187e-05
   2.930547e-06  -3.835843e-07   4.840605e-11  -9.764907e-01   1.278145e-01  -1.612943e-05
   2.915678e-06  -1.925332e-07   3.298267e-11  -9.715364e-01   6.415421e-02  -1.099019e-05
   2.888315e-06  -6.570572e-10   1.741793e-11  -9.624185e-01   2.189388e-04  -5.803849e-06
   2.848134e-06   1.912220e-07   1.775912e-12  -9.490299e-01  -6.371730e-02  -5.917535e-07
   2.794861e-06   3.822221e-07  -1.387427e-11  -9.312788e-01  -1.273607e-01   4.623062e-06
   2.728275e-06   5.714015e-07  -2.945837e-11  -9.090917e-01  -1.903973e-01   9.815857e-06
   2.648221e-06   7.577601e-07  -4.489704e-11  -8.824166e-01  -2.524941e-01   1.496019e-05
   2.554618e-06   9.402419e-07  -6.010602e-11  -8.512270e-01  -3.132990e-01   2.002799e-05
   2.447474e-06   1.117740e-06  -7.499639e-11  -8.155254e-01  -3.724433e-01   2.498963e-05
   2.326895e-06   1.289102e-06  -8.947509e-11  -7.753471e-01  -4.295432e-01   2.981409e-05
   2.193099e-06   1.453142e-06  -1.034456e-10  -7.307648e-01  -4.842031e-01   3.446921e-05
   2.046425e-06   1.608649e-06  -1.168086e-10  -6.818914e-01  -5.360198e-01   3.892192e-05
   1.887344e-06   1.754404e-06  -1.294635e-10  -6.288840e-01  -5.845870e-01   4.313867e-05
   1.716470e-06   1.889196e-06  -1.413093e-10  -5.719468e-01  -6.295010e-01   4.708584e-05
   1.534560e-06   2.011841e-06  -1.522467e-10  -5.113323e-01  -6.703678e-01   5.073029e-05
   1.342521e-06   2.121208e-06  -1.621792e-10  -4.473429e-01  -7.068100e-01   5.403990e-05
   1.141409e-06   2.216238e-06  -1.710155e-10  -3.803301e-01  -7.384751e-01   5.698428e-05
   9.324191e-07   2.295972e-06  -1.786716e-10  -3.106924e-01  -7.650435e-01   5.953537e-05
   7.168779e-07   2.359575e-06  -1.850723e-10  -2.388717e-01  -7.862365e-01   6.166815e-05
   4.962258e-07   2.406355e-06  -1.901536e-10  -1.653480e-01  -8.018242e-01   6.336128e-05
   2.719966e-07   2.435788e-06  -1.938640e-10  -9.063228e-02  -8.116318e-01   6.459765e-05
   4.579201e-08   2.447532e-06  -1.961666e-10  -1.525841e-02  -8.155450e-01   6.536489e-05
  -1.807463e-07   2.441437e-06  -1.970394e-10   6.022668e-02  -8.135138e-01   6.565570e-05
  -4.059675e-07   2.417550e-06  -1.964762e-10   1.352729e-01  -8.055543e-01   6.546806e-05
  -6.282421e-07   2.376115e-06  -1.944870e-10   2.093372e-01  -7.917480e-01   6.480524e-05
  -8.459922e-07   2.317569e-06  -1.910972e-10   2.818940e-01  -7.722396e-01   6.367570e-05
  -1.057719e-06   2.242521e-06  -1.863467e-10   3.524436e-01  -7.472328e-01   6.209278e-05
  -1.262026e-06   2.151743e-06  -1.802891e-10   4.205210e-01  -7.169845e-01   6.007431e-05
  -1.457640e-06   2.046143e-06  -1.729896e-10   4.857019e-01  -6.817975e-01   5.764205e-05
  -1.643425e-06   1.926745e-06  -1.645236e-10   5.476074e-01  -6.420130e-01   5.482108e-05
  -1.818390e-06   1.794663e-06  -1.549744e-10   6.059078e-01  -5.980017e-01   5.163920e-05
  -1.981697e-06   1.651074e-06  -1.444316e-10   6.603234e-01  -5.501563e-01   4.812623e-05
  -2.132656e-06   1.497199e-06  -1.329890e-10   7.106248e-01  -4.988832e-01   4.431341e-05
  -2.270728e-06   1.334275e-06  -1.207426e-10   7.566316e-01  -4.445951e-01   4.023278e-05
  -2.395509e-06   1.163541e-06  -1.077896e-10   7.982101e-01  -3.877049e-01   3.591669e-05
  -2.506729e-06   9.862216e-07  -9.422636e-11   8.352700e-01  -3.286200e-01   3.139727e-05
  -2.604238e-06   8.035070e-07  -8.014771e-11   8.677609e-01  -2.677375e-01   2.670611e-05
  -2.687991e-06   6.165485e-07  -6.564573e-11   8.956683e-01  -2.054408e-01   2.187389e-05
  -2.758041e-06   4.264468e-07  -5.080911e-11   9.190099e-01  -1.420968e-01   1.693016e-05
  -2.814525e-06   2.342476e-07  -3.572255e-11   9.378309e-01  -7.805389e-02   1.190315e-05
  -2.857650e-06   4.093645e-08  -2.046644e-11   9.522006e-01  -1.364048e-02   6.819646e-06
  -2.887685e-06  -1.525622e-07  -5.116591e-12   9.622088e-01   5.083540e-02   1.704905e-06
  -2.904952e-06  -3.453862e-07   1.025589e-11   9.679623e-01   1.150865e-01  -3.417375e-06
  -2.909813e-06  -5.367351e-07   2.558456e-11   9.695819e-01   1.788461e-01  -8.525060e-06
  -2.902663e-06  -7.258687e-07   4.080764e-11   9.671996e-01   2.418675e-01  -1.359756e-05
  -2.883927e-06  -9.121049e-07   5.586782e-11   9.609565e-01   3.039235e-01  -1.861578e-05
  -2.854048e-06  -1.094817e-06   7.071215e-11   9.510005e-01   3.648051e-01  -2.356207e-05
  -2.813485e-06  -1.273431e-06   8.529178e-11   9.374846e-01   4.243212e-01  -2.842017e-05
  -2.762710e-06  -1.447422e-06   9.956178e-11   9.205655e-01   4.822969e-01  -3.317509e-05
  -2.702197e-06  -1.616312e-06   1.134809e-10   9.004021e-01   5.385730e-01  -3.781310e-05
  -2.632430e-06  -1.779666e-06   1.270114e-10   8.771548e-01   5.930043e-01  -4.232160e-05
  -2.553889e-06  -1.937089e-06   1.401185e-10   8.509842e-01   6.454594e-01  -4.668905e-05
  -2.467058e-06  -2.088223e-06   1.527708e-10   8.220510e-01   6.958190e-01  -5.090493e-05
  -2.372414e-06  -2.232745e-06   1.649393e-10   7.905147e-01   7.439753e-01  -5.495961e-05
  -2.270434e-06  -2.370362e-06   1.765978e-10   7.565339e-01   7.898311e-01  -5.884435e-05
  -2.161589e-06  -2.500813e-06   1.877223e-10   7.202656e-01   8.332986e-01  -6.255116e-05
  -2.046346e-06  -2.623860e-06   1.982911e-10   6.818650e-01   8.742993e-01  -6.607280e-05
  -1.925163e-06  -2.739292e-06   2.082844e-10   6.414856e-01   9.127626e-01  -6.940268e-05
  -1.798496e-06  -2.846921e-06   2.176844e-10   5.992788e-01   9.486257e-01  -7.253485e-05
  -1.666793e-06  -2.946578e-06   2.264748e-10   5.553939e-01   9.818325e-01  -7.546392e-05
  -1.530496e-06  -3.038115e-06   2.346411e-10   5.099784e-01   1.012334e+00  -7.818501e-05
  -1.390043e-06  -3.121400e-06   2.421701e-10   4.631778e-01   1.040085e+00  -8.069376e-05
  -1.245864e-06  -3.196319e-06   2.490500e-10   4.151358e-01   1.065049e+00  -8.298624e-05
  -1.098386e-06  -3.262773e-06   2.552704e-10   3.659944e-01   1.087192e+00  -8.505893e-05
  -9.480293e-07  -3.320678e-06   2.608219e-10   3.158939e-01   1.106487e+00  -8.690874e-05
  -7.952114e-07  -3.369961e-06   2.656962e-10   2.649733e-01   1.122908e+00  -8.853291e-05
  -6.403453e-07  -3.410564e-06   2.698861e-10   2.133702e-01   1.136438e+00  -8.992905e-05
  -4.838407e-07  -3.442440e-06   2.733855e-10   1.612211e-01   1.147059e+00  -9.109508e-05
  -3.261047e-07  -3.465555e-06   2.761891e-10   1.086617e-01   1.154761e+00  -9.202926e-05
  -1.675419e-07  -3.479884e-06   2.782924e-10   5.582682e-02   1.159536e+00  -9.273013e-05
  -8.555482e-09  -3.485414e-06   2.796921e-10   2.850782e-03   1.161379e+00  -9.319653e-05
   1.504525e-07  -3.482143e-06   2.803856e-10  -5.013245e-02   1.160289e+00  -9.342758e-05
   3.090806e-07  -3.470078e-06   2.803709e-10  -1.029891e-01   1.156268e+00  -9.342271e-05
   4.669271e-07  -3.449238e-06   2.796473e-10  -1.555853e-01   1.149324e+00  -9.318159e-05
   6.235897e-07  -3.419653e-06   2.782146e-10  -2.077870e-01   1.139466e+00  -9.270421e-05
   7.786648e-07  -3.381362e-06   2.760737e-10  -2.594597e-01   1.126707e+00  -9.199083e-05
   9.317470e-07  -3.334417e-06   2.732262e-10  -3.104684e-01   1.111065e+00  -9.104201e-05
   1.082429e-06  -3.278881e-06   2.696748e-10  -3.606772e-01   1.092559e+00  -8.985862e-05
   1.230299e-06  -3.214829e-06   2.654229e-10  -4.099492e-01   1.071217e+00  -8.844185e-05
   1.374944e-06  -3.142349e-06   2.604752e-10  -4.581465e-01   1.047065e+00  -8.679323e-05
   1.515946e-06  -3.061543e-06   2.548373e-10  -5.051299e-01   1.020140e+00  -8.491463e-05
   1.652882e-06  -2.972527e-06   2.485161e-10  -5.507587e-01   9.904789e-01  -8.280833e-05
   1.785327e-06  -2.875433e-06   2.415195e-10  -5.948908e-01   9.581261e-01  -8.047698e-05
   1.912849e-06  -2.770409e-06   2.338569e-10  -6.373824e-01   9.231311e-01  -7.792371e-05
   2.035010e-06  -2.657623e-06   2.255390e-10  -6.780879e-01   8.855493e-01  -7.515208e-05
   2.151370e-06  -2.537259e-06   2.165780e-10  -7.168602e-01   8.454429e-01  -7.216620e-05
   2.261481e-06  -2.409526e-06   2.069880e-10  -7.535504e-01   8.028808e-01  -6.897071e-05
   2.364891e-06  -2.274654e-06   1.967847e-10  -7.880078e-01   7.579399e-01  -6.557086e-05
   2.461144e-06  -2.132897e-06   1.859859e-10  -8.200804e-01   7.107050e-01  -6.197255e-05
   2.549778e-06  -1.984538e-06   1.746113e-10  -8.496144e-01   6.612702e-01  -5.818243e-05
   2.630331e-06  -1.829889e-06   1.626833e-10  -8.764554e-01   6.097394e-01  -5.420787e-05
   2.702334e-06  -1.669293e-06   1.502265e-10  -9.004478e-01   5.562268e-01  -5.005714e-05
   2.765322e-06  -1.503127e-06   1.372685e-10  -9.214360e-01   5.008585e-01  -4.573939e-05
   2.818826e-06  -1.331806e-06   1.238398e-10  -9.392643e-01   4.437725e-01  -4.126479e-05
   2.862385e-06  -1.155786e-06   1.099741e-10  -9.537783e-01   3.851207e-01  -3.664459e-05
   2.895538e-06  -9.755647e-07   9.570864e-11  -9.648254e-01   3.250690e-01  -3.189118e-05
   2.917838e-06  -7.916868e-07   8.108445e-11  -9.722561e-01   2.637988e-01  -2.701824e-05
   2.928849e-06  -6.047458e-07   6.614654e-11  -9.759251e-01   2.015080e-01  -2.204076e-05
   2.928152e-06  -4.153874e-07   5.094421e-11  -9.756928e-01   1.384117e-01  -1.697518e-05
   2.915352e-06  -2.243120e-07   3.553131e-11  -9.714276e-01   7.474325e-02  -1.183943e-05
   2.890083e-06  -3.227721e-08   1.996643e-11  -9.630076e-01   1.075512e-02  -6.653038e-06
   2.852014e-06   1.599005e-07   4.313142e-12  -9.503228e-01  -5.328063e-02  -1.437187e-06
   2.800863e-06   3.513447e-07  -1.135994e-11  -9.332786e-01  -1.170720e-01   3.785257e-06
   2.736397e-06   5.411188e-07  -2.697902e-11  -9.117979e-01  -1.803068e-01   8.989708e-06
   2.658450e-06   7.282270e-07  -4.246518e-11  -8.858252e-01  -2.426533e-01   1.414987e-05
   2.566931e-06   9.116172e-07  -5.773454e-11  -8.553299e-01  -3.037610e-01   1.923779e-05
   2.461832e-06   1.090185e-06  -7.269848e-11  -8.203099e-01  -3.632618e-01   2.422394e-05
   2.343248e-06   1.262781e-06  -8.726417e-11  -7.807961e-01  -4.207725e-01   2.907739e-05
   2.211378e-06   1.428217e-06  -1.013351e-10  -7.368559e-01  -4.758978e-01   3.376600e-05
   2.066549e-06   1.585283e-06  -1.148122e-10  -6.885969e-01  -5.282340e-01   3.825670e-05
   1.909213e-06   1.732756e-06  -1.275945e-10  -6.361710e-01  -5.773735e-01   4.251589e-05
   1.739967e-06   1.869419e-06  -1.395807e-10  -5.797763e-01  -6.229111e-01   4.650985e-05
   1.559552e-06   1.994082e-06  -1.506710e-10  -5.196599e-01  -6.644501e-01   5.020526e-05
   1.368858e-06   2.105602e-06  -1.607683e-10  -4.561187e-01  -7.016100e-01   5.356978e-05
   1.168925e-06   2.202910e-06  -1.697804e-10  -3.894987e-01  -7.340341e-01   5.657271e-05
   9.609329e-07   2.285031e-06  -1.776220e-10  -3.201935e-01  -7.613978e-01   5.918564e-05
   7.461957e-07   2.351113e-06  -1.842169e-10  -2.486407e-01  -7.834168e-01   6.138310e-05
   5.261427e-07   2.400445e-06  -1.894993e-10  -1.753166e-01  -7.998548e-01   6.314327e-05
   3.022989e-07   2.432482e-06  -1.934164e-10  -1.007293e-01  -8.105299e-01   6.444851e-05
   7.626034e-08   2.446859e-06  -1.959294e-10  -2.541079e-02  -8.153206e-01   6.528584e-05
  -1.503340e-07   2.443404e-06  -1.970144e-10   5.009294e-02  -8.141692e-01   6.564738e-05
  -3.758326e-07   2.422140e-06  -1.966635e-10   1.252316e-01  -8.070840e-01   6.553046e-05
  -5.986025e-07   2.383291e-06  -1.948847e-10   1.994610e-01  -7.941389e-01   6.493776e-05
  -8.170589e-07   2.327268e-06  -1.917017e-10   2.722531e-01  -7.754714e-01   6.387712e-05
  -1.029693e-06   2.254662e-06  -1.871526e-10   3.431053e-01  -7.512783e-01   6.236133e-05
  -1.235098e-06   2.166225e-06  -1.812895e-10   4.115484e-01  -7.218103e-01   6.040769e-05
  -1.431986e-06   2.062851e-06  -1.741763e-10   4.771536e-01  -6.873647e-01   5.803748e-05
  -1.619205e-06   1.945547e-06  -1.658870e-10   5.395369e-01  -6.482779e-01   5.527539e-05
  -1.795748e-06   1.815417e-06  -1.565040e-10   5.983631e-01  -6.049170e-01   5.214887e-05
  -1.960759e-06   1.673628e-06  -1.461160e-10   6.533467e-01  -5.576715e-01   4.868746e-05
  -2.113533e-06   1.521394e-06  -1.348160e-10   7.042526e-01  -5.069455e-01   4.492218e-05
  -2.253511e-06   1.359949e-06  -1.226998e-10   7.508948e-01  -4.531502e-01   4.088494e-05
  -2.380275e-06   1.190530e-06  -1.098641e-10   7.931340e-01  -3.966978e-01   3.660795e-05
  -2.493538e-06   1.014358e-06  -9.640531e-11   8.308744e-01  -3.379953e-01   3.212332e-05
  -2.593134e-06   8.326262e-07  -8.241810e-11   8.640609e-01  -2.774403e-01   2.746262e-05
  -2.679005e-06   6.464877e-07  -6.799467e-11   8.926742e-01  -2.154169e-01   2.265658e-05
  -2.751191e-06   4.570467e-07  -5.322391e-11   9.167274e-01  -1.522930e-01   1.773480e-05
  -2.809816e-06   2.653529e-07  -3.819079e-11   9.362620e-01  -8.841853e-02   1.272560e-05
  -2.855078e-06   7.239704e-08  -2.297605e-11   9.513436e-01  -2.412350e-02   7.655873e-06
  -2.887235e-06  -1.208911e-07  -7.655840e-12   9.620588e-01   4.028226e-02   2.551011e-06
  -2.906600e-06  -3.136436e-07   7.698287e-12   9.685112e-01   1.045095e-01  -2.565155e-06
  -2.913526e-06  -5.050540e-07   2.301947e-11   9.708192e-01   1.682896e-01  -7.670343e-06
  -2.908403e-06  -6.943757e-07   3.824546e-11   9.691123e-01   2.313737e-01  -1.274381e-05
  -2.891649e-06  -8.809203e-07   5.331849e-11   9.635296e-01   2.935324e-01  -1.776631e-05
  -2.863702e-06  -1.064055e-06   6.818513e-11   9.542172e-01   3.545549e-01  -2.272004e-05
  -2.825015e-06  -1.243199e-06   8.279607e-11   9.413264e-01   4.142478e-01  -2.758857e-05
  -2.776055e-06  -1.417823e-06   9.710592e-11   9.250125e-01   4.724343e-01  -3.235677e-05
  -2.717296e-06  -1.587441e-06   1.110730e-10   9.054331e-01   5.289531e-01  -3.701075e-05
  -2.649214e-06  -1.751614e-06   1.246590e-10   8.827476e-01   5.836572e-01  -4.153776e-05
  -2.572290e-06  -1.909940e-06   1.378289e-10   8.571156e-01   6.364132e-01  -4.592612e-05
  -2.487003e-06  -2.062056e-06   1.505507e-10   8.286969e-01   6.871000e-01  -5.016517e-05
  -2.393829e-06  -2.207634e-06   1.627951e-10   7.976505e-01   7.356080e-01  -5.424514e-05
  -2.293243e-06  -2.346375e-06   1.745354e-10   7.641342e-01   7.818383e-01  -5.815715e-05
  -2.185715e-06  -2.478014e-06   1.857474e-10   7.283045e-01   8.257016e-01  -6.189309e-05
  -2.071708e-06  -2.602307e-06   1.964088e-10   6.903162e-01   8.671177e-01  -6.544558e-05
  -1.951682e-06  -2.719040e-06   2.064995e-10   6.503222e-01   9.060144e-01  -6.880793e-05
  -1.826091e-06  -2.828019e-06   2.160014e-10   6.084738e-01   9.423274e-01  -7.197406e-05
  -1.695381e-06  -2.929072e-06   2.248979e-10   5.649199e-01   9.759993e-01  -7.493847e-05
  -1.559995e-06  -3.022045e-06   2.331740e-10   5.198077e-01   1.006979e+00  -7.769616e-05
  -1.420369e-06  -3.106804e-06   2.408163e-10   4.732827e-01   1.035222e+00  -8.024267e-05
  -1.276933e-06  -3.183231e-06   2.478127e-10   4.254882e-01   1.060688e+00  -8.257396e-05
  -1.130113e-06  -3.251221e-06   2.541524e-10   3.765662e-01   1.083343e+00  -8.468642e-05
  -9.803300e-07  -3.310687e-06   2.598258e-10   3.266568e-01   1.103158e+00  -8.657683e-05
  -8.280005e-07  -3.361553e-06   2.648242e-10   2.758990e-01   1.120107e+00  -8.824236e-05
  -6.735374e-07  -3.403757e-06   2.691402e-10   2.244302e-01   1.134170e+00  -8.968051e-05
  -5.173504e-07  -3.437249e-06   2.727674e-10   1.723869e-01   1.145330e+00  -9.088911e-05
  -3.598463e-07  -3.461990e-06   2.757001e-10   1.199048e-01   1.153574e+00  -9.186632e-05
  -2.014297e-07  -3.477953e-06   2.779337e-10   6.711860e-02   1.158892e+00  -9.261058e-05
  -4.250370e-08  -3.485120e-06   2.794645e-10   1.416270e-02   1.161281e+00  -9.312066e-05
   1.165296e-07  -3.483487e-06   2.802895e-10  -3.882896e-02   1.160737e+00  -9.339557e-05
   2.752687e-07  -3.473057e-06   2.804067e-10  -9.172257e-02   1.157261e+00  -9.343464e-05
   4.333117e-07  -3.453846e-06   2.798150e-10  -1.443843e-01   1.150860e+00  -9.323747e-05
   5.902563e-07  -3.425878e-06   2.785139e-10  -1.966799e-01   1.141541e+00  -9.280393e-05
   7.456986e-07  -3.389192e-06   2.765040e-10  -2.484751e-01   1.129317e+00  -9.213420e-05
   8.992331e-07  -3.343835e-06   2.737867e-10  -2.996345e-01   1.114203e+00  -9.122876e-05
   1.050452e-06  -3.289866e-06   2.703642e-10  -3.500222e-01   1.096220e+00  -9.008835e-05
   1.198943e-06  -3.227357e-06   2.662399e-10  -3.995013e-01   1.075391e+00  -8.871409e-05
   1.344294e-06  -3.156392e-06   2.614181e-10  -4.479337e-01   1.051745e+00  -8.710740e-05
   1.486085e-06  -3.077069e-06   2.559040e-10  -4.951799e-01   1.025314e+00  -8.527005e-05
   1.623893e-06  -2.989501e-06   2.497042e-10  -5.410993e-01   9.961348e-01  -8.320420e-05
   1.757292e-06  -2.893814e-06   2.428263e-10  -5.855494e-01   9.642511e-01  -8.091242e-05
   1.885850e-06  -2.790155e-06   2.352794e-10  -6.283861e-01   9.297106e-01  -7.839770e-05
   2.009128e-06  -2.678685e-06   2.270738e-10  -6.694637e-01   8.925675e-01  -7.566352e-05
   2.126684e-06  -2.559586e-06   2.182216e-10  -7.086346e-01   8.528823e-01  -7.271384e-05
   2.238069e-06  -2.433060e-06   2.087361e-10  -7.457496e-01   8.107227e-01  -6.955320e-05
   2.342832e-06  -2.299334e-06   1.986330e-10  -7.806575e-01   7.661637e-01  -6.618672e-05
   2.440512e-06  -2.158658e-06   1.879294e-10  -8.132058e-01   7.192889e-01  -6.262017e-05
   2.530649e-06  -2.011309e-06   1.766449e-10  -8.432402e-01   6.701905e-01  -5.886006e-05
   2.612775e-06  -1.857594e-06   1.648013e-10  -8.706055e-01   6.189708e-01  -5.491363e-05
   2.686421e-06  -1.697850e-06   1.524228e-10  -8.951454e-01   5.657424e-01  -5.078898e-05
   2.751119e-06  -1.532450e-06   1.395366e-10  -9.167034e-01   5.106292e-01  -4.649515e-05
   2.806398e-06  -1.361803e-06   1.261727e-10  -9.351228e-01   4.537679e-01  -4.204213e-05
   2.851790e-06  -1.186359e-06   1.123642e-10  -9.502481e-01   3.953081e-01  -3.744101e-05
   2.886835e-06  -1.006611e-06   9.814809e-11  -9.619254e-01   3.354138e-01  -3.270403e-05
   2.911078e-06  -8.230957e-07   8.356472e-11  -9.700035e-01   2.742646e-01  -2.784469e-05
   2.924079e-06  -6.364020e-07   6.865862e-11  -9.743356e-01   2.120562e-01  -2.287782e-05
   2.925413e-06  -4.471693e-07   5.347859e-11  -9.747802e-01   1.490018e-01  -1.781966e-05
   2.914680e-06  -2.560918e-07   3.807795e-11  -9.712036e-01   8.533263e-02  -1.268800e-05
   2.891504e-06  -6.392116e-08   2.251476e-11  -9.634813e-01   2.129924e-02  -7.502169e-06
   2.855549e-06   1.285320e-07   6.852074e-12  -9.515008e-01  -4.282828e-02  -2.283187e-06
   2.806522e-06   3.203967e-07  -8.841986e-12  -9.351643e-01  -1.067597e-01   2.946248e-06
   2.744181e-06   5.107415e-07  -2.449410e-11  -9.143916e-01  -1.701847e-01   8.161706e-06
   2.668348e-06   6.985753e-07  -4.002579e-11  -8.891233e-01  -2.327731e-01   1.333704e-05
   2.578920e-06   8.828498e-07  -5.535355e-11  -8.593249e-01  -2.941754e-01   1.844442e-05
   2.475878e-06   1.062464e-06  -7.038909e-11  -8.249900e-01  -3.540247e-01   2.345443e-05
   2.359299e-06   1.236269e-06  -8.503979e-11  -7.861446e-01  -4.119384e-01   2.833620e-05
   2.229371e-06   1.403079e-06  -9.920933e-11  -7.428512e-01  -4.675214e-01   3.305765e-05
   2.086402e-06   1.561681e-06  -1.127985e-10  -6.952122e-01  -5.203695e-01   3.758571e-05
   1.930829e-06   1.710850e-06  -1.257063e-10  -6.433736e-01  -5.700741e-01   4.188674e-05
   1.763231e-06   1.849364e-06  -1.378312e-10  -5.875283e-01  -6.162285e-01   4.592690e-05
   1.584334e-06   1.976025e-06  -1.490728e-10  -5.279175e-01  -6.584335e-01   4.967272e-05
   1.395009e-06   2.089682e-06  -1.593333e-10  -4.648325e-01  -6.963054e-01   5.309164e-05
   1.196281e-06   2.189253e-06  -1.685198e-10  -3.986140e-01  -7.294833e-01   5.615266e-05
   9.893147e-07   2.273748e-06  -1.765458e-10  -3.296507e-01  -7.576380e-01   5.882701e-05
   7.754107e-07   2.342297e-06  -1.833337e-10  -2.583755e-01  -7.804795e-01   6.108882e-05
   5.559869e-07   2.394173e-06  -1.888165e-10  -1.852610e-01  -7.977650e-01   6.291576e-05
   3.325595e-07   2.428808e-06  -1.929397e-10  -1.108125e-01  -8.093059e-01   6.428965e-05
   1.067185e-07   2.445817e-06  -1.956626e-10  -3.555978e-02  -8.149733e-01   6.519695e-05
  -1.199002e-07   2.445002e-06  -1.969597e-10   3.995207e-02  -8.147019e-01   6.562916e-05
  -3.456449e-07   2.426366e-06  -1.968212e-10   1.151727e-01  -8.084921e-01   6.558300e-05
  -5.688792e-07   2.390107e-06  -1.952531e-10   1.895569e-01  -7.964103e-01   6.506052e-05
  -7.880121e-07   2.336617e-06  -1.922774e-10   2.625744e-01  -7.785866e-01   6.406896e-05
  -1.001526e-06   2.266464e-06  -1.879306e-10   3.337195e-01  -7.552111e-01   6.262055e-05
  -1.208001e-06   2.180383e-06  -1.822630e-10   4.025193e-01  -7.265280e-01   6.073205e-05
  -1.406137e-06   2.079250e-06  -1.753371e-10   4.685403e-01  -6.928291e-01   5.842428e-05
  -1.594765e-06   1.964059e-06  -1.672258e-10   5.313935e-01  -6.544462e-01   5.572150e-05
  -1.772864e-06   1.835900e-06  -1.580104e-10   5.907381e-01  -6.117422e-01   5.265082e-05
  -1.939561e-06   1.695932e-06  -1.477787e-10   6.462832e-01  -5.651035e-01   4.924149e-05
  -2.094131e-06   1.545362e-06  -1.366231e-10   6.977878e-01  -5.149319e-01   4.552432e-05
  -2.236001e-06   1.385420e-06  -1.246388e-10   7.450602e-01  -4.616372e-01   4.153103e-05
  -2.364734e-06   1.217338e-06  -1.119223e-10   7.879555e-01  -4.056304e-01   3.729375e-05
  -2.480028e-06   1.042337e-06  -9.856975e-11   8.263728e-01  -3.473184e-01   3.284453e-05
  -2.581702e-06   8.616127e-07  -8.467585e-11   8.602517e-01  -2.870989e-01   2.821493e-05
  -2.669684e-06   6.763185e-07  -7.033289e-11   8.895683e-01  -2.253568e-01   2.343570e-05
  -2.744001e-06   4.875624e-07  -5.562990e-11   9.143314e-01  -1.624612e-01   1.853650e-05
  -2.804764e-06   2.963981e-07  -4.065214e-11   9.345784e-01  -9.876313e-02   1.354574e-05
  -2.852160e-06   1.038212e-07  -2.548064e-11   9.503712e-01  -3.459437e-02   8.490432e-06
  -2.886438e-06  -8.923324e-08  -1.019195e-11   9.617931e-01   2.973351e-02   3.396070e-06
  -2.907901e-06  -2.818915e-07   5.141997e-12   9.689449e-01   9.392937e-02  -1.713371e-06
  -2.916896e-06  -4.733410e-07   2.045389e-11   9.719420e-01   1.577225e-01  -6.815464e-06
  -2.913804e-06  -6.628293e-07   3.568104e-11   9.709118e-01   2.208621e-01  -1.188932e-05
  -2.899037e-06  -8.496615e-07   5.076520e-11   9.659911e-01   2.831166e-01  -1.691553e-05
  -2.873026e-06  -1.033199e-06   6.565250e-11   9.573243e-01   3.442733e-01  -2.187614e-05
  -2.836223e-06  -1.212854e-06   8.029315e-11   9.450609e-01   4.041365e-01  -2.675457e-05
  -2.789087e-06  -1.388092e-06   9.464130e-11   9.293548e-01   4.625276e-01  -3.153553e-05
  -2.732089e-06  -1.558421e-06   1.086548e-10   9.103625e-01   5.192831e-01  -3.620499e-05
  -2.665703e-06  -1.723395e-06   1.222949e-10   8.882419e-01   5.742542e-01  -4.075003e-05
  -2.590406e-06  -1.882607e-06   1.355262e-10   8.631520e-01   6.273057e-01  -4.515885e-05
  -2.506674e-06  -2.035690e-06   1.483163e-10   8.352516e-01   6.783145e-01  -4.942063e-05
  -2.414982e-06  -2.182309e-06   1.606353e-10   8.046989e-01   7.271695e-01  -5.352547e-05
  -2.315803e-06  -2.322161e-06   1.724563e-10   7.716512e-01   7.737698e-01  -5.746436e-05
  -2.209603e-06  -2.454974e-06   1.837545e-10   7.362644e-01   8.180245e-01  -6.122905e-05
  -2.096847e-06  -2.580502e-06   1.945075e-10   6.986928e-01   8.598519e-01  -6.481206e-05
  -1.977992e-06  -2.698524e-06   2.046947e-10   6.590890e-01   8.991783e-01  -6.820655e-05
  -1.853491e-06  -2.808843e-06   2.142976e-10   6.176036e-01   9.359378e-01  -7.140633e-05
  -1.723789e-06  -2.911282e-06   2.232992e-10   5.743856e-01   9.700715e-01  -7.440578e-05
  -1.589328e-06  -3.005683e-06   2.316844e-10   5.295818e-01   1.001527e+00  -7.719981e-05
  -1.450544e-06  -3.091908e-06   2.394393e-10   4.833374e-01   1.030258e+00  -7.978384e-05
  -1.307867e-06  -3.169834e-06   2.465516e-10   4.357957e-01   1.056224e+00  -8.215371e-05
  -1.161721e-06  -3.239354e-06   2.530100e-10   3.870983e-01   1.079389e+00  -8.430573e-05
  -1.012527e-06  -3.300376e-06   2.588046e-10   3.373854e-01   1.099722e+00  -8.623658e-05
  -8.607025e-07  -3.352820e-06   2.639267e-10   2.867956e-01   1.117197e+00  -8.794331e-05
  -7.066588e-07  -3.396622e-06   2.683684e-10   2.354666e-01   1.131792e+00  -8.942333e-05
  -5.508057e-07  -3.431726e-06   2.721229e-10   1.835346e-01   1.143489e+00  -9.067438e-05
  -3.935500e-07  -3.458091e-06   2.751845e-10   1.311352e-01   1.152274e+00  -9.169453e-05
  -2.352961e-07  -3.475686e-06   2.775481e-10   7.840327e-02   1.158137e+00  -9.248212e-05
  -7.644714e-08  -3.484491e-06   2.792098e-10   2.547303e-02   1.161071e+00  -9.303582e-05
   8.259488e-08  -3.484495e-06   2.801664e-10  -2.752153e-02   1.161073e+00  -9.335456e-05
   2.414283e-07  -3.475701e-06   2.804155e-10  -8.044660e-02   1.158142e+00  -9.343757e-05
   3.996514e-07  -3.458120e-06   2.799557e-10  -1.331683e-01   1.152284e+00  -9.328435e-05
   5.568616e-07  -3.431774e-06   2.787863e-10  -1.855525e-01   1.143505e+00  -9.289470e-05
   7.126548e-07  -3.396696e-06   2.769076e-10  -2.374645e-01   1.131817e+00  -9.226869e-05
   8.666254e-07  -3.352931e-06   2.743207e-10  -2.887692e-01   1.117234e+00  -9.140669e-05
   1.018365e-06  -3.300534e-06   2.710275e-10  -3.393305e-01   1.099775e+00  -9.030938e-05
   1.167462e-06  -3.239574e-06   2.670312e-10  -3.890114e-01   1.079462e+00  -8.897774e-05
   1.313503e-06  -3.170130e-06   2.623356e-10  -4.376736e-01   1.056323e+00  -8.741312e-05
   1.456067e-06  -3.092298e-06   2.569458e-10  -4.851777e-01   1.030388e+00  -8.561718e-05
   1.594733e-06  -3.006185e-06   2.508680e-10  -5.313826e-01   1.001694e+00  -8.359199e-05
   1.729071e-06  -2.911916e-06   2.441095e-10  -5.761457e-01   9.702827e-01  -8.133999e-05
   1.858650e-06  -2.809631e-06   2.366790e-10  -6.193228e-01   9.362001e-01  -7.886407e-05
   1.983030e-06  -2.699488e-06   2.285866e-10  -6.607677e-01   8.994992e-01  -7.616758e-05
   2.101769e-06  -2.581664e-06   2.198438e-10  -7.003327e-01   8.602392e-01  -7.325440e-05
   2.214416e-06  -2.456359e-06   2.104639e-10  -7.378681e-01   8.184860e-01  -7.012891e-05
   2.320518e-06  -2.323792e-06   2.004619e-10  -7.732224e-01   7.743134e-01  -6.679612e-05
   2.419614e-06  -2.184211e-06   1.898547e-10  -8.062424e-01   7.278033e-01  -6.326169e-05
   2.511241e-06  -2.037886e-06   1.786614e-10  -8.367734e-01   6.790463e-01  -5.953195e-05
   2.594930e-06  -1.885120e-06   1.669033e-10  -8.646594e-01   6.281430e-01  -5.561404e-05
   2.670210e-06  -1.726245e-06   1.546044e-10  -8.897435e-01   5.752041e-01  -5.151592e-05
   2.736608e-06  -1.561629e-06   1.417913e-10  -9.118681e-01   5.203520e-01  -4.724644e-05
   2.793652e-06  -1.391674e-06   1.284935e-10  -9.308758e-01   4.637212e-01  -4.281546e-05
   2.840871e-06  -1.216825e-06   1.147438e-10  -9.466099e-01   4.054597e-01  -3.823392e-05
   2.877800e-06  -1.037569e-06   1.005785e-10  -9.589150e-01   3.457294e-01  -3.351387e-05
   2.903981e-06  -8.544370e-07   8.603754e-11  -9.676388e-01   2.847079e-01  -2.866866e-05
   2.918968e-06  -6.680117e-07   7.116492e-11  -9.726325e-01   2.225889e-01  -2.371294e-05
   2.922331e-06  -4.789262e-07   5.600891e-11  -9.737530e-01   1.595835e-01  -1.866279e-05
   2.913661e-06  -2.878689e-07   4.062229e-11  -9.708643e-01   9.592110e-02  -1.353580e-05
   2.892579e-06  -9.558513e-08   2.506262e-11  -9.638395e-01   3.185003e-02  -8.351142e-06
   2.858739e-06   9.712019e-08   9.392399e-12  -9.525636e-01  -3.236152e-02  -3.129652e-06
   2.811838e-06   2.893818e-07  -6.320729e-12  -9.369357e-01  -9.642523e-02   2.106137e-06
   2.751626e-06   4.802735e-07  -2.200394e-11  -9.168723e-01  -1.600324e-01   7.331955e-06
   2.677914e-06   6.688088e-07  -3.757918e-11  -8.923105e-01  -2.228545e-01   1.252180e-05
   2.590585e-06   8.539434e-07  -5.296336e-11  -8.632117e-01  -2.845434e-01   1.764798e-05
   2.489608e-06   1.034579e-06  -6.806850e-11  -8.295650e-01  -3.447333e-01   2.268118e-05
   2.375047e-06   1.209570e-06  -8.280223e-11  -7.913921e-01  -4.030421e-01   2.759062e-05
   2.247074e-06   1.377730e-06  -9.706838e-11  -7.487500e-01  -4.590750e-01   3.234426e-05
   2.105981e-06   1.537846e-06  -1.107678e-10  -7.017362e-01  -5.124274e-01   3.690905e-05
   1.952189e-06   1.688689e-06  -1.237993e-10  -6.504911e-01  -5.626900e-01   4.125128e-05
   1.786260e-06   1.829034e-06  -1.360611e-10  -5.952018e-01  -6.094543e-01   4.533706e-05
   1.608902e-06   1.957675e-06  -1.474523e-10  -5.361040e-01  -6.523189e-01   4.913273e-05
   1.420971e-06   2.073451e-06  -1.578745e-10  -4.734833e-01  -6.908969e-01   5.260553e-05
   1.223473e-06   2.175268e-06  -1.672339e-10  -4.076749e-01  -7.248235e-01   5.572418e-05
   1.017561e-06   2.262124e-06  -1.754430e-10  -3.390625e-01  -7.537647e-01   5.845955e-05
   8.045187e-07   2.333130e-06  -1.824229e-10  -2.680746e-01  -7.774249e-01   6.078534e-05
   5.857541e-07   2.387541e-06  -1.881053e-10  -1.951798e-01  -7.955552e-01   6.267876e-05
   3.627740e-07   2.424769e-06  -1.924339e-10  -1.208803e-01  -8.079601e-01   6.412110e-05
   1.371620e-07   2.444406e-06  -1.953663e-10  -4.570389e-02  -8.145032e-01   6.509823e-05
  -8.944945e-08   2.446232e-06  -1.968753e-10   2.980555e-02  -8.151117e-01   6.560105e-05
  -3.154088e-07   2.430226e-06  -1.969492e-10   1.050977e-01  -8.097783e-01   6.562566e-05
  -5.390767e-07   2.396564e-06  -1.955922e-10   1.796263e-01  -7.985618e-01   6.517349e-05
  -7.588559e-07   2.345615e-06  -1.928243e-10   2.528592e-01  -7.815849e-01   6.425120e-05
  -9.732200e-07   2.277927e-06  -1.886804e-10   3.242877e-01  -7.590305e-01   6.287040e-05
  -1.180738e-06   2.194215e-06  -1.832093e-10   3.934350e-01  -7.311369e-01   6.104736e-05
  -1.380096e-06   2.095339e-06  -1.764719e-10   4.598632e-01  -6.981901e-01   5.880239e-05
  -1.570110e-06   1.982277e-06  -1.685399e-10   5.231782e-01  -6.605168e-01   5.615935e-05
  -1.749744e-06   1.856109e-06  -1.594934e-10   5.830340e-01  -6.184762e-01   5.314498e-05
  -1.918105e-06   1.717984e-06  -1.494195e-10   6.391338e-01  -5.724512e-01   4.978825e-05
  -2.074454e-06   1.569100e-06  -1.384099e-10   6.912311e-01  -5.228414e-01   4.611972e-05
  -2.218199e-06   1.410682e-06  -1.265593e-10   7.391285e-01  -4.700548e-01   4.217097e-05
  -2.348887e-06   1.243960e-06  -1.139638e-10   7.826754e-01  -4.145014e-01   3.797401e-05
  -2.466201e-06   1.070156e-06  -1.007194e-10   8.217657e-01  -3.565879e-01   3.356082e-05
  -2.569944e-06   8.904626e-07  -8.692069e-11   8.563338e-01  -2.967120e-01   2.896294e-05
  -2.660029e-06   7.060371e-07  -7.266009e-11   8.863512e-01  -2.352594e-01   2.421115e-05
  -2.736470e-06   5.179901e-07  -5.802679e-11   9.118223e-01  -1.726000e-01   1.933517e-05
  -2.799367e-06   3.273793e-07  -4.310629e-11   9.327803e-01  -1.090864e-01   1.436349e-05
  -2.848895e-06   1.352050e-07  -2.797992e-11   9.492835e-01  -4.505182e-02   9.323220e-06
  -2.885294e-06  -5.759234e-08  -1.272461e-11   9.614119e-01   1.919041e-02   4.239980e-06
  -2.908856e-06  -2.501335e-07   2.587319e-12   9.692632e-01   8.334726e-02  -8.621234e-07
  -2.919921e-06  -4.416000e-07   1.788813e-11   9.729502e-01   1.471460e-01  -5.960522e-06
  -2.918864e-06  -6.312331e-07   3.311467e-11   9.725978e-01   2.103339e-01  -1.103418e-05
  -2.906088e-06  -8.183320e-07   4.820827e-11   9.683408e-01   2.726773e-01  -1.606353e-05
  -2.882021e-06  -1.002251e-06   6.311456e-11   9.603214e-01   3.339613e-01  -2.103047e-05
  -2.847107e-06  -1.182399e-06   7.778331e-11   9.486877e-01   3.939884e-01  -2.591826e-05
  -2.801803e-06  -1.358231e-06   9.216821e-11   9.335920e-01   4.525777e-01  -3.071147e-05
  -2.746576e-06  -1.529253e-06   1.062267e-10   9.151895e-01   5.095640e-01  -3.539590e-05
  -2.681895e-06  -1.695011e-06   1.199195e-10   8.936372e-01   5.647965e-01  -3.995850e-05
  -2.608235e-06  -1.855094e-06   1.332108e-10   8.690928e-01   6.181379e-01  -4.438732e-05
  -2.526069e-06  -2.009128e-06   1.460677e-10   8.417143e-01   6.694637e-01  -4.867139e-05
  -2.435871e-06  -2.156773e-06   1.584602e-10   8.116593e-01   7.186606e-01  -5.280069e-05
  -2.338110e-06  -2.297721e-06   1.703606e-10   7.790842e-01   7.656262e-01  -5.676606e-05
  -2.233253e-06  -2.431696e-06   1.817440e-10   7.441446e-01   8.102681e-01  -6.055913e-05
  -2.121760e-06  -2.558446e-06   1.925875e-10   7.069941e-01   8.525026e-01  -6.417229e-05
  -2.004090e-06  -2.677747e-06   2.028701e-10   6.677849e-01   8.922549e-01  -6.759859e-05
  -1.880692e-06  -2.789395e-06   2.125731e-10   6.266675e-01   9.294573e-01  -7.083171e-05
  -1.752013e-06  -2.893210e-06   2.216790e-10   5.837902e-01   9.640496e-01  -7.386592e-05
  -1.618493e-06  -2.989030e-06   2.301725e-10   5.392997e-01   9.959781e-01  -7.669602e-05
  -1.480566e-06  -3.076713e-06   2.380392e-10   4.933410e-01   1.025195e+00  -7.931731e-05
  -1.338662e-06  -3.156131e-06   2.452666e-10   4.460572e-01   1.051658e+00  -8.172555e-05
  -1.193206e-06  -3.227174e-06   2.518431e-10   3.975896e-01   1.075330e+00  -8.391692e-05
  -1.044618e-06  -3.289746e-06   2.577586e-10   3.480784e-01   1.096180e+00  -8.588801e-05
  -8.933142e-07  -3.343764e-06   2.630038e-10   2.976622e-01   1.114179e+00  -8.763578e-05
  -7.397061e-07  -3.389159e-06   2.675707e-10   2.464783e-01   1.129305e+00  -8.915754e-05
  -5.842033e-07  -3.425872e-06   2.714523e-10   1.946630e-01   1.141539e+00  -9.045093e-05
  -4.272124e-07  -3.453859e-06   2.746424e-10   1.423519e-01   1.150864e+00  -9.151391e-05
  -2.691378e-07  -3.473085e-06   2.771359e-10   8.967971e-02   1.157270e+00  -9.234475e-05
  -1.103825e-07  -3.483525e-06   2.789283e-10   3.678066e-02   1.160749e+00  -9.294202e-05
   4.865168e-08  -3.485168e-06   2.800163e-10  -1.621128e-02   1.161297e+00  -9.330455e-05
   2.075630e-07  -3.478011e-06   2.803973e-10  -6.916229e-02   1.158912e+00  -9.343149e-05
   3.659496e-07  -3.462061e-06   2.800694e-10  -1.219385e-01   1.153597e+00  -9.332224e-05
   5.234088e-07  -3.437339e-06   2.790318e-10  -1.744056e-01   1.145359e+00  -9.297650e-05
   6.795366e-07  -3.403872e-06   2.772844e-10  -2.264291e-01   1.134208e+00  -9.239426e-05
   8.339271e-07  -3.361703e-06   2.748281e-10  -2.778738e-01   1.120157e+00  -9.157578e-05
   9.861716e-07  -3.310883e-06   2.716646e-10  -3.286033e-01   1.103223e+00  -9.052166e-05
   1.135859e-06  -3.251477e-06   2.677965e-10  -3.784807e-01   1.083428e+00  -8.923278e-05
   1.282573e-06  -3.183562e-06   2.632276e-10  -4.273675e-01   1.060798e+00  -8.771037e-05
   1.425896e-06  -3.107227e-06   2.579626e-10  -4.751242e-01   1.035363e+00  -8.595602e-05
   1.565403e-06  -3.022579e-06   2.520074e-10  -5.216096e-01   1.007157e+00  -8.397166e-05
   1.700666e-06  -2.929735e-06   2.453689e-10  -5.666808e-01   9.762203e-01  -8.175964e-05
   1.831252e-06  -2.828834e-06   2.380555e-10  -6.101934e-01   9.425989e-01  -7.932275e-05
   1.956721e-06  -2.720029e-06   2.300770e-10  -6.520010e-01   9.063437e-01  -7.666423e-05
   2.076628e-06  -2.603492e-06   2.214446e-10  -6.919555e-01   8.675126e-01  -7.378781e-05
   2.190524e-06  -2.479419e-06   2.121711e-10  -7.299069e-01   8.261700e-01  -7.069778e-05
   2.297952e-06  -2.348026e-06   2.022712e-10  -7.657032e-01   7.823882e-01  -6.739901e-05
   2.398452e-06  -2.209553e-06   1.917614e-10  -7.991908e-01   7.362474e-01  -6.389703e-05
   2.491557e-06  -2.064267e-06   1.806604e-10  -8.302145e-01   6.878367e-01  -6.019805e-05
   2.576798e-06  -1.912466e-06   1.689891e-10  -8.586176e-01   6.372549e-01  -5.630905e-05
   2.653701e-06  -1.754476e-06   1.567711e-10  -8.842425e-01   5.846110e-01  -5.223785e-05
   2.721790e-06  -1.590660e-06   1.440323e-10  -9.069307e-01   5.300256e-01  -4.799317e-05
   2.780591e-06  -1.421416e-06   1.308021e-10  -9.265238e-01   4.736314e-01  -4.358470e-05
   2.829630e-06  -1.247180e-06   1.171126e-10  -9.428640e-01   4.155744e-01  -3.902321e-05
   2.868436e-06  -1.068435e-06   1.029996e-10  -9.557948e-01   3.560146e-01  -3.432062e-05
   2.896549e-06  -8.857073e-07   8.850265e-11  -9.651623e-01   2.951275e-01  -2.949006e-05
   2.913517e-06  -6.995712e-07   7.366515e-11  -9.708161e-01   2.331049e-01  -2.454605e-05
   2.918904e-06  -5.106545e-07   5.853486e-11  -9.726113e-01   1.701558e-01  -1.950447e-05
   2.912297e-06  -3.196394e-07   4.316403e-11  -9.704097e-01   1.065074e-01  -1.438274e-05
   2.893308e-06  -1.272653e-07   2.760969e-11  -9.640823e-01   4.240622e-02  -9.199855e-06
   2.861583e-06   6.566896e-08   1.193381e-11  -9.535112e-01  -2.188163e-02  -3.976478e-06
   2.816811e-06   2.583038e-07  -3.796478e-12  -9.385927e-01  -8.606971e-02   1.265029e-06
   2.758731e-06   4.497184e-07  -1.950883e-11  -9.192399e-01  -1.498512e-01   6.500559e-06
   2.687145e-06   6.389311e-07  -3.512567e-11  -8.953865e-01  -2.128989e-01   1.170426e-05
   2.601923e-06   8.249017e-07  -5.056426e-11  -8.669896e-01  -2.748664e-01   1.684857e-05
   2.503021e-06   1.006535e-06  -6.573701e-11  -8.340345e-01  -3.353887e-01   2.190430e-05
   2.390490e-06   1.182688e-06  -8.055180e-11  -7.965377e-01  -3.940847e-01   2.684075e-05
   2.264485e-06   1.352175e-06  -9.491260e-11  -7.545516e-01  -4.505597e-01   3.162593e-05
   2.125284e-06   1.513782e-06  -1.087203e-10  -7.081681e-01  -5.044088e-01   3.622680e-05
   1.973291e-06   1.666277e-06  -1.218736e-10  -6.575224e-01  -5.552221e-01   4.060963e-05
   1.809051e-06   1.808431e-06  -1.342705e-10  -6.027958e-01  -6.025894e-01   4.474041e-05
   1.633254e-06   1.939032e-06  -1.458096e-10  -5.442182e-01  -6.461071e-01   4.858538e-05
   1.446740e-06   2.056910e-06  -1.563920e-10  -4.820697e-01  -6.853853e-01   5.211154e-05
   1.250499e-06   2.160958e-06  -1.659229e-10  -4.166800e-01  -7.200553e-01   5.528734e-05
   1.045667e-06   2.250160e-06  -1.743138e-10  -3.484277e-01  -7.497784e-01   5.808330e-05
   8.335154e-07   2.323613e-06  -1.814847e-10  -2.777366e-01  -7.742536e-01   6.047272e-05
   6.154401e-07   2.380550e-06  -1.873657e-10  -2.050715e-01  -7.932258e-01   6.243233e-05
   3.929381e-07   2.420365e-06  -1.918990e-10  -1.309313e-01  -8.064925e-01   6.394288e-05
   1.675864e-07   2.442627e-06  -1.950406e-10  -5.584165e-02  -8.139103e-01   6.498969e-05
  -5.898621e-08   2.447093e-06  -1.967613e-10   1.965486e-02  -8.153986e-01   6.556305e-05
  -2.851288e-07   2.433720e-06  -1.970476e-10   9.500808e-02  -8.109426e-01   6.565845e-05
  -5.091992e-07   2.402660e-06  -1.959019e-10   1.696708e-01  -8.005931e-01   6.527668e-05
  -7.295947e-07   2.354260e-06  -1.933423e-10   2.431090e-01  -7.844656e-01   6.442379e-05
  -9.447800e-07   2.289048e-06  -1.894020e-10   3.148112e-01  -7.627362e-01   6.311085e-05
  -1.153313e-06   2.207719e-06  -1.841282e-10   3.842968e-01  -7.356364e-01   6.135355e-05
  -1.353867e-06   2.111115e-06  -1.775804e-10   4.511234e-01  -7.034468e-01   5.917175e-05
  -1.545243e-06   2.000201e-06  -1.698289e-10   5.148923e-01  -6.664890e-01   5.658887e-05
  -1.726388e-06   1.876042e-06  -1.609529e-10   5.752517e-01  -6.251181e-01   5.363128e-05
  -1.896394e-06   1.739779e-06  -1.510383e-10   6.318995e-01  -5.797137e-01   5.032765e-05
  -2.054504e-06   1.592603e-06  -1.401764e-10   6.845835e-01  -5.306729e-01   4.670832e-05
  -2.200108e-06   1.435732e-06  -1.284612e-10   7.331004e-01  -4.784019e-01   4.280468e-05
  -2.332738e-06   1.270395e-06  -1.159884e-10   7.772943e-01  -4.233098e-01   3.864863e-05
  -2.452060e-06   1.097810e-06  -1.028539e-10   8.170536e-01  -3.658026e-01   3.427207e-05
  -2.557861e-06   9.191723e-07  -8.915232e-11   8.523077e-01  -3.062784e-01   2.970654e-05
  -2.650042e-06   7.356397e-07  -7.497598e-11   8.830233e-01  -2.451233e-01   2.498283e-05
  -2.728601e-06   5.483260e-07  -6.041427e-11   9.092003e-01  -1.827083e-01   2.013071e-05
  -2.793628e-06   3.582927e-07  -4.555293e-11   9.308678e-01  -1.193871e-01   1.517874e-05
  -2.845285e-06   1.665448e-07  -3.047359e-11   9.480807e-01  -5.549458e-02   1.015414e-05
  -2.883803e-06  -2.597220e-08  -1.525351e-11   9.609152e-01   8.654226e-03   5.082640e-06
  -2.909466e-06  -2.183734e-07   3.455483e-14   9.694662e-01   7.276445e-02  -1.151405e-08
  -2.922603e-06  -4.098346e-07   1.532247e-11   9.738437e-01   1.365614e-01  -5.105619e-06
  -2.923583e-06  -5.995909e-07   3.054666e-11   9.741702e-01   1.997903e-01  -1.017849e-05
  -2.912803e-06  -7.869354e-07   4.564797e-11   9.705782e-01   2.622156e-01  -1.521041e-05
  -2.890684e-06  -9.712168e-07   6.057159e-11   9.632081e-01   3.236202e-01  -2.018313e-05
  -2.857667e-06  -1.151836e-06   7.526683e-11   9.522064e-01   3.838046e-01  -2.507974e-05
  -2.814203e-06  -1.328245e-06   8.968692e-11   9.377237e-01   4.425859e-01  -2.988468e-05
  -2.760754e-06  -1.499941e-06   1.037888e-10   9.199139e-01   4.997970e-01  -3.458358e-05
  -2.697788e-06  -1.666466e-06   1.175329e-10   8.989328e-01   5.552850e-01  -3.916326e-05
  -2.625775e-06  -1.827403e-06   1.308828e-10   8.749373e-01   6.089110e-01  -4.361161e-05
  -2.545186e-06  -1.982372e-06   1.438053e-10   8.480844e-01   6.605483e-01  -4.791754e-05
  -2.456493e-06  -2.131028e-06   1.562699e-10   8.185308e-01   7.100822e-01  -5.207087e-05
  -2.360163e-06  -2.273059e-06   1.682487e-10   7.864324e-01   7.574085e-01  -5.606232e-05
  -2.256660e-06  -2.408182e-06   1.797161e-10   7.519441e-01   8.024331e-01  -5.988339e-05
  -2.146445e-06  -2.536142e-06   1.906489e-10   7.152192e-01   8.450707e-01  -6.352635e-05
  -2.029972e-06  -2.656709e-06   2.010260e-10   6.764092e-01   8.852449e-01  -6.698411e-05
  -1.907692e-06  -2.769676e-06   2.108281e-10   6.356643e-01   9.228867e-01  -7.025025e-05
  -1.780050e-06  -2.874857e-06   2.200375e-10   5.931326e-01   9.579343e-01  -7.331893e-05
  -1.647485e-06  -2.972088e-06   2.286383e-10   5.489604e-01   9.903326e-01  -7.618482e-05
  -1.510431e-06  -3.061220e-06   2.366162e-10   5.032924e-01   1.020032e+00  -7.884313e-05
  -1.369317e-06  -3.142123e-06   2.439580e-10   4.562716e-01   1.046990e+00  -8.128950e-05
  -1.224566e-06  -3.214683e-06   2.506520e-10   4.080392e-01   1.071168e+00  -8.352002e-05
  -1.076600e-06  -3.278799e-06   2.566876e-10   3.587350e-01   1.092532e+00  -8.553117e-05
  -9.258323e-07  -3.334386e-06   2.620555e-10   3.084976e-01   1.111054e+00  -8.731981e-05
  -7.726760e-07  -3.381369e-06   2.667473e-10   2.574642e-01   1.126710e+00  -8.888316e-05
  -6.175399e-07  -3.419688e-06   2.707556e-10   2.057712e-01   1.139478e+00  -9.021876e-05
  -4.608303e-07  -3.449294e-06   2.740739e-10   1.535538e-01   1.149343e+00  -9.132448e-05
  -3.029515e-07  -3.470149e-06   2.766969e-10   1.009468e-01   1.156292e+00  -9.219849e-05
  -1.443063e-07  -3.482224e-06   2.786200e-10   4.808447e-02   1.160316e+00  -9.283926e-05
   1.470335e-08  -3.485505e-06   2.798393e-10  -4.899319e-03   1.161409e+00  -9.324555e-05
   1.736759e-07  -3.479985e-06   2.803520e-10  -5.787074e-02   1.159570e+00  -9.341640e-05
   3.322094e-07  -3.465669e-06   2.801561e-10  -1.106959e-01   1.154799e+00  -9.335113e-05
   4.899013e-07  -3.442572e-06   2.792504e-10  -1.632406e-01   1.147103e+00  -9.304933e-05
   6.463473e-07  -3.410720e-06   2.776345e-10  -2.153701e-01   1.136490e+00  -9.251090e-05
   8.011413e-07  -3.370151e-06   2.753090e-10  -2.669492e-01   1.122972e+00  -9.173603e-05
   9.538746e-07  -3.320913e-06   2.722754e-10  -3.178416e-01   1.106565e+00  -9.072519e-05
   1.104135e-06  -3.263067e-06   2.685360e-10  -3.679101e-01   1.087290e+00  -8.947918e-05
   1.251508e-06  -3.196686e-06   2.640942e-10  -4.170164e-01   1.065171e+00  -8.799912e-05
   1.395573e-06  -3.121856e-06   2.589545e-10  -4.650205e-01   1.040237e+00  -8.628650e-05
   1.535907e-06  -3.038679e-06   2.531223e-10  -5.117812e-01   1.012522e+00  -8.434316e-05
   1.672080e-06  -2.947271e-06   2.466045e-10  -5.571556e-01   9.820634e-01  -8.217134e-05
   1.803658e-06  -2.847763e-06   2.394089e-10  -6.009988e-01   9.489063e-01  -7.977371e-05
   1.930201e-06  -2.740306e-06   2.315451e-10  -6.431644e-01   9.131003e-01  -7.715339e-05
   2.051264e-06  -2.625068e-06   2.230238e-10  -6.835038e-01   8.747019e-01  -7.431401e-05
   2.166395e-06  -2.502239e-06   2.138576e-10  -7.218667e-01   8.337739e-01  -7.125973e-05
   2.275137e-06  -2.372031e-06   2.040608e-10  -7.581008e-01   7.903872e-01  -6.799531e-05
   2.377028e-06  -2.234680e-06   1.936494e-10  -7.920520e-01   7.446203e-01  -6.452613e-05
   2.471600e-06  -2.090449e-06   1.826418e-10  -8.235644e-01   6.965607e-01  -6.085827e-05
   2.558381e-06  -1.939628e-06   1.710585e-10  -8.524809e-01   6.463055e-01  -5.699857e-05
   2.636896e-06  -1.782540e-06   1.589224e-10  -8.786430e-01   5.939621e-01  -5.295472e-05
   2.706667e-06  -1.619541e-06   1.462594e-10  -9.018916e-01   5.396491e-01  -4.873527e-05
   2.767216e-06  -1.451024e-06   1.330981e-10  -9.220672e-01   4.834974e-01  -4.434977e-05
   2.818066e-06  -1.277422e-06   1.194703e-10  -9.390109e-01   4.256510e-01  -3.980881e-05
   2.858743e-06  -1.099208e-06   1.054111e-10  -9.525650e-01   3.662682e-01  -3.512416e-05
   2.888782e-06  -9.169029e-07   9.095975e-11  -9.625742e-01   3.055222e-01  -3.030880e-05
   2.907726e-06  -7.310768e-07   7.615902e-11  -9.688865e-01   2.436029e-01  -2.537703e-05
   2.915135e-06  -5.423505e-07   6.105615e-11  -9.713552e-01   1.807172e-01  -2.034459e-05
   2.910587e-06  -3.513998e-07   4.570288e-11  -9.698400e-01   1.170903e-01  -1.522871e-05
   2.893690e-06  -1.589580e-07   3.015567e-11  -9.642095e-01   5.296656e-02  -1.004821e-05
   2.864080e-06   3.418210e-08   1.447600e-11  -9.543434e-01  -1.138985e-02  -4.823564e-06
   2.821439e-06   2.271666e-07  -1.269541e-12  -9.401349e-01  -7.569445e-02   4.230253e-07
   2.765496e-06   4.190802e-07  -1.700910e-11  -9.214940e-01  -1.396422e-01   5.667620e-06
   2.696041e-06   6.089461e-07  -3.266555e-11  -8.983507e-01  -2.029076e-01   1.088452e-05
   2.612933e-06   7.957284e-07  -4.815658e-11  -8.706584e-01  -2.651455e-01   1.604631e-05
   2.516116e-06   9.783356e-07  -6.339495e-11  -8.383977e-01  -3.259923e-01   2.112390e-05
   2.405625e-06   1.155626e-06  -7.828879e-11  -8.015808e-01  -3.850674e-01   2.608669e-05
   2.281602e-06   1.326416e-06  -9.274226e-11  -7.602550e-01  -4.419766e-01   3.090275e-05
   2.144308e-06   1.489491e-06  -1.066563e-10  -7.145071e-01  -4.963149e-01   3.553906e-05
   1.994131e-06   1.643617e-06  -1.199295e-10  -6.644665e-01  -5.476714e-01   3.996185e-05
   1.831599e-06   1.787560e-06  -1.324597e-10  -6.103091e-01  -5.956348e-01   4.413705e-05
   1.657385e-06   1.920101e-06  -1.441451e-10  -5.522591e-01  -6.397990e-01   4.803074e-05
   1.472312e-06   2.040062e-06  -1.548860e-10  -4.905906e-01  -6.797714e-01   5.160973e-05
   1.277353e-06   2.146325e-06  -1.645869e-10  -4.256281e-01  -7.151794e-01   5.484219e-05
   1.073628e-06   2.237860e-06  -1.731585e-10  -3.577449e-01  -7.456797e-01   5.769832e-05
   8.623967e-07   2.313746e-06  -1.805192e-10  -2.873602e-01  -7.709660e-01   6.015099e-05
   6.450404e-07   2.373201e-06  -1.865979e-10  -2.149346e-01  -7.907769e-01   6.217648e-05
   4.230473e-07   2.415596e-06  -1.913352e-10  -1.409641e-01  -8.049034e-01   6.375502e-05
   1.979873e-07   2.440479e-06  -1.946855e-10  -6.597156e-02  -8.131947e-01   6.487136e-05
  -2.851489e-08   2.447585e-06  -1.966176e-10   9.501477e-03  -8.155626e-01   6.551517e-05
  -2.548092e-07   2.436847e-06  -1.971163e-10   8.490524e-02  -8.119846e-01   6.568134e-05
  -4.792512e-07   2.408395e-06  -1.961821e-10   1.596918e-01  -8.025040e-01   6.537004e-05
  -7.002325e-07   2.362552e-06  -1.938312e-10   2.333253e-01  -7.872286e-01   6.458672e-05
  -9.162100e-07   2.299826e-06  -1.900953e-10   3.052913e-01  -7.663275e-01   6.334186e-05
  -1.125731e-06   2.220892e-06  -1.850196e-10   3.751059e-01  -7.400259e-01   6.165060e-05
  -1.327454e-06   2.126575e-06  -1.786625e-10   4.423223e-01  -7.085985e-01   5.953232e-05
  -1.520168e-06   2.017826e-06  -1.710927e-10   5.065368e-01  -6.723619e-01   5.701000e-05
  -1.702801e-06   1.895696e-06  -1.623885e-10   5.673924e-01  -6.316669e-01   5.410965e-05
  -1.874431e-06   1.761316e-06  -1.526349e-10   6.245814e-01  -5.868900e-01   5.085963e-05
  -2.034283e-06   1.615869e-06  -1.419221e-10   6.778458e-01  -5.384253e-01   4.729003e-05
  -2.181731e-06   1.460568e-06  -1.303440e-10   7.269768e-01  -4.866774e-01   4.343207e-05
  -2.316288e-06   1.296638e-06  -1.179958e-10   7.718130e-01  -4.320543e-01   3.931751e-05
  -2.437605e-06   1.125297e-06  -1.049731e-10   8.122372e-01  -3.749614e-01   3.497821e-05
  -2.545455e-06   9.477382e-07  -9.137046e-11   8.481739e-01  -3.157969e-01   3.044565e-05
  -2.639723e-06   7.651226e-07  -7.728027e-11   8.795849e-01  -2.549473e-01   2.575064e-05
  -2.720395e-06   5.785663e-07  -6.279206e-11   9.064657e-01  -1.927847e-01   2.092301e-05
  -2.787546e-06   3.891345e-07  -4.799176e-11   9.288414e-01  -1.296639e-01   1.599139e-05
  -2.841330e-06   1.978367e-07  -3.296133e-11   9.467628e-01  -6.592138e-02   1.098308e-05
  -2.881966e-06   5.623375e-09  -1.777837e-11   9.603031e-01  -1.873771e-03   5.923950e-06
  -2.909729e-06  -1.866151e-07  -2.515993e-12   9.695539e-01   6.218221e-02   8.383567e-07
  -2.924940e-06  -3.780485e-07   1.275724e-11   9.746224e-01   1.259700e-01  -4.250853e-06
  -2.927960e-06  -5.679063e-07   2.797729e-11   9.756288e-01   1.892327e-01  -9.322345e-06
  -2.919180e-06  -7.554754e-07   4.308460e-11   9.727033e-01   2.517328e-01  -1.435627e-05
  -2.899016e-06  -9.400981e-07   5.802388e-11   9.659843e-01   3.132511e-01  -1.933420e-05
  -2.867901e-06  -1.121170e-06   7.274399e-11   9.556165e-01   3.735863e-01  -2.423910e-05
  -2.826284e-06  -1.298136e-06   8.719770e-11   9.417493e-01   4.325533e-01  -2.905524e-05
  -2.774622e-06  -1.470488e-06   1.013415e-10   9.245350e-01   4.899830e-01  -3.376812e-05
  -2.713380e-06  -1.637763e-06   1.151354e-10   9.041282e-01   5.457208e-01  -3.836439e-05
  -2.643024e-06  -1.799537e-06   1.285426e-10   8.806849e-01   5.996257e-01  -4.283181e-05
  -2.564023e-06  -1.955425e-06   1.415293e-10   8.543611e-01   6.515694e-01  -4.715914e-05
  -2.476846e-06  -2.105078e-06   1.540648e-10   8.253127e-01   7.014353e-01  -5.133609e-05
  -2.381959e-06  -2.248177e-06   1.661206e-10   7.936951e-01   7.491176e-01  -5.535321e-05
  -2.279823e-06  -2.384435e-06   1.776709e-10   7.596623e-01   7.945204e-01  -5.920191e-05
  -2.170898e-06  -2.513593e-06   1.886921e-10   7.233672e-01   8.375570e-01  -6.287429e-05
  -2.055637e-06  -2.635414e-06   1.991626e-10   6.849610e-01   8.781492e-01  -6.636318e-05
  -1.934489e-06  -2.749689e-06   2.090628e-10   6.445933e-01   9.162267e-01  -6.966203e-05
  -1.807899e-06  -2.856226e-06   2.183747e-10   6.024119e-01   9.517263e-01  -7.276487e-05
  -1.676303e-06  -2.954857e-06   2.270821e-10   5.585629e-01   9.845913e-01  -7.566628e-05
  -1.540137e-06  -3.045430e-06   2.351703e-10   5.131907e-01   1.014771e+00  -7.836135e-05
  -1.399827e-06  -3.127811e-06   2.426258e-10   4.664379e-01   1.042221e+00  -8.084562e-05
  -1.255798e-06  -3.201881e-06   2.494367e-10   4.184458e-01   1.066902e+00  -8.311507e-05
  -1.108468e-06  -3.267535e-06   2.555920e-10   3.693540e-01   1.088779e+00  -8.516609e-05
  -9.582536e-07  -3.324685e-06   2.610820e-10   3.193007e-01   1.107822e+00  -8.699543e-05
  -8.055653e-07  -3.373253e-06   2.658982e-10   2.684233e-01   1.124005e+00  -8.860022e-05
  -6.508122e-07  -3.413175e-06   2.700327e-10   2.168579e-01   1.137308e+00  -8.997790e-05
  -4.944004e-07  -3.444397e-06   2.734790e-10   1.647397e-01   1.147711e+00  -9.112625e-05
  -3.367339e-07  -3.466878e-06   2.762313e-10   1.122035e-01   1.155202e+00  -9.204335e-05
  -1.782154e-07  -3.480588e-06   2.782847e-10   5.938334e-02   1.159771e+00  -9.272757e-05
  -1.924676e-08  -3.485506e-06   2.796353e-10   6.413235e-03   1.161409e+00  -9.317757e-05
   1.397705e-07  -3.481624e-06   2.802797e-10  -4.657307e-02   1.160116e+00  -9.339231e-05
   2.984344e-07  -3.468942e-06   2.802158e-10  -9.944166e-02   1.155890e+00  -9.337101e-05
   4.563424e-07  -3.447473e-06   2.794420e-10  -1.520583e-01   1.148736e+00  -9.311318e-05
   6.130901e-07  -3.417239e-06   2.779578e-10  -2.042884e-01   1.138662e+00  -9.261862e-05
   7.682714e-07  -3.378273e-06   2.757633e-10  -2.559965e-01   1.125678e+00  -9.188741e-05
   9.214772e-07  -3.330622e-06   2.728599e-10  -3.070464e-01   1.109800e+00  -9.091993e-05
   1.072296e-06  -3.274341e-06   2.692494e-10  -3.573008e-01   1.091047e+00  -8.971690e-05
   1.220311e-06  -3.209500e-06   2.649352e-10  -4.066212e-01   1.069441e+00  -8.827934e-05
   1.365103e-06  -3.136183e-06   2.599212e-10  -4.548676e-01   1.045011e+00  -8.660861e-05
   1.506248e-06  -3.054486e-06   2.542126e-10  -5.018986e-01   1.017789e+00  -8.470647e-05
   1.643316e-06  -2.964521e-06   2.478160e-10  -5.475710e-01   9.878112e-01  -8.257505e-05
   1.775871e-06  -2.866416e-06   2.407390e-10  -5.917400e-01   9.551216e-01  -8.021689e-05
   1.903474e-06  -2.760317e-06   2.329905e-10  -6.342587e-01   9.197683e-01  -7.763503e-05
   2.025678e-06  -2.646389e-06   2.245812e-10  -6.749784e-01   8.818062e-01  -7.483296e-05
   2.142031e-06  -2.524817e-06   2.155232e-10  -7.137484e-01   8.412969e-01  -7.181473e-05
   2.252074e-06  -2.395807e-06   2.058304e-10  -7.504159e-01   7.983095e-01  -6.858496e-05
   2.355343e-06  -2.259592e-06   1.955184e-10  -7.848265e-01   7.529211e-01  -6.514891e-05
   2.451370e-06  -2.116428e-06   1.846053e-10  -8.168238e-01   7.052175e-01  -6.151254e-05
   2.539681e-06  -1.966603e-06   1.731111e-10  -8.462499e-01   6.552940e-01  -5.768254e-05
   2.619798e-06  -1.810433e-06   1.610584e-10  -8.729458e-01   6.032564e-01  -5.366643e-05
   2.691241e-06  -1.648269e-06   1.484724e-10  -8.967514e-01   5.492214e-01  -4.947265e-05
   2.753529e-06  -1.480497e-06   1.353813e-10  -9.175065e-01   4.933181e-01  -4.511057e-05
   2.806182e-06  -1.307545e-06   1.218166e-10  -9.350510e-01   4.356886e-01  -4.059063e-05
   2.848723e-06  -1.129881e-06   1.078128e-10  -9.492261e-01   3.764890e-01  -3.592443e-05
   2.880681e-06  -9.480203e-07   9.340856e-11  -9.598749e-01   3.158909e-01  -3.112477e-05
   2.901596e-06  -7.625250e-07   7.864623e-11  -9.668440e-01   2.540818e-01  -2.620580e-05
   2.911022e-06  -5.740104e-07   6.357249e-11  -9.699848e-01   1.912666e-01  -2.118306e-05
   2.908532e-06  -3.831461e-07   4.823852e-11  -9.691551e-01   1.276685e-01  -1.607361e-05
   2.893725e-06  -1.906593e-07   3.270027e-11  -9.642212e-01   6.352978e-02  -1.089609e-05
   2.866231e-06   2.663427e-09   1.701866e-11  -9.550601e-01  -8.874834e-04  -5.670806e-06
   2.825723e-06   1.959740e-07   1.259770e-12  -9.415623e-01  -6.530072e-02  -4.197692e-07
   2.771920e-06   3.883626e-07  -1.450505e-11  -9.236344e-01  -1.294067e-01   4.833243e-06
   2.704601e-06   5.788575e-07  -3.019914e-11  -9.012029e-01  -1.928817e-01   1.006269e-05
   2.623614e-06   7.664272e-07  -4.574062e-11  -8.742174e-01  -2.553821e-01   1.524128e-05
   2.528890e-06   9.499837e-07  -6.104259e-11  -8.426542e-01  -3.165451e-01   2.034007e-05
   2.420450e-06   1.128388e-06  -7.601350e-11  -8.065208e-01  -3.759914e-01   2.532854e-05
   2.298422e-06   1.300458e-06  -9.055767e-11  -7.658597e-01  -4.333269e-01   3.017482e-05
   2.163050e-06   1.464977e-06  -1.045761e-10  -7.207523e-01  -4.881466e-01   3.484592e-05
   2.014707e-06   1.620711e-06  -1.179674e-10  -6.713226e-01  -5.400391e-01   3.930805e-05
   1.853902e-06   1.766422e-06  -1.306291e-10  -6.177408e-01  -5.885913e-01   4.352706e-05
   1.681293e-06   1.900884e-06  -1.424589e-10  -5.602254e-01  -6.333955e-01   4.746889e-05
   1.497684e-06   2.022910e-06  -1.533568e-10  -4.990448e-01  -6.740559e-01   5.110018e-05
   1.304032e-06   2.131371e-06  -1.632263e-10  -4.345179e-01  -7.101965e-01   5.438881e-05
   1.101442e-06   2.225224e-06  -1.719770e-10  -3.670128e-01  -7.414693e-01   5.730466e-05
   8.911585e-07   2.303532e-06  -1.795265e-10  -2.969439e-01  -7.675626e-01   5.982021e-05
   6.745509e-07   2.365495e-06  -1.858019e-10  -2.247679e-01  -7.882091e-01   6.191127e-05
   4.530973e-07   2.410463e-06  -1.907426e-10  -1.509771e-01  -8.031931e-01   6.355755e-05
   2.283602e-07   2.437963e-06  -1.943010e-10  -7.609217e-02  -8.123565e-01   6.474324e-05
   1.960062e-09   2.447709e-06  -1.964443e-10  -6.531144e-04  -8.156037e-01   6.545742e-05
  -2.244544e-07   2.439608e-06  -1.971553e-10   7.479070e-02  -8.129043e-01   6.569435e-05
  -4.492368e-07   2.413767e-06  -1.964328e-10   1.496907e-01  -8.042940e-01   6.545359e-05
  -6.707737e-07   2.370489e-06  -1.942912e-10   2.235093e-01  -7.898732e-01   6.473997e-05
  -8.875139e-07   2.310259e-06  -1.907601e-10   2.957295e-01  -7.698039e-01   6.356339e-05
  -1.097994e-06   2.233733e-06  -1.858835e-10   3.658637e-01  -7.443047e-01   6.193845e-05
  -1.300860e-06   2.141719e-06  -1.797180e-10   4.334611e-01  -7.136444e-01   5.988403e-05
  -1.494887e-06   2.035150e-06  -1.723312e-10   4.981129e-01  -6.781347e-01   5.742268e-05
  -1.678987e-06   1.915068e-06  -1.638001e-10   5.594570e-01  -6.381219e-01   5.458002e-05
  -1.852220e-06   1.782591e-06  -1.542089e-10   6.171803e-01  -5.939790e-01   5.138410e-05
  -2.013795e-06   1.638894e-06  -1.436470e-10   6.710189e-01  -5.460976e-01   4.786477e-05
  -2.163069e-06   1.485185e-06  -1.322076e-10   7.207586e-01  -4.948803e-01   4.405305e-05
  -2.299539e-06   1.322686e-06  -1.199858e-10   7.662321e-01  -4.407338e-01   3.998059e-05
  -2.422840e-06   1.152612e-06  -1.070767e-10   8.073171e-01  -3.840630e-01   3.567914e-05
  -2.532727e-06   9.761564e-07  -9.357483e-11   8.439329e-01  -3.252661e-01   3.118017e-05
  -2.629074e-06   7.944819e-07  -7.957267e-11   8.760365e-01  -2.647302e-01   2.651450e-05
  -2.711851e-06   6.087072e-07  -6.515984e-11   9.036189e-01  -2.028280e-01   2.171198e-05
  -2.781123e-06   4.199009e-07  -5.042249e-11   9.267011e-01  -1.399156e-01   1.680133e-05
  -2.837031e-06   2.290769e-07  -3.544286e-11   9.453301e-01  -7.633095e-02   1.180995e-05
  -2.879783e-06   3.719059e-08  -2.029887e-11   9.595756e-01  -1.239232e-02   6.763807e-06
  -2.909646e-06  -1.548621e-07  -5.064021e-12   9.695262e-01   5.160178e-02   1.687388e-06
  -2.926932e-06  -3.462455e-07   1.019271e-11   9.752863e-01   1.153729e-01  -3.396325e-06
  -2.931995e-06  -5.361829e-07   2.540688e-11   9.769734e-01   1.786621e-01  -8.465854e-06
  -2.925220e-06  -7.239553e-07   4.051846e-11   9.747157e-01   2.412300e-01  -1.350120e-05
  -2.907015e-06  -9.088991e-07   5.547172e-11   9.686495e-01   3.028553e-01  -1.848379e-05
  -2.877809e-06  -1.090403e-06   7.021507e-11   9.589179e-01   3.633345e-01  -2.339644e-05
  -2.838046e-06  -1.267908e-06   8.470083e-11   9.456684e-01   4.224809e-01  -2.822326e-05
  -2.788179e-06  -1.440898e-06   9.888506e-11   9.290523e-01   4.801232e-01  -3.294960e-05
  -2.728669e-06  -1.608905e-06   1.127273e-10   9.092229e-01   5.361049e-01  -3.756198e-05
  -2.659980e-06  -1.771499e-06   1.261903e-10   8.863350e-01   5.902832e-01  -4.204800e-05
  -2.582578e-06  -1.928291e-06   1.392399e-10   8.605438e-01   6.425280e-01  -4.639630e-05
  -2.496929e-06  -2.078925e-06   1.518449e-10   8.320044e-01   6.927209e-01  -5.059642e-05
  -2.403496e-06  -2.223078e-06   1.639766e-10   8.008714e-01   7.407543e-01  -5.463882e-05
  -2.302739e-06  -2.360458e-06   1.756086e-10   7.672983e-01   7.865308e-01  -5.851475e-05
  -2.195117e-06  -2.490800e-06   1.867171e-10   7.314374e-01   8.299621e-01  -6.221620e-05
  -2.081081e-06  -2.613864e-06   1.972800e-10   6.934394e-01   8.709685e-01  -6.573587e-05
  -1.961080e-06  -2.729435e-06   2.072773e-10   6.534535e-01   9.094780e-01  -6.906710e-05
  -1.835555e-06  -2.837319e-06   2.166909e-10   6.116272e-01   9.454261e-01  -7.220380e-05
  -1.704944e-06  -2.937341e-06   2.255041e-10   5.681063e-01   9.787546e-01  -7.514045e-05
  -1.569680e-06  -3.029347e-06   2.337018e-10   5.230348e-01   1.009412e+00  -7.787202e-05
  -1.430190e-06  -3.113197e-06   2.412703e-10   4.765552e-01   1.037352e+00  -8.039395e-05
  -1.286898e-06  -3.188769e-06   2.481974e-10   4.288086e-01   1.062533e+00  -8.270211e-05
  -1.140221e-06  -3.255956e-06   2.544717e-10   3.799343e-01   1.084921e+00  -8.479280e-05
  -9.905749e-07  -3.314664e-06   2.600834e-10   3.300705e-01   1.104483e+00  -8.666267e-05
  -8.383708e-07  -3.364812e-06   2.650234e-10   2.793545e-01   1.121193e+00  -8.830874e-05
  -6.840170e-07  -3.406332e-06   2.692839e-10   2.279220e-01   1.135028e+00  -8.972837e-05
  -5.279192e-07  -3.439167e-06   2.728578e-10   1.759085e-01   1.145969e+00  -9.091924e-05
  -3.704815e-07  -3.463274e-06   2.757391e-10   1.234486e-01   1.154001e+00  -9.187934e-05
  -2.121063e-07  -3.478616e-06   2.779227e-10   7.067617e-02   1.159114e+00  -9.260694e-05
  -5.319532e-08  -3.485172e-06   2.794043e-10   1.772527e-02   1.161298e+00  -9.310061e-05
   1.058500e-07  -3.482928e-06   2.801804e-10  -3.527039e-02   1.160550e+00  -9.335922e-05
   2.646278e-07  -3.471882e-06   2.802484e-10  -8.817691e-02   1.156869e+00  -9.338189e-05
   4.227353e-07  -3.452042e-06   2.796067e-10  -1.408601e-01   1.150259e+00  -9.316805e-05
   5.797684e-07  -3.423428e-06   2.782542e-10  -1.931853e-01   1.140724e+00  -9.271738e-05
   7.353205e-07  -3.386070e-06   2.761910e-10  -2.450170e-01   1.128276e+00  -9.202990e-05
   8.889828e-07  -3.340009e-06   2.734179e-10  -2.962189e-01   1.112928e+00  -9.110589e-05
   1.040343e-06  -3.285298e-06   2.699368e-10  -3.466538e-01   1.094698e+00  -8.994594e-05
   1.188985e-06  -3.222004e-06   2.657504e-10  -3.961830e-01   1.073608e+00  -8.855099e-05
   1.334489e-06  -3.150206e-06   2.608626e-10  -4.446664e-01   1.049684e+00  -8.692231e-05
   1.476429e-06  -3.069996e-06   2.552782e-10  -4.919626e-01   1.022957e+00  -8.506154e-05
   1.614376e-06  -2.981483e-06   2.490034e-10  -5.379281e-01   9.934632e-01  -8.297071e-05
   1.747895e-06  -2.884791e-06   2.420455e-10  -5.824179e-01   9.612443e-01  -8.065226e-05
   1.876543e-06  -2.780061e-06   2.344132e-10  -6.252850e-01   9.263470e-01  -7.810909e-05
   1.999874e-06  -2.667453e-06   2.261167e-10  -6.663803e-01   8.888250e-01  -7.534460e-05
   2.117435e-06  -2.547149e-06   2.171677e-10  -7.055528e-01   8.487382e-01  -7.236270e-05
   2.228766e-06  -2.419350e-06   2.075798e-10  -7.426494e-01   8.061544e-01  -6.916790e-05
   2.333401e-06  -2.284284e-06   1.973684e-10  -7.775152e-01   7.611489e-01  -6.576533e-05
   2.430871e-06  -2.142203e-06   1.865508e-10  -8.099933e-01   7.138060e-01  -6.216079e-05
   2.520700e-06  -1.993389e-06   1.751468e-10  -8.399252e-01   6.642193e-01  -5.836087e-05
   2.602408e-06  -1.838152e-06   1.631786e-10  -8.671513e-01   6.124927e-01  -5.437292e-05
   2.675513e-06  -1.676839e-06   1.506709e-10  -8.915107e-01   5.587414e-01  -5.020523e-05
   2.739531e-06  -1.509831e-06   1.376515e-10  -9.128422e-01   5.030924e-01  -4.586702e-05
   2.793979e-06  -1.337548e-06   1.241513e-10  -9.309847e-01   4.456858e-01  -4.136858e-05
   2.838376e-06  -1.160454e-06   1.102044e-10  -9.457782e-01   3.866760e-01  -3.672132e-05
   2.872247e-06  -9.790560e-07   9.584882e-11  -9.570646e-01   3.262323e-01  -3.193789e-05
   2.895128e-06  -7.939121e-07   8.112651e-11  -9.646888e-01   2.645403e-01  -2.703225e-05
   2.906567e-06  -6.056305e-07   6.608358e-11  -9.685004e-01   2.018028e-01  -2.201978e-05
   2.906131e-06  -4.148747e-07   5.077067e-11  -9.683553e-01   1.382409e-01  -1.691735e-05
   2.893413e-06  -2.223654e-07   3.524317e-11  -9.641174e-01   7.409463e-02  -1.174342e-05
   2.868036e-06  -2.888324e-08   1.956148e-11  -9.556613e-01   9.624218e-03  -6.518102e-06
   2.829661e-06   1.647298e-07   3.791146e-12  -9.428746e-01  -5.488981e-02  -1.263252e-06
   2.778001e-06   3.575694e-07  -1.199699e-11  -9.256608e-01  -1.191461e-01   3.997530e-06
   2.712823e-06   5.486691e-07  -2.772675e-11  -9.039428e-01  -1.828226e-01   9.238860e-06
   2.633965e-06   7.370019e-07  -4.331668e-11  -8.776662e-01  -2.455772e-01   1.443360e-05
   2.541342e-06   9.214835e-07  -5.868026e-11  -8.468034e-01  -3.070485e-01   1.955291e-05
   2.434964e-06   1.100977e-06  -7.372622e-11  -8.113570e-01  -3.668579e-01   2.456640e-05
   2.314943e-06   1.274303e-06  -8.835911e-11  -7.713648e-01  -4.246118e-01   2.944224e-05
   2.181508e-06   1.440244e-06  -1.024800e-10  -7.269028e-01  -4.799052e-01   3.414747e-05
   2.035015e-06   1.597564e-06  -1.159874e-10  -6.780897e-01  -5.323260e-01   3.864830e-05
   1.875958e-06   1.745020e-06  -1.287788e-10  -6.250899e-01  -5.814601e-01   4.291051e-05
   1.704973e-06   1.881382e-06  -1.407514e-10  -5.681161e-01  -6.268975e-01   4.689992e-05
   1.522852e-06   2.005455e-06  -1.518045e-10  -5.074311e-01  -6.682398e-01   5.058295e-05
   1.330532e-06   2.116098e-06  -1.618411e-10  -4.433481e-01  -7.051073e-01   5.392726e-05
   1.129104e-06   2.212254e-06  -1.707698e-10  -3.762300e-01  -7.371476e-01   5.690238e-05
   9.197965e-07   2.292972e-06  -1.785067e-10  -3.064864e-01  -7.640439e-01   5.948042e-05
   7.039673e-07   2.357433e-06  -1.849780e-10  -2.345697e-01  -7.855227e-01   6.163672e-05
   4.830837e-07   2.404967e-06  -1.901212e-10  -1.609689e-01  -8.013618e-01   6.335049e-05
   2.587008e-07   2.435080e-06  -1.938871e-10  -8.620199e-02  -8.113958e-01   6.460535e-05
   3.243419e-08   2.447463e-06  -1.962413e-10  -1.080743e-02  -8.155218e-01   6.538979e-05
  -1.940689e-07   2.442000e-06  -1.971647e-10   6.466592e-02  -8.137015e-01   6.569746e-05
  -4.191605e-07   2.418776e-06  -1.966540e-10   1.396689e-01  -8.059630e-01   6.552729e-05
  -6.412225e-07   2.378069e-06  -1.947219e-10   2.136625e-01  -7.923992e-01   6.488351e-05
  -8.586959e-07   2.320345e-06  -1.913964e-10   2.861270e-01  -7.731649e-01   6.377541e-05
  -1.070107e-06   2.246240e-06  -1.867197e-10   3.565715e-01  -7.484721e-01   6.221707e-05
  -1.274090e-06   2.156542e-06  -1.807468e-10   4.245409e-01  -7.185838e-01   6.022685e-05
  -1.469404e-06   2.052172e-06  -1.735442e-10   4.896218e-01  -6.838064e-01   5.782685e-05
  -1.654947e-06   1.934155e-06  -1.651876e-10   5.514468e-01  -6.444819e-01   5.504233e-05
  -1.829763e-06   1.803601e-06  -1.557601e-10   6.096973e-01  -6.009798e-01   5.190100e-05
  -1.993042e-06   1.661675e-06  -1.453507e-10   6.641038e-01  -5.536887e-01   4.843247e-05
  -2.144126e-06   1.509581e-06  -1.340518e-10   7.144464e-01  -5.030093e-01   4.466755e-05
  -2.282494e-06   1.348536e-06  -1.219580e-10   7.605523e-01  -4.493471e-01   4.063775e-05
  -2.407765e-06   1.179752e-06  -1.091643e-10   8.022939e-01  -3.931063e-01   3.637476e-05
  -2.519680e-06   1.004423e-06  -9.576512e-11   8.395852e-01  -3.346850e-01   3.191000e-05
  -2.618096e-06   8.237141e-07  -8.185287e-11   8.723785e-01  -2.744707e-01   2.727429e-05
  -2.702972e-06   6.387449e-07  -6.751732e-11   9.006602e-01  -2.128369e-01   2.249752e-05
  -2.774359e-06   4.505881e-07  -5.284482e-11   9.244472e-01  -1.501409e-01   1.760848e-05
  -2.832387e-06   2.602615e-07  -3.791785e-11   9.437827e-01  -8.672203e-02   1.263465e-05
  -2.877254e-06   6.872566e-08  -2.281470e-11   9.587329e-01  -2.290015e-02   7.602112e-06
  -2.909216e-06  -1.231184e-07  -7.609228e-12   9.693831e-01   4.102443e-02   2.535479e-06
  -2.928579e-06  -3.144293e-07   7.629201e-12   9.758351e-01   1.047713e-01  -2.542135e-06
  -2.935688e-06  -5.044245e-07   2.283571e-11   9.782039e-01   1.680799e-01  -7.609111e-06
  -2.930920e-06  -6.923790e-07   3.794983e-11   9.766152e-01   2.307084e-01  -1.264530e-05
  -2.914679e-06  -8.776232e-07   5.291539e-11   9.712035e-01   2.924338e-01  -1.763200e-05
  -2.887389e-06  -1.059540e-06   6.768036e-11   9.621099e-01   3.530506e-01  -2.255185e-05
  -2.849487e-06  -1.237563e-06   8.219659e-11   9.494806e-01   4.123699e-01  -2.738882e-05
  -2.801423e-06  -1.411173e-06   9.641970e-11   9.334654e-01   4.702186e-01  -3.212812e-05
  -2.743655e-06  -1.579895e-06   1.103088e-10   9.142163e-01   5.264384e-01  -3.675611e-05
  -2.676643e-06  -1.743293e-06   1.238262e-10   8.918870e-01   5.808845e-01  -4.126027e-05
  -2.600849e-06  -1.900972e-06   1.369374e-10   8.666319e-01   6.334250e-01  -4.562907e-05
  -2.516738e-06  -2.052572e-06   1.496107e-10   8.386052e-01   6.839397e-01  -4.985195e-05
  -2.424771e-06  -2.197764e-06   1.618170e-10   8.079607e-01   7.323195e-01  -5.391921e-05
  -2.325407e-06  -2.336252e-06   1.735296e-10   7.748514e-01   7.784652e-01  -5.782198e-05
  -2.219100e-06  -2.467766e-06   1.847241e-10   7.394289e-01   8.222869e-01  -6.155213e-05
  -2.106303e-06  -2.592061e-06   1.953784e-10   7.018435e-01   8.637034e-01  -6.510224e-05
  -1.987461e-06  -2.708917e-06   2.054719e-10   6.622441e-01   9.026412e-01  -6.846552e-05
  -1.863016e-06  -2.818136e-06   2.149862e-10   6.207776e-01   9.390344e-01  -7.163578e-05
  -1.733404e-06  -2.919541e-06   2.239043e-10   5.775895e-01   9.728233e-01  -7.460738e-05
  -1.599058e-06  -3.012970e-06   2.322107e-10   5.328237e-01   1.003955e+00  -7.737519e-05
  -1.460403e-06  -3.098282e-06   2.398916e-10   4.866225e-01   1.032382e+00  -7.993453e-05
  -1.317862e-06  -3.175350e-06   2.469341e-10   4.391264e-01   1.058062e+00  -8.228119e-05
