Method       t0       tn       N         h
Verlet        0  1.0e+02  100000 1.000e-03

x  -  y  -  z  .........
  -2.883410e-06  -8.199914e-07   4.847779e-11   9.607842e-01   2.732302e-01  -1.615334e-05
  -1.400984e-06  -2.095122e-06   1.597340e-10   4.668233e-01   6.981179e-01  -5.322515e-05
   9.125975e-07  -1.802181e-06   1.501320e-10  -3.040876e-01   6.005068e-01  -5.002565e-05
   1.658393e-06   7.486408e-07  -5.011619e-11  -5.525948e-01  -2.494554e-01   1.669927e-05
  -5.751525e-07   2.070076e-06  -1.696048e-10   1.916472e-01  -6.897724e-01   5.651420e-05
  -2.488498e-06   9.466240e-07  -9.093860e-11   8.291952e-01  -3.154256e-01   3.030175e-05
  -2.990852e-06  -8.552843e-07   5.066448e-11   9.965851e-01   2.849902e-01  -1.688197e-05
  -2.447307e-06  -2.404497e-06   1.782741e-10   8.154700e-01   8.012052e-01  -5.940292e-05
  -1.290526e-06  -3.374765e-06   2.631038e-10   4.300174e-01   1.124509e+00  -8.766912e-05
   1.361483e-07  -3.655136e-06   2.941842e-10  -4.536613e-02   1.217932e+00  -9.802543e-05
   1.534962e-06  -3.217676e-06   2.674832e-10  -5.114663e-01   1.072166e+00  -8.912836e-05
   2.596075e-06  -2.092555e-06   1.835592e-10  -8.650412e-01   6.972626e-01  -6.116397e-05
   2.937611e-06  -4.175907e-07   5.117791e-11  -9.788446e-01   1.391458e-01  -1.705305e-05
   2.075432e-06   1.363444e-06  -9.695374e-11  -6.915571e-01  -4.543148e-01   3.230606e-05
  -2.039250e-07   1.979803e-06  -1.601274e-10   6.795009e-02  -6.596923e-01   5.335624e-05
  -1.821790e-06  -1.421531e-07   4.563671e-13   6.070407e-01   4.736699e-02  -1.520666e-07
  -2.369659e-07  -2.170914e-06   1.728155e-10   7.895968e-02   7.233725e-01  -5.758403e-05
   1.934093e-06  -1.881149e-06   1.626115e-10  -6.444614e-01   6.268198e-01  -5.418397e-05
   3.105844e-06  -4.489752e-07   5.470833e-11  -1.034902e+00   1.496035e-01  -1.822942e-05
   3.242227e-06   1.174775e-06  -7.479583e-11  -1.080346e+00  -3.914479e-01   2.492280e-05
   2.590594e-06   2.529689e-06  -1.874607e-10  -8.632148e-01  -8.429204e-01   6.246397e-05
   1.408212e-06   3.373484e-06  -2.622934e-10  -4.692318e-01  -1.124082e+00   8.739908e-05
  -4.983022e-08   3.552800e-06  -2.854517e-10   1.660398e-02  -1.183833e+00   9.511566e-05
  -1.487616e-06   2.959830e-06  -2.465034e-10   4.956903e-01  -9.862482e-01   8.213768e-05
  -2.489694e-06   1.555979e-06  -1.398534e-10   8.295935e-01  -5.184694e-01   4.660069e-05
  -2.405093e-06  -4.449873e-07   2.125526e-11   8.014037e-01   1.482747e-01  -7.082488e-06
  -5.056610e-07  -1.895874e-06   1.491250e-10   1.684919e-01   6.317262e-01  -4.969010e-05
   1.771845e-06  -4.893508e-07   4.992862e-11  -5.903985e-01   1.630571e-01  -1.663677e-05
   1.046791e-06   1.957460e-06  -1.508146e-10  -3.488023e-01  -6.522473e-01   5.025308e-05
  -1.038793e-06   2.528074e-06  -2.091518e-10   3.461375e-01  -8.423824e-01   6.969169e-05
  -2.670728e-06   1.698058e-06  -1.523452e-10   8.899161e-01  -5.658119e-01   5.076312e-05
  -3.453863e-06   2.826493e-07  -4.345118e-11   1.150865e+00  -9.418189e-02   1.447842e-05
  -3.418581e-06  -1.214429e-06   7.691825e-11   1.139109e+00   4.046611e-01  -2.563001e-05
  -2.690821e-06  -2.470370e-06   1.820971e-10   8.966114e-01   8.231547e-01  -6.067676e-05
  -1.433516e-06  -3.237362e-06   2.512160e-10   4.776634e-01   1.078725e+00  -8.370796e-05
   1.300596e-07  -3.287583e-06   2.646474e-10  -4.333731e-02   1.095459e+00  -8.818344e-05
   1.629703e-06  -2.403709e-06   2.027227e-10  -5.430352e-01   8.009424e-01  -6.754946e-05
   2.353882e-06  -5.100536e-07   5.508959e-11  -7.843397e-01   1.699555e-01  -1.835646e-05
   1.126681e-06   1.574244e-06  -1.195768e-10  -3.754225e-01  -5.245554e-01   3.984433e-05
  -1.509093e-06   1.073529e-06  -9.523571e-11   5.028464e-01  -3.577116e-01   3.173359e-05
  -1.733175e-06  -1.444594e-06   1.055246e-10   5.775130e-01   4.813548e-01  -3.516198e-05
  -5.768437e-08  -2.767229e-06   2.217543e-10   1.922107e-02   9.220713e-01  -7.389100e-05
   1.751503e-06  -2.667178e-06   2.246013e-10  -5.836202e-01   8.887332e-01  -7.483966e-05
   3.036459e-06  -1.703392e-06   1.549722e-10  -1.011782e+00   5.675890e-01  -5.163845e-05
   3.619204e-06  -3.300191e-07   4.824720e-11  -1.205959e+00   1.099660e-01  -1.607650e-05
   3.475288e-06   1.113692e-06  -6.849203e-11  -1.158004e+00  -3.710944e-01   2.282230e-05
   2.644137e-06   2.334515e-06  -1.714739e-10  -8.810557e-01  -7.778863e-01   5.713700e-05
   1.230438e-06   3.026400e-06  -2.355049e-10  -4.099956e-01  -1.008430e+00   7.847285e-05
  -5.152241e-07   2.825067e-06  -2.298409e-10   1.716784e-01  -9.413436e-01   7.658555e-05
  -1.946615e-06   1.353798e-06  -1.203609e-10   6.486338e-01  -4.511004e-01   4.010560e-05
  -1.586642e-06  -1.066351e-06   7.604739e-11   5.286866e-01   3.553200e-01  -2.533983e-05
   1.057845e-06  -1.540318e-06   1.299878e-10  -3.524858e-01   5.132511e-01  -4.331338e-05
   2.185585e-06   6.940876e-07  -4.256808e-11  -7.282610e-01  -2.312777e-01   1.418416e-05
   1.175182e-06   2.543623e-06  -1.970888e-10  -3.915835e-01  -8.475634e-01   6.567218e-05
  -5.030417e-07   3.176616e-06  -2.579834e-10   1.676191e-01  -1.058484e+00   8.596294e-05
  -2.059441e-06   2.826388e-06  -2.392312e-10   6.862287e-01  -9.417839e-01   7.971448e-05
  -3.152747e-06   1.818992e-06  -1.649495e-10   1.050530e+00  -6.061083e-01   5.496301e-05
  -3.617931e-06   4.450963e-07  -5.747579e-11   1.205535e+00  -1.483110e-01   1.915157e-05
  -3.363627e-06  -1.014279e-06   6.118435e-11   1.120798e+00   3.379689e-01  -2.038731e-05
  -2.351905e-06  -2.232962e-06   1.650801e-10   7.836809e-01   7.440478e-01  -5.500651e-05
  -6.580910e-07  -2.761323e-06   2.176706e-10   2.192832e-01   9.201035e-01  -7.253024e-05
   1.261294e-06  -1.963545e-06   1.651797e-10  -4.202772e-01   6.542750e-01  -5.503971e-05
   1.837186e-06   4.425803e-07  -2.447646e-11  -6.121708e-01  -1.474727e-01   8.155827e-06
  -4.652351e-07   1.829618e-06  -1.496445e-10   1.550215e-01  -6.096490e-01   4.986319e-05
  -2.322446e-06   1.912924e-07  -2.931643e-11   7.738648e-01  -6.374074e-02   9.768559e-06
  -2.122690e-06  -1.880094e-06   1.381365e-10   7.073039e-01   6.264681e-01  -4.602862e-05
  -8.567182e-07  -3.125557e-06   2.457102e-10   2.854680e-01   1.041470e+00  -8.187338e-05
   6.961797e-07  -3.442202e-06   2.804609e-10  -2.319748e-01   1.146980e+00  -9.345268e-05
   2.103018e-06  -2.976877e-06   2.515716e-10  -7.007489e-01   9.919283e-01  -8.382643e-05
   3.094177e-06  -1.917847e-06   1.725316e-10  -1.031014e+00   6.390478e-01  -5.748944e-05
   3.465582e-06  -4.788044e-07   5.926528e-11  -1.154770e+00   1.595429e-01  -1.974785e-05
   3.039769e-06   1.057615e-06  -6.660970e-11  -1.012885e+00  -3.524091e-01   2.219509e-05
   1.691346e-06   2.237837e-06  -1.694428e-10  -5.635754e-01  -7.456723e-01   5.646022e-05
  -4.136101e-07   2.259013e-06  -1.837978e-10   1.378195e-01  -7.527282e-01   6.124348e-05
  -1.857555e-06   2.175746e-07  -2.863084e-11   6.189578e-01  -7.249826e-02   9.540112e-06
  -2.022572e-07  -1.898823e-06   1.511858e-10   6.739434e-02   6.327088e-01  -5.037679e-05
   2.106484e-06  -1.080958e-06   9.942367e-11  -7.019038e-01   3.601873e-01  -3.312907e-05
   2.731372e-06   8.767773e-07  -5.394959e-11  -9.101234e-01  -2.921519e-01   1.797660e-05
   2.084855e-06   2.512422e-06  -1.891155e-10  -6.946967e-01  -8.371671e-01   6.301537e-05
   8.067171e-07   3.432452e-06  -2.706426e-10  -2.688071e-01  -1.143731e+00   9.018111e-05
  -6.623207e-07   3.588409e-06  -2.919920e-10   2.206926e-01  -1.195698e+00   9.729499e-05
  -2.002724e-06   3.033255e-06  -2.554936e-10   6.673300e-01  -1.010714e+00   8.513330e-05
  -2.937682e-06   1.871311e-06  -1.678557e-10   9.788683e-01  -6.235417e-01   5.593139e-05
  -3.180520e-06   2.845752e-07  -4.196236e-11   1.059785e+00  -9.482361e-02   1.398232e-05
  -2.416301e-06  -1.356439e-06   9.434210e-11   8.051382e-01   4.519805e-01  -3.143583e-05
  -4.632331e-07  -2.211662e-06   1.747256e-10   1.543544e-01   7.369503e-01  -5.822051e-05
   1.654548e-06  -8.351891e-07   7.698081e-11  -5.513137e-01   2.782943e-01  -2.565086e-05
   8.648932e-07   1.729345e-06  -1.335994e-10  -2.881920e-01  -5.762369e-01   4.451680e-05
  -1.554132e-06   1.835480e-06  -1.566616e-10   5.178540e-01  -6.116021e-01   5.220139e-05
  -2.885239e-06   3.032045e-07  -4.168227e-11   9.613938e-01  -1.010311e-01   1.388900e-05
  -2.957147e-06  -1.437545e-06   9.760005e-11   9.853542e-01   4.790058e-01  -3.252142e-05
  -2.174145e-06  -2.792866e-06   2.110874e-10   7.244491e-01   9.306139e-01  -7.033665e-05
  -9.038935e-07  -3.538941e-06   2.786053e-10   3.011873e-01   1.179214e+00  -9.283437e-05
   5.467894e-07  -3.587061e-06   2.911893e-10  -1.821963e-01   1.195249e+00  -9.702750e-05
   1.882543e-06  -2.911297e-06   2.449825e-10  -6.272843e-01   9.700765e-01  -8.163089e-05
   2.760031e-06  -1.553637e-06   1.412907e-10  -9.196731e-01   5.176890e-01  -4.707963e-05
   2.722528e-06   2.750917e-07  -5.710739e-12  -9.071766e-01  -9.166360e-02   1.902882e-06
   1.239779e-06   1.845325e-06  -1.406542e-10  -4.131083e-01  -6.148826e-01   4.686753e-05
  -1.259558e-06   1.340390e-06  -1.151541e-10   4.196987e-01  -4.466328e-01   3.837061e-05
  -1.438169e-06  -1.331123e-06   9.819091e-11   4.792140e-01   4.435448e-01  -3.271830e-05
   7.367938e-07  -2.328686e-06   1.913330e-10  -2.455079e-01   7.759441e-01  -6.375426e-05
   2.543825e-06  -1.459975e-06   1.324734e-10  -8.476308e-01   4.864798e-01  -4.414161e-05
   3.309450e-06   8.720431e-08   1.289803e-11  -1.102745e+00  -2.905744e-02  -4.297768e-06
   3.153131e-06   1.635419e-06  -1.123034e-10  -1.050658e+00  -5.449397e-01   3.742072e-05
   2.306151e-06   2.836102e-06  -2.137639e-10  -7.684351e-01  -9.450205e-01   7.122849e-05
   1.003982e-06   3.479574e-06  -2.732387e-10  -3.345379e-01  -1.159433e+00   9.104617e-05
  -4.974902e-07   3.414029e-06  -2.770052e-10   1.657693e-01  -1.137592e+00   9.230119e-05
  -1.863632e-06   2.527916e-06  -2.140981e-10   6.209828e-01  -8.423295e-01   7.133988e-05
  -2.573505e-06   8.210363e-07  -8.136986e-11   8.575205e-01  -2.735784e-01   2.711334e-05
  -1.809246e-06  -1.228832e-06   8.774998e-11   6.028610e-01   4.094606e-01  -2.923927e-05
   7.234642e-07  -1.678964e-06   1.391053e-10  -2.410663e-01   5.594494e-01  -4.635143e-05
   1.843063e-06   7.441252e-07  -4.864348e-11  -6.141289e-01  -2.479508e-01   1.620855e-05
   2.270355e-07   2.469375e-06  -1.968301e-10  -7.565074e-02  -8.228232e-01   6.558596e-05
  -1.752341e-06   2.390884e-06  -2.024307e-10   5.838996e-01  -7.966690e-01   6.745215e-05
  -3.069041e-06   1.298535e-06  -1.226738e-10   1.022638e+00  -4.326864e-01   4.087627e-05
  -3.559976e-06  -1.688672e-07  -7.849886e-12   1.186223e+00   5.626844e-02   2.615669e-06
  -3.284724e-06  -1.608715e-06   1.093689e-10   1.094506e+00   5.360418e-01  -3.644295e-05
  -2.363738e-06  -2.733607e-06   2.051913e-10   7.876238e-01   9.108684e-01  -6.837203e-05
  -9.627188e-07  -3.294760e-06   2.586534e-10   3.207886e-01   1.097851e+00  -8.618617e-05
   6.584697e-07  -3.042863e-06   2.481827e-10  -2.194094e-01   1.013916e+00  -8.269724e-05
   2.009430e-06  -1.751708e-06   1.526753e-10  -6.695644e-01   5.836884e-01  -5.087311e-05
   2.101415e-06   4.625338e-07  -2.448935e-11  -7.002147e-01  -1.541214e-01   8.160123e-06
  -1.102273e-07   1.816787e-06  -1.464803e-10   3.672896e-02  -6.053737e-01   4.880885e-05
  -2.016938e-06  -3.608390e-08  -9.230151e-12   6.720663e-01   1.202356e-02   3.075589e-06
  -1.188250e-06  -2.218816e-06   1.709409e-10   3.959381e-01   7.393342e-01  -5.695939e-05
   6.368878e-07  -2.926443e-06   2.387090e-10  -2.122181e-01   9.751234e-01  -7.954049e-05
   2.269876e-06  -2.468652e-06   2.117840e-10  -7.563478e-01   8.225823e-01  -7.056878e-05
   3.315042e-06  -1.338951e-06   1.273966e-10  -1.104609e+00   4.461533e-01  -4.244996e-05
   3.657994e-06   8.311420e-08   1.532184e-11  -1.218884e+00  -2.769457e-02  -5.105406e-06
   3.283370e-06   1.489579e-06  -9.981509e-11  -1.094055e+00  -4.963444e-01   3.325950e-05
   2.233106e-06   2.582725e-06  -1.938667e-10  -7.440958e-01  -8.605927e-01   6.459854e-05
   6.381691e-07   3.018575e-06  -2.384377e-10  -2.126450e-01  -1.005823e+00   7.945008e-05
  -1.137011e-06   2.371309e-06  -1.971601e-10   3.788646e-01  -7.901465e-01   6.569594e-05
  -2.089864e-06   3.386221e-07  -3.974296e-11   6.963660e-01  -1.128326e-01   1.324279e-05
  -5.100722e-07  -1.742058e-06   1.367530e-10   1.699617e-01   5.804729e-01  -4.556761e-05
   1.923659e-06  -7.039067e-07   6.806187e-11  -6.409844e-01   2.345495e-01  -2.267897e-05
   1.990080e-06   1.600638e-06  -1.165043e-10  -6.631168e-01  -5.333503e-01   3.882053e-05
   6.150944e-07   2.961766e-06  -2.340168e-10  -2.049563e-01  -9.868933e-01   7.797701e-05
  -1.048526e-06   3.206974e-06  -2.636996e-10   3.493804e-01  -1.068599e+00   8.786763e-05
  -2.458559e-06   2.610235e-06  -2.242820e-10   8.192193e-01  -8.697592e-01   7.473326e-05
  -3.356354e-06   1.458782e-06  -1.372628e-10   1.118374e+00  -4.860825e-01   4.573749e-05
  -3.596316e-06   2.114570e-08  -2.331904e-11   1.198332e+00  -7.045981e-03   7.770164e-06
  -3.086802e-06  -1.414112e-06   9.493977e-11   1.028557e+00   4.711977e-01  -3.163498e-05
  -1.798492e-06  -2.471526e-06   1.875547e-10   5.992776e-01   8.235398e-01  -6.249531e-05
   1.086681e-07  -2.591207e-06   2.086267e-10  -3.620942e-02   8.634188e-01  -6.951674e-05
   1.792165e-06  -1.062538e-06   9.605547e-11  -5.971692e-01   3.540494e-01  -3.200675e-05
   1.068164e-06   1.465492e-06  -1.112001e-10  -3.559241e-01  -4.883183e-01   3.705312e-05
  -1.561239e-06   1.375663e-06  -1.197989e-10   5.202221e-01  -4.583863e-01   3.991833e-05
  -2.494017e-06  -7.007352e-07   4.124727e-11   8.310342e-01   2.334927e-01  -1.374405e-05
  -1.786207e-06  -2.477583e-06   1.881147e-10   5.951840e-01   8.255581e-01  -6.268191e-05
  -3.789085e-07  -3.372546e-06   2.684065e-10   1.262565e-01   1.123770e+00  -8.943604e-05
   1.144255e-06  -3.408698e-06   2.804657e-10  -3.812784e-01   1.135816e+00  -9.345430e-05
   2.435271e-06  -2.731816e-06   2.339002e-10  -8.114592e-01   9.102713e-01  -7.793815e-05
   3.248768e-06  -1.519583e-06   1.414959e-10  -1.082525e+00   5.063418e-01  -4.714800e-05
   3.375617e-06   5.649078e-09   1.984157e-11  -1.124793e+00  -1.882335e-03  -6.611431e-06
   2.624469e-06   1.508907e-06  -1.053278e-10  -8.745022e-01  -5.027847e-01   3.509640e-05
   9.047135e-07   2.391417e-06  -1.864987e-10  -3.014606e-01  -7.968466e-01   6.214343e-05
  -1.263765e-06   1.615304e-06  -1.372443e-10   4.211004e-01  -5.382373e-01   4.573133e-05
  -1.502064e-06  -1.018733e-06   7.273398e-11   5.005045e-01   3.394531e-01  -2.423577e-05
   9.654791e-07  -1.881117e-06   1.567854e-10  -3.217084e-01   6.268090e-01  -5.224263e-05
   2.604379e-06  -3.435656e-07   4.323310e-11  -8.678079e-01   1.144799e-01  -1.440575e-05
   2.667078e-06   1.546571e-06  -1.080946e-10  -8.886998e-01  -5.153345e-01   3.601831e-05
   1.755046e-06   2.926936e-06  -2.243677e-10  -5.848007e-01  -9.752875e-01   7.476181e-05
   3.882209e-07   3.583802e-06  -2.853063e-10  -1.293595e-01  -1.194163e+00   9.506721e-05
  -1.065049e-06   3.500587e-06  -2.873646e-10   3.548861e-01  -1.166434e+00   9.575309e-05
  -2.308774e-06   2.730938e-06  -2.330693e-10   7.693092e-01  -9.099788e-01   7.766126e-05
  -3.055594e-06   1.385991e-06  -1.296123e-10   1.018158e+00  -4.618277e-01   4.318825e-05
  -2.981567e-06  -3.071769e-07   6.728535e-12   9.934913e-01   1.023547e-01  -2.242023e-06
  -1.742537e-06  -1.820289e-06   1.356221e-10   5.806325e-01   6.065406e-01  -4.519079e-05
   5.871955e-07  -1.932435e-06   1.586299e-10  -1.956601e-01   6.439086e-01  -5.285724e-05
   1.762795e-06   4.511934e-07  -2.561501e-11  -5.873829e-01  -1.503426e-01   8.535204e-06
  -2.083769e-07   2.138815e-06  -1.729167e-10   6.943350e-02  -7.126769e-01   5.761776e-05
  -2.287083e-06   1.363974e-06  -1.232247e-10   7.620815e-01  -4.544912e-01   4.105982e-05
  -3.094259e-06  -3.232464e-07   7.340767e-12   1.031042e+00   1.077093e-01  -2.446025e-06
  -2.827858e-06  -1.943123e-06   1.389557e-10   9.422737e-01   6.474703e-01  -4.630159e-05
  -1.857128e-06  -3.099407e-06   2.375967e-10   6.188157e-01   1.032757e+00  -7.916986e-05
  -5.008133e-07  -3.623200e-06   2.877914e-10   1.668765e-01   1.207290e+00  -9.589529e-05
   9.527465e-07  -3.435224e-06   2.814434e-10  -3.174657e-01   1.144655e+00  -9.378005e-05
   2.193143e-06  -2.511310e-06   2.147465e-10  -7.307795e-01   8.367965e-01  -7.155591e-05
   2.820218e-06  -9.208405e-07   9.086356e-11  -9.397280e-01   3.068343e-01  -3.027675e-05
   2.279849e-06   9.830098e-07  -6.519060e-11  -7.596709e-01  -3.275498e-01   2.172223e-05
   1.413000e-07   1.984881e-06  -1.584595e-10  -4.708272e-02  -6.613845e-01   5.280045e-05
  -1.819103e-06   1.744489e-07  -2.493833e-11   6.061452e-01  -5.812830e-02   8.309730e-06
  -6.091843e-07  -2.097599e-06   1.646933e-10   2.029870e-01   6.989432e-01  -5.487762e-05
   1.578880e-06  -2.188387e-06   1.851352e-10  -5.261002e-01   7.291948e-01  -6.168909e-05
   2.981104e-06  -9.813489e-07   9.668733e-11  -9.933371e-01   3.269964e-01  -3.221729e-05
   3.397191e-06   5.939380e-07  -2.724551e-11  -1.131982e+00  -1.979067e-01   9.078505e-06
   2.990683e-06   2.041326e-06  -1.458586e-10  -9.965287e-01  -6.801923e-01   4.860171e-05
   1.972759e-06   3.077572e-06  -2.351490e-10  -6.573453e-01  -1.025481e+00   7.835424e-05
   5.679443e-07   3.507306e-06  -2.780860e-10  -1.892454e-01  -1.168673e+00   9.266134e-05
  -9.510562e-07   3.172885e-06  -2.603776e-10   3.169025e-01  -1.057240e+00   8.676069e-05
  -2.181672e-06   1.964069e-06  -1.707552e-10   7.269574e-01  -6.544495e-01   5.689754e-05
  -2.445336e-06  -2.156960e-08  -1.297071e-11   8.148130e-01   7.187231e-03   4.321983e-06
  -8.255162e-07  -1.779657e-06   1.378742e-10   2.750711e-01   5.930014e-01  -4.594122e-05
   1.660915e-06  -7.879389e-07   7.322673e-11  -5.534352e-01   2.625500e-01  -2.439996e-05
   1.370073e-06   1.747110e-06  -1.319880e-10  -4.565235e-01  -5.821564e-01   4.397985e-05
  -5.847511e-07   2.670351e-06  -2.178413e-10   1.948455e-01  -8.897906e-01   7.258713e-05
  -2.335692e-06   2.136090e-06  -1.854879e-10   7.782785e-01  -7.117689e-01   6.180662e-05
  -3.352507e-06   8.782001e-07  -9.064143e-11   1.117092e+00  -2.926260e-01   3.020273e-05
  -3.577641e-06  -6.021982e-07   2.682358e-11   1.192110e+00   2.006591e-01  -8.937914e-06
  -3.078983e-06  -1.965404e-06   1.392342e-10   1.025951e+00   6.548945e-01  -4.639438e-05
  -1.973887e-06  -2.939059e-06   2.240250e-10   6.577210e-01   9.793272e-01  -7.464763e-05
  -4.426459e-07  -3.259946e-06   2.589859e-10   1.474945e-01   1.086250e+00  -8.629699e-05
   1.187810e-06  -2.649614e-06   2.198026e-10  -3.957915e-01   8.828806e-01  -7.324066e-05
   2.229496e-06  -9.099127e-07   8.643493e-11  -7.428929e-01   3.031930e-01  -2.880108e-05
   1.381483e-06   1.355690e-06  -1.005036e-10  -4.603256e-01  -4.517311e-01   3.348890e-05
  -1.301228e-06   1.318088e-06  -1.136147e-10   4.335836e-01  -4.392017e-01   3.785766e-05
  -1.957491e-06  -1.122992e-06   7.836380e-11   6.522576e-01   3.741933e-01  -2.611169e-05
  -5.368133e-07  -2.715726e-06   2.147400e-10   1.788721e-01   9.049099e-01  -7.155375e-05
   1.262060e-06  -2.931026e-06   2.428355e-10  -4.205325e-01   9.766504e-01  -8.091548e-05
   2.694665e-06  -2.204956e-06   1.931734e-10  -8.978923e-01   7.347157e-01  -6.436750e-05
   3.506943e-06  -9.536597e-07   9.762641e-11  -1.168552e+00   3.177700e-01  -3.253020e-05
   3.615857e-06   4.931060e-07  -1.783794e-11  -1.204844e+00  -1.643084e-01   5.943798e-06
   3.009245e-06   1.839734e-06  -1.295670e-10  -1.002714e+00  -6.130198e-01   4.317317e-05
   1.736998e-06   2.766574e-06  -2.116054e-10  -5.787870e-01  -9.218533e-01   7.050927e-05
  -1.733559e-08   2.871191e-06  -2.305495e-10   5.776409e-03  -9.567126e-01   7.682165e-05
  -1.682378e-06   1.670150e-06  -1.441631e-10   5.605870e-01  -5.565124e-01   4.803673e-05
  -1.746715e-06  -7.761348e-07   5.179188e-11   5.820250e-01   2.586167e-01  -1.725763e-05
   7.760816e-07  -1.700053e-06   1.411143e-10  -2.585990e-01   5.664764e-01  -4.702084e-05
   2.273223e-06   3.052576e-07  -1.083322e-11  -7.574632e-01  -1.017152e-01   3.609748e-06
   1.598796e-06   2.301601e-06  -1.751170e-10  -5.327364e-01  -7.669190e-01   5.835092e-05
   5.603979e-08   3.216033e-06  -2.577858e-10  -1.867308e-02  -1.071618e+00   8.589708e-05
  -1.537387e-06   3.141269e-06  -2.613652e-10   5.122746e-01  -1.046706e+00   8.708978e-05
  -2.788923e-06   2.339005e-06  -2.044990e-10   9.293002e-01  -7.793824e-01   6.814134e-05
  -3.485568e-06   1.066737e-06  -1.065736e-10   1.161430e+00  -3.554486e-01   3.551152e-05
  -3.488478e-06  -4.146863e-07   1.230971e-11   1.162400e+00   1.381781e-01  -4.101732e-06
  -2.703578e-06  -1.790592e-06   1.274606e-10   9.008621e-01   5.966452e-01  -4.247129e-05
  -1.126923e-06  -2.604918e-06   2.022986e-10   3.755034e-01   8.679877e-01  -6.740813e-05
   9.020237e-07  -2.151856e-06   1.781338e-10  -3.005643e-01   7.170223e-01  -5.935614e-05
   1.885749e-06   1.186260e-07   1.816478e-12  -6.283525e-01  -3.952751e-02  -6.052707e-07
  -1.422886e-07   1.882737e-06  -1.519662e-10   4.741214e-02  -6.273488e-01   5.063683e-05
  -2.254697e-06   5.906988e-07  -6.096595e-11   7.512902e-01  -1.968274e-01   2.031453e-05
  -2.416997e-06  -1.483619e-06   1.045455e-10   8.053702e-01   4.943584e-01  -3.483573e-05
  -1.386441e-06  -2.929656e-06   2.268021e-10   4.619776e-01   9.761939e-01  -7.557299e-05
   8.780252e-08  -3.510985e-06   2.823238e-10  -2.925677e-02   1.169899e+00  -9.407342e-05
   1.554001e-06  -3.296967e-06   2.739615e-10  -5.178104e-01   1.098586e+00  -9.128703e-05
   2.713971e-06  -2.426095e-06   2.110384e-10  -9.043252e-01   8.084019e-01  -7.032033e-05
   3.329585e-06  -1.073322e-06   1.061643e-10  -1.109455e+00   3.576427e-01  -3.537513e-05
   3.176895e-06   5.138220e-07  -2.213977e-11  -1.058577e+00  -1.712112e-01   7.377217e-06
   2.053535e-06   1.910267e-06  -1.409740e-10  -6.842606e-01  -6.365221e-01   4.697411e-05
  -1.623033e-08   2.296031e-06  -1.843798e-10   5.408127e-03  -7.650630e-01   6.143740e-05
  -1.791858e-06   5.349915e-07  -5.371212e-11   5.970671e-01  -1.782651e-01   1.789748e-05
  -5.272847e-07  -1.835629e-06   1.441596e-10   1.756971e-01   6.116519e-01  -4.803559e-05
   1.887815e-06  -1.429748e-06   1.261033e-10  -6.290408e-01   4.764081e-01  -4.201902e-05
   2.842476e-06   3.897236e-07  -1.419008e-11  -9.471444e-01  -1.298602e-01   4.728294e-06
   2.489602e-06   2.112523e-06  -1.545856e-10  -8.295630e-01  -7.039160e-01   5.150964e-05
   1.390648e-06   3.240349e-06  -2.517134e-10  -4.633793e-01  -1.079720e+00   8.387372e-05
  -2.895478e-08   3.648955e-06  -2.930436e-10   9.648054e-03  -1.215872e+00   9.764539e-05
  -1.445391e-06   3.334941e-06  -2.763564e-10   4.816202e-01  -1.111239e+00   9.208504e-05
  -2.567919e-06   2.352904e-06  -2.042858e-10   8.556591e-01  -7.840137e-01   6.807031e-05
  -3.082519e-06   8.322634e-07  -8.533127e-11   1.027130e+00  -2.773194e-01   2.843333e-05
  -2.614514e-06  -9.166783e-07   5.785466e-11   8.711851e-01   3.054474e-01  -1.927782e-05
  -8.389276e-07  -2.097640e-06   1.633153e-10   2.795400e-01   6.989571e-01  -5.441848e-05
   1.485348e-06  -1.108184e-06   9.787447e-11  -4.949344e-01   3.692593e-01  -3.261286e-05
   1.150849e-06   1.554178e-06  -1.178211e-10  -3.834757e-01  -5.178694e-01   3.925929e-05
  -1.212933e-06   2.077360e-06  -1.740239e-10   4.041626e-01  -6.921994e-01   5.798668e-05
  -2.789285e-06   7.992686e-07  -8.092008e-11   9.294209e-01  -2.663252e-01   2.696347e-05
  -3.162100e-06  -9.023947e-07   5.341604e-11   1.053647e+00   3.006879e-01  -1.779882e-05
  -2.626279e-06  -2.372941e-06   1.746654e-10   8.751054e-01   7.906903e-01  -5.820043e-05
  -1.504879e-06  -3.328177e-06   2.580759e-10   5.014423e-01   1.108986e+00  -8.599375e-05
  -8.456945e-08  -3.627425e-06   2.906331e-10   2.817948e-02   1.208698e+00  -9.684217e-05
   1.348286e-06  -3.193786e-06   2.644434e-10  -4.492638e-01   1.064205e+00  -8.811547e-05
   2.448195e-06  -2.008919e-06   1.759574e-10  -8.157656e-01   6.693943e-01  -5.863096e-05
   2.728536e-06  -2.011676e-07   3.255053e-11  -9.091786e-01   6.703126e-02  -1.084620e-05
   1.540133e-06   1.602557e-06  -1.193635e-10  -5.131895e-01  -5.339896e-01   3.977325e-05
  -1.009171e-06   1.537565e-06  -1.294742e-10   3.362671e-01  -5.123339e-01   4.314225e-05
  -1.646844e-06  -1.062774e-06   7.539835e-11   5.487467e-01   3.541282e-01  -2.512357e-05
   3.222735e-07  -2.421598e-06   1.962980e-10  -1.073851e-01   8.069033e-01  -6.540866e-05
   2.252255e-06  -1.879443e-06   1.643874e-10  -7.504765e-01   6.262511e-01  -5.477571e-05
   3.274611e-06  -4.887470e-07   5.891513e-11  -1.091137e+00   1.628559e-01  -1.963118e-05
   3.389399e-06   1.062984e-06  -6.493854e-11  -1.129385e+00  -3.541980e-01   2.163824e-05
   2.763747e-06   2.392434e-06  -1.754034e-10  -9.209111e-01  -7.971856e-01   5.844636e-05
   1.593055e-06   3.252216e-06  -2.514490e-10  -5.308235e-01  -1.083675e+00   8.378561e-05
   1.029231e-07   3.448329e-06  -2.761482e-10  -3.429512e-02  -1.149021e+00   9.201566e-05
  -1.396419e-06   2.812705e-06  -2.341467e-10   4.653025e-01  -9.372246e-01   7.802028e-05
  -2.391754e-06   1.254626e-06  -1.150776e-10   7.969588e-01  -4.180553e-01   3.834512e-05
  -1.994178e-06  -8.970196e-07   6.000643e-11   6.644822e-01   2.988969e-01  -1.999481e-05
   4.227709e-07  -1.778520e-06   1.452880e-10  -1.408719e-01   5.926226e-01  -4.841156e-05
   1.944300e-06   4.144607e-07  -2.157555e-11  -6.478622e-01  -1.381029e-01   7.189213e-06
   6.516037e-07   2.393147e-06  -1.881593e-10  -2.171216e-01  -7.974231e-01   6.269676e-05
  -1.311096e-06   2.659025e-06  -2.212992e-10   4.368718e-01  -8.860167e-01   7.373935e-05
  -2.797201e-06   1.811826e-06  -1.622368e-10   9.320585e-01  -6.037206e-01   5.405910e-05
  -3.535349e-06   4.520152e-07  -5.753460e-11   1.178017e+00  -1.506165e-01   1.917117e-05
  -3.514246e-06  -1.013713e-06   6.023336e-11   1.170986e+00   3.377803e-01  -2.007042e-05
  -2.802532e-06  -2.281433e-06   1.662611e-10   9.338346e-01   7.601988e-01  -5.540006e-05
  -1.520126e-06  -3.077321e-06   2.378502e-10   5.065230e-01   1.025397e+00  -7.925431e-05
   1.203387e-07  -3.110610e-06   2.503848e-10  -4.009820e-02   1.036490e+00  -8.343101e-05
   1.674999e-06  -2.073213e-06   1.764691e-10  -5.581282e-01   6.908177e-01  -5.880146e-05
   2.149298e-06   9.196580e-08   5.540780e-12  -7.161701e-01  -3.064402e-02  -1.846249e-06
   2.049896e-07   1.808464e-06  -1.439170e-10  -6.830480e-02  -6.026002e-01   4.795476e-05
  -1.993198e-06   3.131878e-07  -3.712038e-11   6.641556e-01  -1.043576e-01   1.236892e-05
  -1.555079e-06  -1.979701e-06   1.495437e-10   5.181695e-01   6.596584e-01  -4.982963e-05
   1.194419e-07  -2.992953e-06   2.409362e-10  -3.979937e-02   9.972853e-01  -8.028261e-05
   1.806909e-06  -2.825501e-06   2.376417e-10  -6.020820e-01   9.414883e-01  -7.918484e-05
   3.032226e-06  -1.894440e-06   1.702805e-10  -1.010371e+00   6.312485e-01  -5.673935e-05
   3.616838e-06  -5.535438e-07   6.617334e-11  -1.205171e+00   1.844469e-01  -2.204969e-05
   3.492079e-06   8.966260e-07  -5.096912e-11  -1.163599e+00  -2.987657e-01   1.698348e-05
   2.647475e-06   2.155568e-06  -1.570913e-10  -8.821680e-01  -7.182591e-01   5.234456e-05
   1.152229e-06   2.861673e-06  -2.227539e-10  -3.839355e-01  -9.535411e-01   7.422406e-05
  -7.085782e-07   2.532068e-06  -2.074870e-10   2.361061e-01  -8.437132e-01   6.913697e-05
  -1.999371e-06   6.948761e-07  -6.779227e-11   6.662125e-01  -2.315404e-01   2.258914e-05
  -8.030592e-07  -1.627845e-06   1.258246e-10   2.675882e-01   5.424160e-01  -4.192617e-05
   1.773331e-06  -1.026122e-06   9.301943e-11  -5.908934e-01   3.419151e-01  -3.099510e-05
   2.237797e-06   1.231725e-06  -8.540560e-11  -7.456589e-01  -4.104244e-01   2.845809e-05
   1.119865e-06   2.810448e-06  -2.188371e-10  -3.731513e-01  -9.364723e-01   7.291894e-05
  -4.757892e-07   3.340577e-06  -2.709794e-10   1.585383e-01  -1.113117e+00   9.029333e-05
  -1.967906e-06   2.997687e-06  -2.524295e-10   6.557283e-01  -9.988624e-01   8.411230e-05
  -3.051946e-06   2.019608e-06  -1.804451e-10   1.016942e+00  -6.729557e-01   6.012633e-05
  -3.537863e-06   6.454357e-07  -7.307388e-11   1.178855e+00  -2.150663e-01   2.434903e-05
  -3.285217e-06  -8.565711e-07   4.899797e-11   1.094671e+00   2.854190e-01  -1.632667e-05
  -2.199849e-06  -2.121649e-06   1.570602e-10   7.330141e-01   7.069571e-01  -5.233419e-05
  -3.420760e-07  -2.570351e-06   2.042429e-10   1.139835e-01   8.564696e-01  -6.805600e-05
   1.581077e-06  -1.356193e-06   1.183555e-10  -5.268323e-01   4.518987e-01  -3.943737e-05
   1.305059e-06   1.259150e-06  -9.321462e-11  -4.348600e-01  -4.195628e-01   3.106014e-05
  -1.300071e-06   1.625270e-06  -1.382625e-10   4.331980e-01  -5.415581e-01   4.607060e-05
  -2.578196e-06  -2.578636e-07   5.195750e-12   8.590835e-01   8.592301e-02  -1.731281e-06
  -2.189337e-06  -2.130268e-06   1.578151e-10   7.295113e-01   7.098289e-01  -5.258574e-05
  -9.588347e-07  -3.255759e-06   2.555464e-10   3.194944e-01   1.084855e+00  -8.515091e-05
   5.348353e-07  -3.555752e-06   2.886045e-10  -1.782131e-01   1.184816e+00  -9.616622e-05
   1.923733e-06  -3.113291e-06   2.614424e-10  -6.410092e-01   1.037383e+00  -8.711551e-05
   2.935355e-06  -2.060674e-06   1.830402e-10  -9.780929e-01   6.866394e-01  -6.099103e-05
   3.325068e-06  -5.805219e-07   6.658445e-11  -1.107950e+00   1.934363e-01  -2.218668e-05
   2.846136e-06   1.030454e-06  -6.559384e-11  -9.483643e-01  -3.433585e-01   2.185659e-05
   1.305259e-06   2.198012e-06  -1.685676e-10  -4.349267e-01  -7.324020e-01   5.616860e-05
  -9.652372e-07   1.809127e-06  -1.510059e-10   3.216277e-01  -6.028212e-01   5.031686e-05
  -1.655383e-06  -7.442227e-07   4.977968e-11   5.515918e-01   2.479833e-01  -1.658714e-05
   6.256657e-07  -2.020185e-06   1.659042e-10  -2.084787e-01   6.731482e-01  -5.528111e-05
   2.505829e-06  -7.899962e-07   7.847166e-11  -8.349701e-01   2.632355e-01  -2.614763e-05
   2.895357e-06   1.060351e-06  -6.769752e-11  -9.647651e-01  -3.533207e-01   2.255756e-05
   2.236790e-06   2.577896e-06  -1.934570e-10  -7.453234e-01  -8.589836e-01   6.446202e-05
   1.004818e-06   3.462010e-06  -2.718239e-10  -3.348165e-01  -1.153580e+00   9.057474e-05
  -4.408063e-07   3.632359e-06  -2.941877e-10   1.468816e-01  -1.210342e+00   9.802662e-05
  -1.799298e-06   3.090306e-06  -2.588495e-10   5.995460e-01  -1.029724e+00   8.625151e-05
  -2.768310e-06   1.895334e-06  -1.687655e-10   9.224317e-01  -6.315465e-01   5.623455e-05
  -2.989250e-06   2.148223e-07  -3.521394e-11   9.960512e-01  -7.158118e-02   1.173368e-05
  -2.031238e-06  -1.490487e-06   1.074161e-10   6.768312e-01   4.966470e-01  -3.579223e-05
   2.442433e-07  -2.004460e-06   1.623488e-10  -8.138458e-02   6.679082e-01  -5.409643e-05
   1.814295e-06   1.401764e-07  -3.427805e-13  -6.045433e-01  -4.670835e-02   1.142183e-07
   1.648394e-07   2.143062e-06  -1.710137e-10  -5.492631e-02  -7.140919e-01   5.698366e-05
  -2.016312e-06   1.740148e-06  -1.517889e-10   6.718576e-01  -5.798365e-01   5.057774e-05
  -3.103757e-06   2.187268e-07  -3.621576e-11   1.034206e+00  -7.288218e-02   1.206749e-05
  -3.122529e-06  -1.422641e-06   9.540952e-11   1.040461e+00   4.740397e-01  -3.179151e-05
  -2.367306e-06  -2.729810e-06   2.048651e-10   7.888126e-01   9.096031e-01  -6.826333e-05
  -1.122541e-06  -3.481110e-06   2.726492e-10   3.740432e-01   1.159945e+00  -9.084973e-05
   3.416218e-07  -3.548341e-06   2.868480e-10  -1.138322e-01   1.182347e+00  -9.558095e-05
   1.723662e-06  -2.853717e-06   2.394058e-10  -5.743433e-01   9.508902e-01  -7.977269e-05
   2.617314e-06  -1.396024e-06   1.277825e-10  -8.721181e-01   4.651706e-01  -4.257853e-05
   2.415227e-06   5.729896e-07  -3.146795e-11  -8.047804e-01  -1.909265e-01   1.048547e-05
   4.821425e-07   1.930226e-06  -1.520236e-10  -1.606552e-01  -6.431728e-01   5.065594e-05
  -1.761804e-06   4.858559e-07  -4.958775e-11   5.870527e-01  -1.618926e-01   1.652319e-05
  -9.631759e-07  -1.960950e-06   1.515974e-10   3.209409e-01   6.534103e-01  -5.051394e-05
   1.175704e-06  -2.429418e-06   2.020567e-10  -3.917577e-01   8.095092e-01  -6.732753e-05
   2.765831e-06  -1.484047e-06   1.357402e-10  -9.216055e-01   4.945010e-01  -4.523015e-05
   3.448938e-06  -5.022610e-09   2.113891e-11  -1.149224e+00   1.673589e-03  -7.043721e-06
   3.299873e-06   1.490879e-06  -9.982016e-11  -1.099554e+00  -4.967773e-01   3.326118e-05
   2.477321e-06   2.688099e-06  -2.008559e-10  -8.254708e-01  -8.957045e-01   6.692742e-05
   1.168402e-06   3.355215e-06  -2.622689e-10  -3.893245e-01  -1.117995e+00   8.739092e-05
  -3.857033e-07   3.289536e-06  -2.663411e-10   1.285206e-01  -1.096110e+00   8.874782e-05
  -1.807571e-06   2.312480e-06  -1.964699e-10   6.023028e-01  -7.705439e-01   6.546597e-05
  -2.411619e-06   4.023329e-07  -4.679092e-11   8.035782e-01  -1.340618e-01   1.559126e-05
  -1.120424e-06  -1.609948e-06   1.224801e-10   3.733377e-01   5.364524e-01  -4.081173e-05
   1.500092e-06  -1.062920e-06   9.433010e-11  -4.998472e-01   3.541766e-01  -3.143184e-05
   1.652129e-06   1.483925e-06  -1.091687e-10  -5.505079e-01  -4.944604e-01   3.637622e-05
  -1.128370e-07   2.731745e-06  -2.199316e-10   3.759855e-02  -9.102479e-01   7.328365e-05
  -1.929666e-06   2.509358e-06  -2.130057e-10   6.429860e-01  -8.361459e-01   7.097586e-05
  -3.149256e-06   1.447136e-06  -1.350829e-10   1.049367e+00  -4.822017e-01   4.501113e-05
  -3.627944e-06   2.836894e-08  -2.408894e-11   1.208871e+00  -9.452847e-03   8.026703e-06
  -3.373530e-06  -1.400698e-06   9.213929e-11   1.124097e+00   4.667281e-01  -3.070184e-05
  -2.454215e-06  -2.551460e-06   1.900279e-10   8.177717e-01   8.501746e-01  -6.331942e-05
  -1.001806e-06  -3.133310e-06   2.454602e-10   3.338128e-01   1.044054e+00  -8.179007e-05
   7.100249e-07  -2.815103e-06   2.302124e-10  -2.365882e-01   9.380236e-01  -7.670933e-05
   2.037764e-06  -1.282105e-06   1.151548e-10  -6.790055e-01   4.272116e-01  -3.837085e-05
   1.594660e-06   1.096447e-06  -7.841468e-11  -5.313584e-01  -3.653482e-01   2.612864e-05
  -1.054236e-06   1.523111e-06  -1.285851e-10   3.512830e-01  -5.075176e-01   4.284597e-05
  -2.122783e-06  -7.673381e-07   4.882484e-11   7.073347e-01   2.556856e-01  -1.626898e-05
  -9.998241e-07  -2.581887e-06   2.012142e-10   3.331525e-01   8.603133e-01  -6.704680e-05
   7.341924e-07  -3.105927e-06   2.536996e-10  -2.446411e-01   1.034929e+00  -8.453552e-05
   2.270937e-06  -2.639567e-06   2.255083e-10  -7.567013e-01   8.795331e-01  -7.514186e-05
   3.288059e-06  -1.548334e-06   1.440397e-10  -1.095618e+00   5.159221e-01  -4.799563e-05
   3.646494e-06  -1.424541e-07   3.335709e-11  -1.215052e+00   4.746730e-02  -1.111495e-05
   3.282862e-06   1.289090e-06  -8.372666e-11  -1.093886e+00  -4.295393e-01   2.789865e-05
   2.190716e-06   2.422783e-06  -1.812844e-10  -7.299709e-01  -8.072982e-01   6.040599e-05
   4.809319e-07   2.830251e-06  -2.242679e-10  -1.602519e-01  -9.430711e-01   7.472856e-05
  -1.367407e-06   1.935900e-06  -1.635989e-10   4.556352e-01  -6.450635e-01   5.451296e-05
  -1.854236e-06  -4.626803e-07   2.598720e-11   6.178521e-01   1.541702e-01  -8.659224e-06
   4.709302e-07  -1.808749e-06   1.480037e-10  -1.569192e-01   6.026953e-01  -4.931649e-05
   2.292220e-06  -9.295739e-08   2.124222e-11  -7.637932e-01   3.097443e-02  -7.078142e-06
   1.974071e-06   1.989725e-06  -1.478292e-10  -6.577822e-01  -6.629984e-01   4.925832e-05
   6.135316e-07   3.157793e-06  -2.497596e-10  -2.044355e-01  -1.052212e+00   8.322267e-05
  -9.685505e-07   3.360715e-06  -2.755582e-10   3.227318e-01  -1.119828e+00   9.181905e-05
  -2.340298e-06   2.787927e-06  -2.378328e-10   7.798133e-01  -9.289682e-01   7.924853e-05
  -3.247243e-06   1.655928e-06  -1.524299e-10   1.082018e+00  -5.517735e-01   5.079134e-05
  -3.507301e-06   1.974451e-07  -3.693387e-11   1.168672e+00  -6.579091e-02   1.230677e-05
  -2.973089e-06  -1.293937e-06   8.597806e-11   9.906661e-01   4.311541e-01  -2.864884e-05
  -1.561452e-06  -2.369596e-06   1.807989e-10   5.202933e-01   7.895758e-01  -6.024419e-05
   5.156516e-07  -2.275081e-06   1.857010e-10  -1.718208e-01   7.580823e-01  -6.187763e-05
   1.877636e-06  -2.088005e-07   2.804735e-11  -6.256491e-01   6.957464e-02  -9.345688e-06
   1.850256e-07   1.879284e-06  -1.497212e-10  -6.165260e-02  -6.261984e-01   4.988878e-05
  -2.118779e-06   9.724184e-07  -9.078606e-11   7.060007e-01  -3.240206e-01   3.025092e-05
  -2.638104e-06  -1.042037e-06   6.777430e-11   8.790455e-01   3.472184e-01  -2.258315e-05
  -1.874160e-06  -2.644741e-06   2.010023e-10   6.244908e-01   8.812571e-01  -6.697619e-05
  -5.233078e-07  -3.473065e-06   2.756061e-10   1.743720e-01   1.157264e+00  -9.183502e-05
   9.577216e-07  -3.516832e-06   2.880232e-10  -3.191235e-01   1.171847e+00  -9.597254e-05
   2.251272e-06  -2.860570e-06   2.431280e-10  -7.501488e-01   9.531737e-01  -8.101294e-05
   3.092420e-06  -1.635156e-06   1.498319e-10  -1.030429e+00   5.448521e-01  -4.992566e-05
   3.217537e-06  -4.546313e-08   2.299348e-11  -1.072119e+00   1.514882e-02  -7.661683e-06
   2.353371e-06   1.524901e-06  -1.082414e-10  -7.841694e-01  -5.081140e-01   3.606725e-05
   3.814735e-07   2.263693e-06  -1.793933e-10  -1.271112e-01  -7.542878e-01   5.977583e-05
  -1.672355e-06   8.362583e-07  -7.717368e-11   5.572471e-01  -2.786505e-01   2.571513e-05
  -8.365598e-07  -1.717224e-06   1.327969e-10   2.787510e-01   5.721981e-01  -4.424940e-05
   1.611984e-06  -1.735458e-06   1.489815e-10  -5.371311e-01   5.782737e-01  -4.964230e-05
   2.867408e-06  -1.092931e-07   2.601150e-11  -9.554521e-01   3.641768e-02  -8.667321e-06
   2.818808e-06   1.648385e-06  -1.153541e-10  -9.392582e-01  -5.492602e-01   3.843726e-05
   1.932369e-06   2.949738e-06  -2.251317e-10  -6.438869e-01  -9.828856e-01   7.501640e-05
   6.053088e-07   3.598565e-06  -2.851860e-10  -2.016956e-01  -1.199082e+00   9.502714e-05
  -8.441403e-07   3.535231e-06  -2.888171e-10   2.812769e-01  -1.177978e+00   9.623706e-05
  -2.120166e-06   2.762941e-06  -2.345039e-10   7.064629e-01  -9.206427e-01   7.813931e-05
  -2.890954e-06   1.354571e-06  -1.261006e-10   9.632980e-01  -4.513581e-01   4.201811e-05
  -2.733437e-06  -4.492806e-07   1.962577e-11   9.108115e-01   1.497053e-01  -6.539525e-06
  -1.189137e-06  -1.920341e-06   1.469795e-10   3.962338e-01   6.398789e-01  -4.897521e-05
   1.271580e-06  -1.347842e-06   1.158245e-10  -4.237046e-01   4.491160e-01  -3.859400e-05
   1.402285e-06   1.332205e-06  -9.849354e-11  -4.672571e-01  -4.439055e-01   3.281914e-05
  -8.349155e-07   2.256516e-06  -1.861304e-10   2.782031e-01  -7.518962e-01   6.202072e-05
  -2.608701e-06   1.271232e-06  -1.177147e-10   8.692480e-01  -4.235885e-01   3.922385e-05
  -3.271041e-06  -3.397383e-07   7.601575e-12   1.089947e+00   1.132046e-01  -2.532929e-06
  -2.998630e-06  -1.880850e-06   1.329309e-10   9.991767e-01   6.267201e-01  -4.429404e-05
  -2.060125e-06  -3.016224e-06   2.296998e-10   6.864565e-01   1.005039e+00  -7.653854e-05
  -7.133276e-07  -3.557514e-06   2.812417e-10   2.376887e-01   1.185403e+00  -9.371287e-05
   7.731248e-07  -3.379194e-06   2.758664e-10  -2.576138e-01   1.125985e+00  -9.192175e-05
   2.062106e-06  -2.403120e-06   2.052752e-10  -6.871166e-01   8.007464e-01  -6.839998e-05
   2.651876e-06  -6.711752e-07   6.981301e-11  -8.836345e-01   2.236430e-01  -2.326247e-05
   1.793882e-06   1.311529e-06  -9.447970e-11  -5.977413e-01  -4.370161e-01   3.148168e-05
  -7.285314e-07   1.688544e-06  -1.399047e-10   2.427548e-01  -5.626417e-01   4.661780e-05
  -1.806039e-06  -7.623497e-07   5.032881e-11   6.017921e-01   2.540234e-01  -1.677012e-05
  -1.021598e-07  -2.441293e-06   1.953269e-10   3.404078e-02   8.134659e-01  -6.508510e-05
   1.892280e-06  -2.242012e-06   1.913235e-10  -6.305288e-01   7.470634e-01  -6.375110e-05
   3.140294e-06  -1.049951e-06   1.031505e-10  -1.046381e+00   3.498555e-01  -3.437090e-05
   3.522662e-06   4.581870e-07  -1.559561e-11  -1.173790e+00  -1.526730e-01   5.196630e-06
   3.137325e-06   1.876022e-06  -1.317095e-10  -1.045392e+00  -6.251115e-01   4.388708e-05
   2.133669e-06   2.926005e-06  -2.220166e-10  -7.109622e-01  -9.749774e-01   7.397840e-05
   7.001318e-07   3.377847e-06  -2.669007e-10  -2.332917e-01  -1.125536e+00   8.893429e-05
  -8.869245e-07   3.012056e-06  -2.470836e-10   2.955331e-01  -1.003650e+00   8.233101e-05
  -2.137615e-06   1.650065e-06  -1.452881e-10   7.122771e-01  -5.498201e-01   4.841160e-05
  -2.118874e-06  -5.382872e-07   3.046444e-11   7.060322e-01   1.793633e-01  -1.015109e-05
   1.094281e-07  -1.824676e-06   1.471086e-10  -3.646264e-02   6.080024e-01  -4.901823e-05
   1.987044e-06   7.219525e-08   6.152080e-12  -6.621052e-01  -2.405626e-02  -2.049941e-06
   1.056620e-06   2.244476e-06  -1.737917e-10  -3.520777e-01  -7.478843e-01   5.790933e-05
  -8.299534e-07   2.846565e-06  -2.334586e-10   2.765497e-01  -9.485069e-01   7.779100e-05
  -2.440340e-06   2.270161e-06  -1.968778e-10   8.131485e-01  -7.564429e-01   6.560186e-05
  -3.403255e-06   1.059210e-06  -1.054746e-10   1.134002e+00  -3.529405e-01   3.514531e-05
  -3.636929e-06  -3.878826e-07   9.265893e-12   1.211865e+00   1.292468e-01  -3.087498e-06
  -3.156107e-06  -1.759932e-06   1.222791e-10   1.051650e+00   5.864289e-01  -4.074474e-05
  -2.031273e-06  -2.766412e-06   2.098231e-10   6.768426e-01   9.217992e-01  -6.991539e-05
  -4.213210e-07  -3.083934e-06   2.449872e-10   1.403888e-01   1.027601e+00  -8.163245e-05
   1.289957e-06  -2.331821e-06   1.949103e-10  -4.298279e-01   7.769888e-01  -6.494628e-05
   2.132350e-06  -2.812192e-07   3.539117e-11  -7.105228e-01   9.370537e-02  -1.179273e-05
   5.140249e-07   1.745863e-06  -1.370346e-10  -1.712788e-01  -5.817409e-01   4.566146e-05
  -1.909420e-06   6.531640e-07  -6.390360e-11   6.362399e-01  -2.176415e-01   2.129339e-05
  -1.874981e-06  -1.680576e-06   1.236123e-10   6.247644e-01   5.599867e-01  -4.118899e-05
  -4.017637e-07  -2.968663e-06   2.358530e-10   1.338721e-01   9.891916e-01  -7.858885e-05
   1.288972e-06  -3.096566e-06   2.562837e-10  -4.294998e-01   1.031810e+00  -8.539658e-05
   2.657214e-06  -2.392387e-06   2.079916e-10  -8.854132e-01   7.971698e-01  -6.930512e-05
   3.465720e-06  -1.173377e-06   1.150134e-10  -1.154816e+00   3.909823e-01  -3.832373e-05
   3.594623e-06   2.764541e-07  -5.768564e-13  -1.197768e+00  -9.211756e-02   1.922150e-07
   2.981351e-06   1.662981e-06  -1.155483e-10  -9.934191e-01  -5.541238e-01   3.850199e-05
   1.631200e-06   2.617964e-06  -2.003138e-10  -5.435340e-01  -8.723348e-01   6.674680e-05
  -2.588439e-07   2.616105e-06  -2.115280e-10   8.624967e-02  -8.717151e-01   7.048347e-05
  -1.848648e-06   1.030036e-06  -9.378641e-11   6.159902e-01  -3.432194e-01   3.125067e-05
  -1.071932e-06  -1.464784e-06   1.111207e-10   3.571795e-01   4.880823e-01  -3.702664e-05
   1.569513e-06  -1.317550e-06   1.151844e-10  -5.229790e-01   4.390223e-01  -3.838073e-05
   2.417860e-06   8.253853e-07  -5.170971e-11  -8.056577e-01  -2.750275e-01   1.723025e-05
   1.590778e-06   2.573801e-06  -1.970123e-10  -5.300649e-01  -8.576190e-01   6.564668e-05
   1.114911e-07   3.372706e-06  -2.700272e-10  -3.715006e-02  -1.123823e+00   8.997606e-05
  -1.417396e-06   3.294042e-06  -2.729055e-10   4.722921e-01  -1.097611e+00   9.093513e-05
  -2.654750e-06   2.519033e-06  -2.181416e-10   8.845923e-01  -8.393696e-01   7.268719e-05
  -3.371873e-06   1.250064e-06  -1.206041e-10   1.123545e+00  -4.165352e-01   4.018663e-05
  -3.383799e-06  -2.730901e-07   1.574384e-12   1.127519e+00   9.099667e-02  -5.246022e-07
  -2.534356e-06  -1.707480e-06   1.218073e-10   8.444756e-01   5.689513e-01  -4.058754e-05
  -7.823011e-07  -2.471698e-06   1.936781e-10   2.606714e-01   8.235971e-01  -6.453569e-05
   1.322437e-06  -1.608865e-06   1.370803e-10  -4.406508e-01   5.360918e-01  -4.567667e-05
   1.502787e-06   1.015020e-06  -7.243166e-11  -5.007452e-01  -3.382160e-01   2.413503e-05
  -9.996084e-07   1.825991e-06  -1.525661e-10   3.330806e-01  -6.084405e-01   5.083673e-05
  -2.584335e-06   1.929779e-07  -3.102624e-11   8.611289e-01  -6.430239e-02   1.033829e-05
  -2.526117e-06  -1.718212e-06   1.227182e-10   8.417303e-01   5.725274e-01  -4.089107e-05
  -1.509713e-06  -3.040031e-06   2.349199e-10   5.030531e-01   1.012972e+00  -7.827791e-05
  -9.088409e-08  -3.594723e-06   2.879704e-10   3.028359e-02   1.197802e+00  -9.595495e-05
   1.353710e-06  -3.400113e-06   2.810360e-10  -4.510712e-01   1.132955e+00  -9.364431e-05
   2.532741e-06  -2.539088e-06   2.190177e-10  -8.439375e-01   8.460525e-01  -7.297914e-05
   3.173517e-06  -1.148968e-06   1.112975e-10  -1.057451e+00   3.828489e-01  -3.708555e-05
   2.981396e-06   5.208569e-07  -2.387978e-11  -9.934343e-01  -1.735553e-01   7.957008e-06
   1.666154e-06   1.938160e-06  -1.455418e-10  -5.551809e-01  -6.458166e-01   4.849615e-05
  -6.377592e-07   1.948384e-06  -1.602140e-10   2.125084e-01  -6.492233e-01   5.338510e-05
  -1.759026e-06  -4.473644e-07   2.533035e-11   5.861268e-01   1.490668e-01  -8.440354e-06
   2.668435e-07  -2.098394e-06   1.700240e-10  -8.891523e-02   6.992083e-01  -5.665388e-05
   2.331348e-06  -1.212658e-06   1.113460e-10  -7.768309e-01   4.040712e-01  -3.710173e-05
   3.035805e-06   5.418296e-07  -2.523596e-11  -1.011564e+00  -1.805436e-01   8.408902e-06
   2.650636e-06   2.150476e-06  -1.566636e-10  -8.832215e-01  -7.165625e-01   5.220205e-05
   1.590907e-06   3.234965e-06  -2.500773e-10  -5.301080e-01  -1.077926e+00   8.332854e-05
   1.968335e-07   3.653697e-06  -2.920667e-10  -6.558710e-02  -1.217452e+00   9.731987e-05
  -1.235171e-06   3.355714e-06  -2.767598e-10   4.115726e-01  -1.118161e+00   9.221943e-05
  -2.396982e-06   2.347023e-06  -2.027861e-10   7.987010e-01  -7.820542e-01   6.757059e-05
  -2.906248e-06   7.301683e-07  -7.607721e-11   9.683941e-01  -2.433002e-01   2.534977e-05
  -2.258375e-06  -1.115716e-06   7.597085e-11   7.525155e-01   3.717689e-01  -2.531433e-05
  -1.059275e-07  -2.016112e-06   1.611787e-10   3.529623e-02   6.717908e-01  -5.370653e-05
   1.811342e-06  -1.750760e-07   2.494201e-11  -6.035594e-01   5.833726e-02  -8.310954e-06
   5.332403e-07   2.082661e-06  -1.639509e-10  -1.776816e-01  -6.939657e-01   5.463027e-05
  -1.684364e-06   2.063735e-06  -1.757647e-10   5.612486e-01  -6.876595e-01   5.856674e-05
  -3.019035e-06   7.541847e-07  -7.868290e-11   1.005976e+00  -2.513027e-01   2.621801e-05
  -3.322356e-06  -8.588576e-07   4.895821e-11   1.107046e+00   2.861809e-01  -1.631342e-05
  -2.805546e-06  -2.277205e-06   1.659037e-10   9.348392e-01   7.587900e-01  -5.528094e-05
  -1.710134e-06  -3.233188e-06   2.492179e-10   5.698355e-01   1.077334e+00  -8.304217e-05
  -2.798352e-07  -3.553598e-06   2.835337e-10   9.324421e-02   1.184098e+00  -9.447656e-05
   1.201905e-06  -3.109388e-06   2.567894e-10  -4.004881e-01   1.036083e+00  -8.556508e-05
   2.335076e-06  -1.828735e-06   1.608155e-10  -7.780733e-01   6.093548e-01  -5.358551e-05
   2.477499e-06   1.457972e-07   3.193418e-12  -8.255300e-01  -4.858125e-02  -1.064082e-06
   8.083472e-07   1.817506e-06  -1.410152e-10  -2.693503e-01  -6.056131e-01   4.698784e-05
  -1.651607e-06   7.827188e-07  -7.275180e-11   5.503337e-01  -2.608106e-01   2.424171e-05
  -1.288250e-06  -1.765065e-06   1.339210e-10   4.292592e-01   5.881392e-01  -4.462396e-05
   7.367675e-07  -2.596918e-06   2.128614e-10  -2.454991e-01   8.653221e-01  -7.092780e-05
   2.466538e-06  -1.941801e-06   1.706807e-10  -8.218777e-01   6.470298e-01  -5.687271e-05
   3.395884e-06  -6.039079e-07   6.888720e-11  -1.131546e+00   2.012288e-01  -2.295398e-05
   3.508761e-06   8.950790e-07  -5.074467e-11  -1.169158e+00  -2.982503e-01   1.690869e-05
   2.906558e-06   2.216910e-06  -1.604570e-10  -9.684973e-01  -7.386989e-01   5.346605e-05
   1.733294e-06   3.101161e-06  -2.384820e-10  -5.775529e-01  -1.033341e+00   7.946484e-05
   1.912664e-07   3.306258e-06  -2.642144e-10  -6.373210e-02  -1.101682e+00   8.803916e-05
  -1.378754e-06   2.590661e-06  -2.162190e-10   4.594163e-01  -8.632371e-01   7.204658e-05
  -2.304992e-06   8.139018e-07  -7.918288e-11   7.680489e-01  -2.712011e-01   2.638461e-05
  -1.381522e-06  -1.391871e-06   1.034072e-10   4.603386e-01   4.637868e-01  -3.445644e-05
   1.294196e-06  -1.306031e-06   1.126047e-10  -4.312406e-01   4.351842e-01  -3.752113e-05
   1.884427e-06   1.175830e-06  -8.304392e-11  -6.279120e-01  -3.917995e-01   2.767116e-05
   3.626524e-07   2.710370e-06  -2.153572e-10  -1.208398e-01  -9.031253e-01   7.175942e-05
  -1.464961e-06   2.806514e-06  -2.340619e-10   4.881414e-01  -9.351617e-01   7.799203e-05
  -2.850274e-06   1.972163e-06  -1.754247e-10   9.497430e-01  -6.571467e-01   5.845346e-05
  -3.567955e-06   6.581036e-07  -7.427154e-11   1.188882e+00  -2.192874e-01   2.474810e-05
  -3.565508e-06  -7.934200e-07   4.224422e-11   1.188067e+00   2.643764e-01  -1.407624e-05
  -2.859908e-06  -2.086351e-06   1.502586e-10   9.529531e-01   6.951953e-01  -5.006785e-05
  -1.530441e-06  -2.911540e-06   2.244823e-10   5.099598e-01   9.701573e-01  -7.480001e-05
   2.108463e-07  -2.895182e-06   2.336385e-10  -7.025632e-02   9.647069e-01  -7.785094e-05
   1.784508e-06  -1.615390e-06   1.403820e-10  -5.946179e-01   5.382659e-01  -4.677685e-05
   1.759814e-06   8.043213e-07  -5.397541e-11  -5.863897e-01  -2.680088e-01   1.798520e-05
  -7.755256e-07   1.682430e-06  -1.396965e-10   2.584137e-01  -5.606044e-01   4.654843e-05
  -2.224033e-06  -3.883601e-07   1.779886e-11   7.410726e-01   1.294059e-01  -5.930778e-06
  -1.432677e-06  -2.369742e-06   1.815848e-10   4.773838e-01   7.896243e-01  -6.050607e-05
   1.839208e-07  -3.186550e-06   2.568622e-10  -6.128445e-02   1.061794e+00  -8.558932e-05
   1.778142e-06  -2.994010e-06   2.509935e-10  -5.924967e-01   9.976375e-01  -8.363382e-05
   2.969204e-06  -2.095962e-06   1.860760e-10  -9.893719e-01   6.983977e-01  -6.200257e-05
   3.566272e-06  -7.736662e-07   8.353662e-11  -1.188321e+00   2.577942e-01  -2.783533e-05
   3.456680e-06   6.993247e-07  -3.534631e-11  -1.151804e+00  -2.330227e-01   1.177778e-05
   2.577823e-06   2.005483e-06  -1.454640e-10  -8.589593e-01  -6.682491e-01   4.847022e-05
   9.644715e-07   2.703515e-06  -2.111887e-10  -3.213726e-01  -9.008411e-01   7.037043e-05
  -1.011242e-06   2.143040e-06  -1.780828e-10   3.369569e-01  -7.140846e-01   5.933916e-05
  -1.905989e-06  -1.354168e-07  -5.905202e-13   6.350966e-01   4.512237e-02   1.967679e-07
   1.515533e-07  -1.863129e-06   1.504482e-10  -5.049923e-02   6.208152e-01  -5.013099e-05
   2.241973e-06  -4.885305e-07   5.268930e-11  -7.470502e-01   1.627838e-01  -1.755666e-05
   2.289614e-06   1.617428e-06  -1.160510e-10  -7.629248e-01  -5.389449e-01   3.866949e-05
   1.152503e-06   3.003645e-06  -2.341471e-10  -3.840269e-01  -1.000848e+00   7.802040e-05
  -3.702135e-07   3.478045e-06  -2.813779e-10   1.233592e-01  -1.158923e+00   9.375825e-05
  -1.820506e-06   3.152107e-06  -2.639373e-10   6.066129e-01  -1.050317e+00   8.794683e-05
  -2.910206e-06   2.194757e-06  -1.936507e-10   9.697130e-01  -7.313175e-01   6.452656e-05
  -3.419534e-06   8.035114e-07  -8.504981e-11   1.139427e+00  -2.677389e-01   2.833954e-05
  -3.152270e-06  -7.580870e-07   4.189283e-11   1.050371e+00   2.526030e-01  -1.395915e-05
  -1.948517e-06  -2.062515e-06   1.538251e-10   6.492674e-01   6.872530e-01  -5.125622e-05
   1.138615e-07  -2.329525e-06   1.876551e-10  -3.793992e-02   7.762236e-01  -6.252876e-05
   1.813107e-06  -5.298600e-07   5.342802e-11  -6.041474e-01   1.765552e-01  -1.780281e-05
   5.068715e-07   1.819348e-06  -1.429757e-10  -1.688952e-01  -6.062270e-01   4.764108e-05
  -1.918771e-06   1.324908e-06  -1.178748e-10   6.393557e-01  -4.414739e-01   3.927718e-05
  -2.779284e-06  -5.687240e-07   2.893680e-11   9.260884e-01   1.895052e-01  -9.642062e-06
  -2.305053e-06  -2.279449e-06   1.690929e-10   7.680692e-01   7.595377e-01  -5.634362e-05
  -1.118578e-06  -3.329582e-06   2.605111e-10   3.727225e-01   1.109454e+00  -8.680521e-05
   3.323059e-07  -3.629785e-06   2.933288e-10  -1.107280e-01   1.209485e+00  -9.774042e-05
   1.720150e-06  -3.208065e-06   2.678251e-10  -5.731730e-01   1.068963e+00  -8.924229e-05
   2.761305e-06  -2.147237e-06   1.889414e-10  -9.200976e-01   7.154831e-01  -6.295737e-05
   3.160478e-06  -6.032559e-07   6.741956e-11  -1.053106e+00   2.010116e-01  -2.246495e-05
   2.581787e-06   1.093439e-06  -7.223845e-11  -8.602802e-01  -3.643460e-01   2.407065e-05
   7.674907e-07   2.163006e-06  -1.689912e-10  -2.557364e-01  -7.207377e-01   5.630974e-05
  -1.502647e-06   1.112330e-06  -9.831119e-11   5.006986e-01  -3.706406e-01   3.275838e-05
  -1.120779e-06  -1.547151e-06   1.174378e-10   3.734559e-01   5.155279e-01  -3.913159e-05
   1.287308e-06  -1.988825e-06   1.673651e-10  -4.289452e-01   6.626987e-01  -5.576792e-05
   2.805387e-06  -6.051425e-07   6.543609e-11  -9.347861e-01   2.016402e-01  -2.180403e-05
   3.062461e-06   1.134095e-06  -7.261162e-11  -1.020446e+00  -3.778930e-01   2.419500e-05
   2.415412e-06   2.569443e-06  -1.917046e-10  -8.048420e-01  -8.561670e-01   6.387811e-05
   1.221187e-06   3.438770e-06  -2.686578e-10  -4.069130e-01  -1.145836e+00   8.951976e-05
  -2.172530e-07   3.628040e-06  -2.924971e-10   7.239112e-02  -1.208903e+00   9.746328e-05
  -1.608039e-06   3.088971e-06  -2.575925e-10   5.358164e-01  -1.029279e+00   8.583266e-05
  -2.611661e-06   1.835646e-06  -1.630331e-10   8.702344e-01  -6.116577e-01   5.432443e-05
  -2.769491e-06   3.158156e-08  -1.918558e-11   9.228252e-01  -1.052333e-02   6.392848e-06
  -1.503301e-06  -1.685143e-06   1.262134e-10   5.009166e-01   5.615084e-01  -4.205572e-05
   1.019673e-06  -1.546973e-06   1.302924e-10  -3.397665e-01   5.154686e-01  -4.341489e-05
   1.611628e-06   1.070086e-06  -7.619693e-11  -5.370122e-01  -3.565645e-01   2.538966e-05
  -4.314974e-07   2.367505e-06  -1.926131e-10   1.437797e-01  -7.888788e-01   6.418081e-05
  -2.348937e-06   1.704772e-06  -1.509494e-10   7.826920e-01  -5.680488e-01   5.029801e-05
  -3.280643e-06   2.333388e-07  -3.845202e-11   1.093147e+00  -7.775107e-02   1.281264e-05
  -3.279871e-06  -1.331543e-06   8.715194e-11   1.092889e+00   4.436850e-01  -2.904000e-05
  -2.552751e-06  -2.612562e-06   1.943397e-10   8.506048e-01   8.705348e-01  -6.475615e-05
  -1.320371e-06  -3.379459e-06   2.633011e-10   4.399623e-01   1.126073e+00  -8.773486e-05
   1.745421e-07  -3.461897e-06   2.789055e-10  -5.815937e-02   1.153543e+00  -9.293440e-05
   1.613501e-06  -2.724286e-06   2.283552e-10  -5.376365e-01   9.077623e-01  -7.609050e-05
   2.494897e-06  -1.120693e-06   1.049481e-10  -8.313274e-01   3.734275e-01  -3.496987e-05
   1.993387e-06   9.810456e-07  -6.675521e-11  -6.642188e-01  -3.268953e-01   2.224358e-05
  -4.260687e-07   1.788802e-06  -1.461330e-10   1.419708e-01  -5.960486e-01   4.869315e-05
  -1.910944e-06  -4.388775e-07   2.373581e-11   6.367479e-01   1.462389e-01  -7.909036e-06
  -5.236707e-07  -2.387147e-06   1.884469e-10   1.744929e-01   7.954238e-01  -6.279259e-05
   1.474801e-06  -2.536669e-06   2.124630e-10  -4.914200e-01   8.452464e-01  -7.079503e-05
   2.910561e-06  -1.579358e-06   1.442602e-10  -9.698312e-01   5.262597e-01  -4.806909e-05
   3.548861e-06  -1.605910e-07   3.422578e-11  -1.182520e+00   5.351070e-02  -1.140441e-05
   3.415527e-06   1.302566e-06  -8.401058e-11  -1.138091e+00  -4.340293e-01   2.799326e-05
   2.609393e-06   2.510863e-06  -1.858366e-10  -8.694787e-01  -8.366473e-01   6.192283e-05
   1.275990e-06   3.204739e-06  -2.495447e-10  -4.251741e-01  -1.067855e+00   8.315107e-05
  -3.506214e-07   3.119935e-06  -2.525178e-10   1.168309e-01  -1.039597e+00   8.414173e-05
  -1.818813e-06   1.995389e-06  -1.710875e-10   6.060486e-01  -6.648858e-01   5.700824e-05
  -2.179598e-06  -1.634684e-07   1.594017e-14   7.262661e-01   5.446948e-02  -5.311386e-09
  -2.071570e-07  -1.816055e-06   1.445133e-10   6.902701e-02   6.051297e-01  -4.815344e-05
   1.969987e-06  -2.723725e-07   3.370496e-11  -6.564217e-01   9.075756e-02  -1.123087e-05
   1.429823e-06   2.027833e-06  -1.541599e-10  -4.764328e-01  -6.756964e-01   5.136780e-05
  -3.235000e-07   2.947790e-06  -2.385381e-10   1.077938e-01  -9.822362e-01   7.948355e-05
  -2.009285e-06   2.659607e-06  -2.255436e-10   6.695161e-01  -8.862106e-01   7.515362e-05
  -3.167702e-06   1.634259e-06  -1.502125e-10   1.055513e+00  -5.445531e-01   5.005248e-05
  -3.649041e-06   2.497478e-07  -4.198391e-11   1.215901e+00  -8.321873e-02   1.398951e-05
  -3.413720e-06  -1.184962e-06   7.458242e-11   1.137490e+00   3.948424e-01  -2.485169e-05
  -2.480633e-06  -2.371493e-06   1.754248e-10   8.265745e-01   7.902077e-01  -5.845347e-05
  -9.500690e-07  -2.963665e-06   2.321553e-10   3.165735e-01   9.875259e-01  -7.735672e-05
   8.659830e-07  -2.519722e-06   2.074424e-10  -2.885552e-01   8.395993e-01  -6.912212e-05
   2.051109e-06  -6.457669e-07   6.416177e-11  -6.834524e-01   2.151767e-01  -2.137941e-05
   8.076043e-07   1.630869e-06  -1.260400e-10  -2.691027e-01  -5.434236e-01   4.199794e-05
  -1.768103e-06   9.736022e-07  -8.877273e-11   5.891517e-01  -3.244151e-01   2.958006e-05
  -2.138256e-06  -1.330473e-06   9.392968e-11   7.124905e-01   4.433283e-01  -3.129841e-05
  -9.109145e-07  -2.854286e-06   2.236119e-10   3.035268e-01   9.510799e-01  -7.450995e-05
   7.317927e-07  -3.273598e-06   2.671426e-10  -2.438414e-01   1.090799e+00  -8.901490e-05
   2.201399e-06  -2.817649e-06   2.393832e-10  -7.335306e-01   9.388718e-01  -7.976514e-05
   3.209233e-06  -1.757541e-06   1.603570e-10  -1.069352e+00   5.856323e-01  -5.343274e-05
   3.587891e-06  -3.520826e-07   4.982979e-11  -1.195525e+00   1.173178e-01  -1.660384e-05
   3.224601e-06   1.119940e-06  -7.050070e-11  -1.074473e+00  -3.731764e-01   2.349162e-05
   2.060555e-06   2.294866e-06  -1.718002e-10  -6.865999e-01  -7.646748e-01   5.724574e-05
   1.985676e-07   2.620902e-06  -2.091629e-10  -6.616493e-02  -8.733136e-01   6.969541e-05
  -1.642266e-06   1.334008e-06  -1.169427e-10   5.472214e-01  -4.445061e-01   3.896662e-05
  -1.308622e-06  -1.257771e-06   9.308250e-11   4.360473e-01   4.191033e-01  -3.101612e-05
   1.318324e-06  -1.569399e-06   1.338879e-10  -4.392801e-01   5.229410e-01  -4.461293e-05
   2.524790e-06   3.939063e-07  -1.643579e-11  -8.412882e-01  -1.312539e-01   5.476587e-06
   2.013535e-06   2.258986e-06  -1.692031e-10  -6.709321e-01  -7.527192e-01   5.638036e-05
   6.954742e-07   3.302368e-06  -2.608708e-10  -2.317397e-01  -1.100386e+00   8.692503e-05
  -8.237586e-07   3.490284e-06  -2.850871e-10   2.744855e-01  -1.163001e+00   9.499417e-05
  -2.176842e-06   2.941873e-06  -2.492060e-10   7.253478e-01  -9.802649e-01   8.303820e-05
  -3.103399e-06   1.816653e-06  -1.644651e-10   1.034087e+00  -6.053289e-01   5.480159e-05
  -3.379567e-06   3.186014e-07  -4.589006e-11   1.126109e+00  -1.061615e-01   1.529108e-05
  -2.791880e-06  -1.241601e-06   8.286701e-11   9.302853e-01   4.137153e-01  -2.761221e-05
  -1.198685e-06  -2.298260e-06   1.772544e-10   3.994153e-01   7.658058e-01  -5.906313e-05
   1.024059e-06  -1.812958e-06   1.516671e-10  -3.412279e-01   6.040977e-01  -5.053715e-05
   1.655415e-06   7.404288e-07  -4.947498e-11  -5.516026e-01  -2.467191e-01   1.648561e-05
  -6.688918e-07   1.971755e-06  -1.622770e-10   2.228822e-01  -6.570106e-01   5.407249e-05
  -2.512218e-06   6.381401e-07  -6.632192e-11   8.370990e-01  -2.126354e-01   2.209920e-05
  -2.786310e-06  -1.253906e-06   8.388810e-11   9.284295e-01   4.178154e-01  -2.795244e-05
  -2.014801e-06  -2.731903e-06   2.071524e-10   6.713541e-01   9.103003e-01  -6.902548e-05
  -7.138832e-07  -3.524421e-06   2.785823e-10   2.378738e-01   1.174376e+00  -9.282671e-05
   7.425317e-07  -3.583561e-06   2.920852e-10  -2.474198e-01   1.194082e+00  -9.732604e-05
   2.053171e-06  -2.940289e-06   2.483353e-10  -6.841392e-01   9.797370e-01  -8.274808e-05
   2.925585e-06  -1.682424e-06   1.526226e-10  -9.748374e-01   5.606022e-01  -5.085555e-05
   3.026166e-06  -4.413478e-09   1.854823e-11  -1.008352e+00   1.470620e-03  -6.180475e-06
   1.976491e-06   1.619751e-06  -1.181201e-10  -6.585888e-01  -5.397190e-01   3.935892e-05
  -2.912054e-07   2.028905e-06  -1.645931e-10   9.703287e-02  -6.760536e-01   5.484426e-05
  -1.809881e-06  -1.370661e-07   1.196838e-13   6.030723e-01   4.567195e-02  -3.987992e-08
  -1.001752e-07  -2.113359e-06   1.690185e-10   3.337948e-02   7.041948e-01  -5.631884e-05
   2.086192e-06  -1.598742e-06   1.408596e-10  -6.951422e-01   5.327184e-01  -4.693598e-05
   3.084137e-06   6.738233e-09   1.800170e-11  -1.027669e+00  -2.245254e-03  -5.998368e-06
   2.983999e-06   1.657651e-06  -1.151046e-10  -9.943017e-01  -5.523479e-01   3.835415e-05
   2.128670e-06   2.909564e-06  -2.207271e-10  -7.092965e-01  -9.694990e-01   7.354871e-05
   8.284843e-07   3.563952e-06  -2.810661e-10  -2.760602e-01  -1.187549e+00   9.365435e-05
  -6.335442e-07   3.519102e-06  -2.862564e-10   2.111040e-01  -1.172604e+00   9.538382e-05
  -1.952902e-06   2.727347e-06  -2.306414e-10   6.507287e-01  -9.087822e-01   7.685229e-05
  -2.735104e-06   1.223229e-06  -1.146219e-10   9.113670e-01  -4.075936e-01   3.819330e-05
  -2.417097e-06  -7.073307e-07   4.223909e-11   8.054035e-01   2.356904e-01  -1.407453e-05
  -4.527722e-07  -1.967063e-06   1.551567e-10   1.508687e-01   6.554473e-01  -5.169994e-05
   1.754020e-06  -4.851019e-07   4.948043e-11  -5.844590e-01   1.616413e-01  -1.648743e-05
   8.857104e-07   1.959407e-06  -1.519393e-10  -2.951285e-01  -6.528962e-01   5.062786e-05
  -1.301272e-06   2.324915e-06  -1.944240e-10   4.335984e-01  -7.746874e-01   6.478424e-05
  -2.842644e-06   1.266871e-06  -1.187712e-10   9.472007e-01  -4.221354e-01   3.957588e-05
  -3.421251e-06  -2.689001e-07   1.012914e-12   1.139999e+00   8.960050e-02  -3.375142e-07
  -3.158523e-06  -1.755346e-06   1.218964e-10   1.052455e+00   5.849007e-01  -4.061725e-05
  -2.245727e-06  -2.886973e-06   2.182101e-10   7.483010e-01   9.619714e-01  -7.271004e-05
  -8.927347e-07  -3.450845e-06   2.716016e-10   2.974691e-01   1.149860e+00  -9.050068e-05
   6.437278e-07  -3.270572e-06   2.663703e-10  -2.144972e-01   1.089791e+00  -8.875755e-05
   1.982087e-06  -2.205861e-06   1.889618e-10  -6.604533e-01   7.350172e-01  -6.296417e-05
   2.464809e-06  -2.856392e-07   3.774474e-11  -8.213018e-01   9.517815e-02  -1.257697e-05
   1.110103e-06   1.650134e-06  -1.257675e-10  -3.698988e-01  -5.498428e-01   4.190714e-05
  -1.491812e-06   1.056124e-06  -9.373487e-11   4.970882e-01  -3.519121e-01   3.123350e-05
  -1.574584e-06  -1.515829e-06   1.121955e-10   5.246687e-01   5.050910e-01  -3.738479e-05
   2.753575e-07  -2.685786e-06   2.172200e-10  -9.175217e-02   8.949338e-01  -7.238011e-05
   2.092293e-06  -2.340704e-06   2.004471e-10  -6.971754e-01   7.799484e-01  -6.679118e-05
   3.239626e-06  -1.184519e-06   1.145483e-10  -1.079479e+00   3.946947e-01  -3.816875e-05
   3.610990e-06   2.720369e-07  -1.239222e-13  -1.203222e+00  -9.064571e-02   4.129231e-08
   3.247422e-06   1.678329e-06  -1.151805e-10  -1.082077e+00  -5.592380e-01   3.837943e-05
   2.245455e-06   2.752874e-06  -2.074488e-10  -7.482105e-01  -9.172882e-01   6.912426e-05
   7.623274e-07   3.222560e-06  -2.540633e-10  -2.540160e-01  -1.073793e+00   8.465671e-05
  -9.082425e-07   2.790197e-06  -2.294052e-10   3.026365e-01  -9.297247e-01   7.644035e-05
  -2.128708e-06   1.200697e-06  -1.091677e-10   7.093092e-01  -4.000855e-01   3.637588e-05
  -1.600970e-06  -1.132004e-06   8.123063e-11   5.334609e-01   3.771963e-01  -2.706695e-05
   1.049403e-06  -1.509969e-06   1.275012e-10  -3.496727e-01   5.031385e-01  -4.248482e-05
   2.059932e-06   8.321050e-07  -5.440098e-11  -6.863921e-01  -2.772666e-01   1.812701e-05
   8.273079e-07   2.606845e-06  -2.042546e-10  -2.756682e-01  -8.686296e-01   6.805989e-05
  -9.556766e-07   3.018520e-06  -2.480158e-10   3.184421e-01  -1.005804e+00   8.264163e-05
  -2.464636e-06   2.437321e-06  -2.104403e-10   8.212440e-01  -8.121426e-01   7.012105e-05
  -3.399493e-06   1.267861e-06  -1.221986e-10   1.132749e+00  -4.224653e-01   4.071792e-05
  -3.649083e-06  -1.620342e-07  -8.934052e-12   1.215915e+00   5.399158e-02   2.976925e-06
  -3.178643e-06  -1.557877e-06   1.059264e-10   1.059159e+00   5.191018e-01  -3.529584e-05
  -2.012502e-06  -2.601386e-06   1.966908e-10   6.705879e-01   8.668108e-01  -6.553956e-05
  -2.945830e-07  -2.887447e-06   2.299789e-10   9.815832e-02   9.621296e-01  -7.663154e-05
   1.477410e-06  -1.899709e-06   1.613555e-10  -4.922893e-01   6.330041e-01  -5.376543e-05
   1.871997e-06   4.881096e-07  -2.792140e-11  -6.237703e-01  -1.626435e-01   9.303721e-06
  -4.734621e-07   1.791250e-06  -1.466145e-10   1.577628e-01  -5.968645e-01   4.885357e-05
  -2.258158e-06   2.506657e-09  -1.377774e-11   7.524433e-01  -8.352460e-04   4.590897e-06
  -1.822241e-06  -2.085697e-06   1.564448e-10   6.071908e-01   6.949773e-01  -5.212915e-05
  -3.720500e-07  -3.170428e-06   2.522256e-10   1.239712e-01   1.056422e+00  -8.404437e-05
   1.231250e-06  -3.257504e-06   2.688538e-10  -4.102662e-01   1.085436e+00  -8.958506e-05
   2.560067e-06  -2.579892e-06   2.224570e-10  -8.530429e-01   8.596486e-01  -7.412513e-05
   3.377631e-06  -1.381340e-06   1.311751e-10  -1.125464e+00   4.602779e-01  -4.370901e-05
   3.525428e-06   8.836449e-08   1.410342e-11  -1.174712e+00  -2.944403e-02  -4.699418e-06
   2.886577e-06   1.527359e-06  -1.052329e-10  -9.618394e-01  -5.089329e-01   3.506478e-05
   1.418627e-06   2.494849e-06  -1.917105e-10  -4.727024e-01  -8.313114e-01   6.388007e-05
  -6.246623e-07   2.285332e-06  -1.871792e-10   2.081444e-01  -7.614981e-01   6.237017e-05
  -1.900436e-06   1.958148e-07  -2.714218e-11   6.332463e-01  -6.524767e-02   9.044077e-06
  -1.724573e-07  -1.861544e-06   1.483729e-10   5.746467e-02   6.202871e-01  -4.943951e-05
   2.123970e-06  -8.695095e-07   8.255767e-11  -7.077302e-01   2.897302e-01  -2.750913e-05
   2.535840e-06   1.195978e-06  -8.074460e-11  -8.449702e-01  -3.985131e-01   2.690500e-05
   1.656584e-06   2.758250e-06  -2.114208e-10  -5.519921e-01  -9.190796e-01   7.044775e-05
   2.394419e-07   3.489683e-06  -2.786466e-10  -7.978469e-02  -1.162801e+00   9.284814e-05
  -1.245348e-06   3.420471e-06  -2.820185e-10   4.149638e-01  -1.139739e+00   9.397169e-05
  -2.484706e-06   2.666846e-06  -2.289829e-10   8.279317e-01  -8.886227e-01   7.629965e-05
  -3.227855e-06   1.385095e-06  -1.305760e-10   1.075557e+00  -4.615289e-01   4.350936e-05
  -3.235699e-06  -1.993216e-07  -3.455956e-12   1.078171e+00   6.641617e-02   1.151563e-06
  -2.276397e-06  -1.693005e-06   1.221964e-10   7.585209e-01   5.641282e-01  -4.071721e-05
  -2.912021e-07  -2.313572e-06   1.839393e-10   9.703179e-02   7.709078e-01  -6.129062e-05
   1.694117e-06  -8.349076e-07   7.719612e-11  -5.644987e-01   2.782005e-01  -2.572260e-05
   8.135742e-07   1.704713e-06  -1.319310e-10  -2.710920e-01  -5.680294e-01   4.396086e-05
  -1.660690e-06   1.637501e-06  -1.414122e-10   5.533602e-01  -5.456335e-01   4.712013e-05
  -2.836233e-06  -7.802199e-08  -1.078993e-11   9.450642e-01   2.599779e-02   3.595325e-06
  -2.666024e-06  -1.844858e-06   1.320418e-10   8.883487e-01   6.147271e-01  -4.399779e-05
  -1.679913e-06  -3.084887e-06   2.374967e-10   5.597658e-01   1.027918e+00  -7.913655e-05
  -3.032327e-07  -3.632388e-06   2.897168e-10   1.010405e-01   1.210352e+00  -9.653684e-05
   1.136753e-06  -3.458019e-06   2.843792e-10  -3.787788e-01   1.152250e+00  -9.475831e-05
   2.346315e-06  -2.594008e-06   2.223048e-10  -7.818182e-01   8.643522e-01  -7.407443e-05
   3.007472e-06  -1.142621e-06   1.097897e-10  -1.002123e+00   3.807339e-01  -3.658316e-05
   2.731883e-06   6.289710e-07  -3.405728e-11  -9.102938e-01  -2.095801e-01   1.134826e-05
   1.130169e-06   1.997040e-06  -1.534900e-10  -3.765848e-01  -6.654358e-01   5.114457e-05
  -1.287846e-06   1.354920e-06  -1.164903e-10   4.291245e-01  -4.514743e-01   3.881587e-05
  -1.371388e-06  -1.330507e-06   9.854299e-11   4.569617e-01   4.433396e-01  -3.283562e-05
   9.235806e-07  -2.182171e-06   1.806964e-10  -3.077473e-01   7.271235e-01  -6.021006e-05
   2.658268e-06  -1.082786e-06   1.028878e-10  -8.857645e-01   3.607963e-01  -3.428336e-05
   3.213143e-06   5.852627e-07  -2.765576e-11  -1.070655e+00  -1.950160e-01   9.215205e-06
   2.825088e-06   2.111013e-06  -1.524474e-10  -9.413506e-01  -7.034130e-01   5.079717e-05
   1.799955e-06   3.174423e-06  -2.439613e-10  -5.997649e-01  -1.057753e+00   8.129061e-05
   4.162123e-07   3.610552e-06  -2.872849e-10  -1.386866e-01  -1.203076e+00   9.572652e-05
  -1.047107e-06   3.321096e-06  -2.728506e-10   3.489077e-01  -1.106626e+00   9.091686e-05
  -2.253137e-06   2.260892e-06  -1.950083e-10   7.507703e-01  -7.533544e-01   6.497894e-05
  -2.721611e-06   5.113325e-07  -5.740310e-11   9.068709e-01  -1.703817e-01   1.912735e-05
  -1.771949e-06  -1.399172e-06   1.016459e-10   5.904331e-01   4.662195e-01  -3.386953e-05
   7.372008e-07  -1.699606e-06   1.408447e-10  -2.456435e-01   5.663277e-01  -4.693101e-05
   1.772564e-06   7.756913e-07  -5.160087e-11  -5.906381e-01  -2.584690e-01   1.719398e-05
  -1.486778e-08   2.406941e-06  -1.932734e-10   4.954111e-03  -8.020196e-01   6.440085e-05
  -2.017853e-06   2.086727e-06  -1.796150e-10   6.723709e-01  -6.953205e-01   5.984972e-05
  -3.190598e-06   7.994311e-07  -8.334590e-11   1.063143e+00  -2.663793e-01   2.777178e-05
  -3.461446e-06  -7.417114e-07   3.871966e-11   1.153392e+00   2.471465e-01  -1.290182e-05
  -2.967777e-06  -2.129463e-06   1.530704e-10   9.888962e-01   7.095608e-01  -5.100475e-05
  -1.887247e-06  -3.098677e-06   2.373571e-10   6.288515e-01   1.032514e+00  -7.909001e-05
  -4.292706e-07  -3.439397e-06   2.734693e-10   1.430377e-01   1.146045e+00  -9.112300e-05
   1.116013e-06  -2.962683e-06   2.444982e-10  -3.718678e-01   9.871988e-01  -8.146952e-05
   2.262383e-06  -1.536110e-06   1.368920e-10  -7.538510e-01   5.118489e-01  -4.561393e-05
   2.132653e-06   6.210960e-07  -3.702793e-11  -7.106236e-01  -2.069561e-01   1.233812e-05
  -1.108678e-07   1.835337e-06  -1.479730e-10   3.694237e-02  -6.115548e-01   4.930624e-05
  -1.958385e-06  -1.020827e-07  -3.580970e-12   6.525556e-01   3.401509e-02   1.193219e-06
  -9.295074e-07  -2.260768e-06   1.758635e-10   3.097222e-01   7.533128e-01  -5.859968e-05
   1.012466e-06  -2.754456e-06   2.271632e-10  -3.373649e-01   9.178153e-01  -7.569328e-05
   2.592373e-06  -2.060881e-06   1.809947e-10  -8.638076e-01   6.867083e-01  -6.030945e-05
   3.467191e-06  -7.745429e-07   8.301128e-11  -1.155307e+00   2.580863e-01  -2.766028e-05
   3.589892e-06   6.894974e-07  -3.375666e-11  -1.196192e+00  -2.297482e-01   1.124809e-05
   3.005769e-06   2.019414e-06  -1.440093e-10  -1.001555e+00  -6.728911e-01   4.798548e-05
   1.813004e-06   2.934278e-06  -2.246086e-10  -6.041130e-01  -9.777342e-01   7.484207e-05
   1.962052e-07   3.133089e-06  -2.502859e-10  -6.537775e-02  -1.043980e+00   8.339805e-05
  -1.445025e-06   2.280154e-06  -1.916957e-10   4.814983e-01  -7.597726e-01   6.387515e-05
  -2.174546e-06   2.161230e-07  -3.042016e-11   7.245828e-01  -7.201459e-02   1.013633e-05
  -5.174811e-07  -1.752922e-06   1.375805e-10   1.724304e-01   5.840932e-01  -4.584334e-05
   1.893620e-06  -6.088708e-07   6.025357e-11  -6.309750e-01   2.028825e-01  -2.007716e-05
   1.759906e-06   1.749746e-06  -1.298558e-10  -5.864202e-01  -5.830349e-01   4.326940e-05
   1.929049e-07   2.959606e-06  -2.363818e-10  -6.427805e-02  -9.861736e-01   7.876503e-05
  -1.517118e-06   2.968322e-06  -2.473623e-10   5.055206e-01  -9.890777e-01   8.242388e-05
  -2.835840e-06   2.159679e-06  -1.903881e-10   9.449332e-01  -7.196289e-01   6.343944e-05
  -3.550212e-06   8.797930e-07  -9.195793e-11   1.182970e+00  -2.931568e-01   3.064140e-05
  -3.567547e-06  -5.740033e-07   2.462131e-11   1.188746e+00   1.912643e-01  -8.204093e-06
  -2.854564e-06  -1.904573e-06   1.357011e-10   9.511723e-01   6.346249e-01  -4.521710e-05
  -1.449861e-06  -2.753475e-06   2.122803e-10   4.831097e-01   9.174883e-01  -7.073416e-05
   4.159306e-07  -2.631249e-06   2.136879e-10  -1.385927e-01   8.767614e-01  -7.120319e-05
   1.908052e-06  -9.906882e-07   9.098548e-11  -6.357842e-01   3.301083e-01  -3.031737e-05
   1.076918e-06   1.466938e-06  -1.112635e-10  -3.588411e-01  -4.888000e-01   3.707425e-05
  -1.573482e-06   1.264844e-06  -1.109781e-10   5.243017e-01  -4.214601e-01   3.697912e-05
  -2.336913e-06  -9.399667e-07   6.139282e-11   7.786853e-01   3.132073e-01  -2.045677e-05
  -1.392558e-06  -2.653269e-06   2.045822e-10   4.640157e-01   8.840987e-01  -6.816907e-05
   1.522916e-07  -3.351204e-06   2.698873e-10  -5.074526e-02   1.116658e+00  -8.992944e-05
   1.678631e-06  -3.157293e-06   2.635005e-10  -5.593384e-01   1.052045e+00  -8.780130e-05
   2.855174e-06  -2.288276e-06   2.008257e-10  -9.513758e-01   7.624789e-01  -6.691736e-05
   3.472096e-06  -9.698773e-07   9.871855e-11  -1.156941e+00   3.231739e-01  -3.289412e-05
   3.369849e-06   5.429497e-07  -2.331751e-11  -1.122871e+00  -1.809169e-01   7.769653e-06
   2.427277e-06   1.902202e-06  -1.380797e-10  -8.087956e-01  -6.338349e-01   4.600970e-05
   6.498043e-07   2.546343e-06  -2.004658e-10  -2.165220e-01  -8.484697e-01   6.679743e-05
  -1.386469e-06   1.597642e-06  -1.365645e-10   4.619868e-01  -5.323521e-01   4.550480e-05
  -1.506028e-06  -1.013020e-06   7.225167e-11   5.018251e-01   3.375496e-01  -2.407506e-05
   1.027313e-06  -1.774063e-06   1.485649e-10  -3.423121e-01   5.911376e-01  -4.950348e-05
   2.555325e-06  -4.965875e-08   1.934886e-11  -8.514627e-01   1.654685e-02  -6.447255e-06
   2.375292e-06   1.875536e-06  -1.362520e-10  -7.914738e-01  -6.249496e-01   4.540069e-05
   1.258417e-06   3.131685e-06  -2.437870e-10  -4.193184e-01  -1.043512e+00   8.123253e-05
  -2.050365e-07   3.580441e-06  -2.886033e-10   6.832044e-02  -1.193043e+00   9.616582e-05
  -1.632750e-06   3.275274e-06  -2.726939e-10   5.440504e-01  -1.091358e+00   9.086464e-05
  -2.740608e-06   2.327982e-06  -2.033238e-10   9.132011e-01  -7.757095e-01   6.774976e-05
  -3.272666e-06   9.005269e-07  -9.195339e-11   1.090489e+00  -3.000656e-01   3.063989e-05
  -2.964624e-06  -7.381621e-07   4.142180e-11   9.878458e-01   2.459638e-01  -1.380220e-05
  -1.578633e-06  -2.055317e-06   1.554711e-10   5.260181e-01   6.848543e-01  -5.180470e-05
   6.949489e-07  -1.962342e-06   1.616781e-10  -2.315647e-01   6.538741e-01  -5.387295e-05
   1.758362e-06   4.436164e-07  -2.503352e-11  -5.859058e-01  -1.478179e-01   8.341446e-06
  -3.178769e-07   2.058145e-06  -1.671004e-10   1.059201e-01  -6.857969e-01   5.567971e-05
  -2.364002e-06   1.064141e-06  -9.962214e-11   7.877117e-01  -3.545835e-01   3.319520e-05
  -2.962000e-06  -7.514286e-07   4.250236e-11   9.869713e-01   2.503844e-01  -1.416226e-05
  -2.458745e-06  -2.340722e-06   1.730867e-10   8.192812e-01   7.799546e-01  -5.767440e-05
  -1.315223e-06  -3.346974e-06   2.607248e-10   4.382470e-01   1.115249e+00  -8.687640e-05
   1.087801e-07  -3.658059e-06   2.942543e-10  -3.624673e-02   1.218906e+00  -9.804879e-05
   1.511226e-06  -3.252086e-06   2.701022e-10  -5.035574e-01   1.083631e+00  -9.000106e-05
   2.588817e-06  -2.164689e-06   1.893051e-10  -8.626227e-01   7.212983e-01  -6.307856e-05
   2.979112e-06  -5.294169e-07   6.040274e-11  -9.926732e-01   1.764076e-01  -2.012686e-05
   2.226899e-06   1.252442e-06  -8.713388e-11  -7.420273e-01  -4.173275e-01   2.903398e-05
   6.397909e-08   2.048287e-06  -1.640133e-10  -2.131854e-02  -6.825119e-01   5.465107e-05
  -1.806419e-06   1.773601e-07  -2.509573e-11   6.019188e-01  -5.909835e-02   8.362177e-06
  -4.643265e-07  -2.064602e-06   1.629159e-10   1.547187e-01   6.879484e-01  -5.428537e-05
   1.777761e-06  -1.936539e-06   1.661173e-10  -5.923697e-01   6.452763e-01  -5.535212e-05
   3.038863e-06  -5.286848e-07   6.070321e-11  -1.012583e+00   1.761636e-01  -2.022698e-05
   3.226738e-06   1.114388e-06  -7.004229e-11  -1.075185e+00  -3.713266e-01   2.333887e-05
   2.601756e-06   2.495692e-06  -1.846649e-10  -8.669339e-01  -8.315923e-01   6.153241e-05
   1.434942e-06   3.365856e-06  -2.615205e-10  -4.781387e-01  -1.121540e+00   8.714152e-05
  -1.270804e-08   3.575513e-06  -2.870515e-10   4.234461e-03  -1.191401e+00   9.564873e-05
  -1.449572e-06   3.024763e-06  -2.514863e-10   4.830135e-01  -1.007885e+00   8.379804e-05
  -2.481033e-06   1.679054e-06  -1.496794e-10   8.267077e-01  -5.594793e-01   4.987484e-05
  -2.502629e-06  -2.777006e-07   7.242216e-12   8.339037e-01   9.253291e-02  -2.413187e-06
  -7.858503e-07  -1.858816e-06   1.444661e-10   2.618541e-01   6.193780e-01  -4.813771e-05
   1.644045e-06  -7.805953e-07   7.253589e-11  -5.478139e-01   2.601030e-01  -2.416976e-05
   1.211610e-06   1.776991e-06  -1.353390e-10  -4.037218e-01  -5.921133e-01   4.509646e-05
  -8.786262e-07   2.515752e-06  -2.071998e-10   2.927680e-01  -8.382765e-01   6.904128e-05
  -2.579918e-06   1.741216e-06  -1.552631e-10   8.596573e-01  -5.801924e-01   5.173540e-05
  -3.416198e-06   3.293082e-07  -4.696963e-11   1.138315e+00  -1.097291e-01   1.565080e-05
  -3.415499e-06  -1.180093e-06   7.418098e-11   1.138082e+00   3.932202e-01  -2.471793e-05
  -2.713037e-06  -2.452990e-06   1.805686e-10   9.040142e-01   8.173637e-01  -6.016746e-05
  -1.478449e-06  -3.243213e-06   2.514154e-10   4.926355e-01   1.080675e+00  -8.377441e-05
   6.609092e-08  -3.332389e-06   2.678589e-10  -2.202223e-02   1.110389e+00  -8.925357e-05
   1.569072e-06  -2.515976e-06   2.113689e-10  -5.228323e-01   8.383513e-01  -7.043048e-05
   2.377572e-06  -7.082684e-07   7.114098e-11  -7.922335e-01   2.360029e-01  -2.370496e-05
   1.378340e-06   1.433168e-06  -1.067409e-10  -4.592782e-01  -4.775474e-01   3.556725e-05
  -1.287209e-06   1.297859e-06  -1.119068e-10   4.289125e-01  -4.324612e-01   3.728858e-05
  -1.813519e-06  -1.220741e-06   8.707490e-11   6.042847e-01   4.067646e-01  -2.901432e-05
  -1.945523e-07  -2.693302e-06   2.149980e-10   6.482699e-02   8.974382e-01  -7.163972e-05
   1.654443e-06  -2.668630e-06   2.241344e-10  -5.512789e-01   8.892172e-01  -7.468406e-05
   2.984901e-06  -1.729208e-06   1.567342e-10  -9.946020e-01   5.761913e-01  -5.222559e-05
   3.603448e-06  -3.593080e-07   5.050324e-11  -1.200709e+00   1.197254e-01  -1.682824e-05
   3.489551e-06   1.088733e-06  -6.640309e-11  -1.162757e+00  -3.627780e-01   2.212625e-05
   2.689323e-06   2.320949e-06  -1.701134e-10  -8.961122e-01  -7.733659e-01   5.668366e-05
   1.310136e-06   3.041001e-06  -2.361976e-10  -4.365520e-01  -1.013295e+00   7.870366e-05
  -4.103164e-07   2.905058e-06  -2.356304e-10   1.367220e-01  -9.679975e-01   7.851466e-05
  -1.888126e-06   1.551032e-06  -1.358396e-10   6.291444e-01  -5.168211e-01   4.526325e-05
  -1.772180e-06  -8.381793e-07   5.661854e-11   5.905102e-01   2.792906e-01  -1.886593e-05
   7.730551e-07  -1.668602e-06   1.385718e-10  -2.575905e-01   5.559966e-01  -4.617366e-05
   2.173320e-06   4.631131e-07  -2.410353e-11  -7.241743e-01  -1.543144e-01   8.031565e-06
   1.267043e-06   2.424280e-06  -1.869579e-10  -4.221930e-01  -8.077971e-01   6.229646e-05
  -4.172651e-07   3.138920e-06  -2.544422e-10   1.390374e-01  -1.045923e+00   8.478298e-05
  -2.004050e-06   2.828467e-06  -2.390650e-10   6.677717e-01  -9.424765e-01   7.965910e-05
  -3.127675e-06   1.839103e-06  -1.664129e-10   1.042176e+00  -6.128094e-01   5.545062e-05
  -3.621718e-06   4.742638e-07  -5.983957e-11   1.206797e+00  -1.580300e-01   1.993921e-05
  -3.400740e-06  -9.821050e-07   5.837892e-11   1.133164e+00   3.272483e-01  -1.945250e-05
  -2.433357e-06  -2.212286e-06   1.629308e-10   8.108217e-01   7.371581e-01  -5.429036e-05
  -7.909349e-07  -2.792159e-06   2.193468e-10   2.635483e-01   9.303782e-01  -7.308878e-05
   1.125774e-06  -2.126487e-06   1.774428e-10  -3.751204e-01   7.085691e-01  -5.912592e-05
   1.927854e-06   1.573278e-07  -1.036626e-12  -6.423823e-01  -5.242336e-02   3.454153e-07
  -1.571127e-07   1.846292e-06  -1.491302e-10   5.235169e-02  -6.152050e-01   4.969185e-05
  -2.224097e-06   3.934623e-07  -4.495154e-11   7.410939e-01  -1.311060e-01   1.497835e-05
  -2.156693e-06  -1.738338e-06   1.265546e-10   7.186341e-01   5.792335e-01  -4.216939e-05
  -9.168386e-07  -3.058031e-06   2.399290e-10   3.055008e-01   1.018970e+00  -7.994702e-05
   6.468746e-07  -3.422028e-06   2.785453e-10  -2.155458e-01   1.140258e+00  -9.281439e-05
   2.073083e-06  -2.985410e-06   2.520764e-10  -6.907743e-01   9.947716e-01  -8.399467e-05
   3.086310e-06  -1.947003e-06   1.748244e-10  -1.028393e+00   6.487630e-01  -5.825344e-05
   3.487026e-06  -5.252200e-07   6.311958e-11  -1.161916e+00   1.750091e-01  -2.103214e-05
   3.107615e-06   1.002942e-06  -6.181368e-11  -1.035492e+00  -3.341915e-01   2.059700e-05
   1.829639e-06   2.210605e-06  -1.664257e-10  -6.096559e-01  -7.365983e-01   5.545488e-05
  -2.193638e-07   2.358505e-06  -1.906153e-10   7.309445e-02  -7.858800e-01   6.351514e-05
  -1.837762e-06   5.210573e-07  -5.286973e-11   6.123626e-01  -1.736221e-01   1.761678e-05
  -4.913677e-07  -1.804028e-06   1.418393e-10   1.637292e-01   6.011222e-01  -4.726242e-05
   1.941747e-06  -1.224378e-06   1.099443e-10  -6.470118e-01   4.079764e-01  -3.663466e-05
   2.705263e-06   7.381374e-07  -4.297915e-11  -9.014236e-01  -2.459556e-01   1.432113e-05
   2.110457e-06   2.429043e-06  -1.822694e-10  -7.032278e-01  -8.093843e-01   6.073420e-05
   8.418880e-07   3.395262e-06  -2.674462e-10  -2.805264e-01  -1.131339e+00   8.911605e-05
  -6.323078e-07   3.584856e-06  -2.915265e-10   2.106920e-01  -1.194514e+00   9.713987e-05
  -1.983682e-06   3.057844e-06  -2.573526e-10   6.609848e-01  -1.018908e+00   8.575276e-05
  -2.938102e-06   1.924523e-06  -1.721291e-10   9.790083e-01  -6.412725e-01   5.735532e-05
  -3.220860e-06   3.653881e-07  -4.869103e-11   1.073226e+00  -1.217514e-01   1.622439e-05
  -2.535173e-06  -1.272287e-06   8.687326e-11   8.447479e-01   4.239401e-01  -2.894713e-05
  -6.873011e-07  -2.227733e-06   1.746683e-10   2.290163e-01   7.423052e-01  -5.820142e-05
   1.524258e-06  -1.114782e-06   9.863796e-11  -5.078997e-01   3.714578e-01  -3.286726e-05
   1.095911e-06   1.538809e-06  -1.169178e-10  -3.651698e-01  -5.127483e-01   3.895832e-05
  -1.352312e-06   1.900734e-06  -1.606856e-10   4.506054e-01  -6.333458e-01   5.354224e-05
  -2.807196e-06   4.151948e-07  -5.020153e-11   9.353889e-01  -1.383475e-01   1.672771e-05
  -2.946095e-06  -1.354153e-06   9.097339e-11   9.816717e-01   4.512189e-01  -3.031334e-05
  -2.190250e-06  -2.746405e-06   2.072615e-10   7.298156e-01   9.151327e-01  -6.906185e-05
  -9.295729e-07  -3.524559e-06   2.772965e-10   3.097440e-01   1.174422e+00  -9.239829e-05
   5.188206e-07  -3.602837e-06   2.922873e-10  -1.728768e-01   1.200505e+00  -9.739338e-05
   1.860069e-06  -2.961900e-06   2.489089e-10  -6.197956e-01   9.869380e-01  -8.293920e-05
   2.763184e-06  -1.647185e-06   1.488180e-10  -9.207235e-01   5.488604e-01  -4.958780e-05
   2.799134e-06   1.455852e-07   5.144174e-12  -9.327024e-01  -4.851062e-02  -1.714096e-06
   1.458565e-06   1.770833e-06  -1.333600e-10  -4.860099e-01  -5.900611e-01   4.443702e-05
  -1.034414e-06   1.556750e-06  -1.311658e-10   3.446784e-01  -5.187265e-01   4.370591e-05
  -1.580842e-06  -1.073790e-06   7.667932e-11   5.267540e-01   3.577988e-01  -2.555040e-05
   5.317830e-07  -2.309623e-06   1.885704e-10  -1.771960e-01   7.695921e-01  -6.283373e-05
   2.430488e-06  -1.527732e-06   1.372303e-10  -8.098655e-01   5.090573e-01  -4.572665e-05
   3.266261e-06   1.855224e-08   1.814847e-11  -1.088354e+00  -6.181813e-03  -6.047271e-06
   3.148938e-06   1.588374e-06  -1.085527e-10  -1.049261e+00  -5.292638e-01   3.617096e-05
   2.324015e-06   2.813558e-06  -2.118471e-10  -7.743877e-01  -9.375089e-01   7.058981e-05
   1.036998e-06   3.483302e-06  -2.733394e-10  -3.455392e-01  -1.160675e+00   9.107973e-05
  -4.544220e-07   3.452274e-06  -2.798158e-10   1.514185e-01  -1.150336e+00   9.323772e-05
  -1.826284e-06   2.617411e-06  -2.210566e-10   6.085381e-01  -8.721503e-01   7.365851e-05
  -2.591274e-06   9.754347e-07  -9.386890e-11   8.634412e-01  -3.250257e-01   3.127816e-05
  -1.986991e-06  -1.071081e-06   7.402005e-11   6.620876e-01   3.568962e-01  -2.466430e-05
   4.326513e-07  -1.801169e-06   1.471652e-10  -1.441642e-01   6.001694e-01  -4.903707e-05
   1.880238e-06   4.578652e-07  -2.544440e-11  -6.265163e-01  -1.525658e-01   8.478358e-06
   4.023791e-07   2.373605e-06  -1.880892e-10  -1.340772e-01  -7.909114e-01   6.267341e-05
  -1.625468e-06   2.405497e-06  -2.028408e-10   5.416239e-01  -8.015383e-01   6.758881e-05
  -3.003622e-06   1.341342e-06  -1.257162e-10   1.000840e+00  -4.469501e-01   4.189004e-05
  -3.537827e-06  -1.292792e-07  -1.089410e-11   1.178843e+00   4.307727e-02   3.630036e-06
  -3.292584e-06  -1.581612e-06   1.071464e-10   1.097126e+00   5.270108e-01  -3.570236e-05
  -2.396724e-06  -2.723710e-06   2.041986e-10   7.986149e-01   9.075704e-01  -6.804125e-05
  -1.019965e-06  -3.312389e-06   2.597241e-10   3.398637e-01   1.103725e+00  -8.654294e-05
   5.847528e-07  -3.111091e-06   2.532156e-10  -1.948461e-01   1.036650e+00  -8.437426e-05
   1.961402e-06  -1.904850e-06   1.646780e-10  -6.535608e-01   6.347173e-01  -5.487254e-05
   2.207501e-06   2.425555e-07  -6.195810e-12  -7.355638e-01  -8.082220e-02   2.064513e-06
   2.076062e-07   1.826764e-06  -1.453701e-10  -6.917669e-02  -6.086979e-01   4.843893e-05
  -1.946912e-06   2.379049e-07  -3.079981e-11   6.487327e-01  -7.927257e-02   1.026284e-05
  -1.307387e-06  -2.065949e-06   1.579553e-10   4.356358e-01   6.883972e-01  -5.263246e-05
   5.192882e-07  -2.888744e-06   2.349761e-10  -1.730326e-01   9.625614e-01  -7.829666e-05
   2.195382e-06  -2.479882e-06   2.122375e-10  -7.315256e-01   8.263243e-01  -7.071989e-05
   3.280124e-06  -1.365006e-06   1.292779e-10  -1.092974e+00   4.548352e-01  -4.307683e-05
   3.655118e-06   5.545592e-08   1.752443e-11  -1.217926e+00  -1.847853e-02  -5.839335e-06
   3.310750e-06   1.466602e-06  -9.780629e-11  -1.103179e+00  -4.886881e-01   3.259014e-05
   2.294860e-06   2.574695e-06  -1.928510e-10  -7.646729e-01  -8.579171e-01   6.426008e-05
   7.369547e-07   3.051140e-06  -2.404575e-10  -2.455615e-01  -1.016674e+00   8.012311e-05
  -1.027593e-06   2.495755e-06  -2.064905e-10   3.424053e-01  -8.316134e-01   6.880492e-05
  -2.103898e-06   5.890343e-07  -5.992572e-11   7.010423e-01  -1.962728e-01   1.996791e-05
  -8.122302e-07  -1.637181e-06   1.265188e-10   2.706441e-01   5.455268e-01  -4.215747e-05
   1.760217e-06  -9.271664e-07   8.499832e-11  -5.865238e-01   3.089421e-01  -2.832238e-05
   2.036865e-06   1.418607e-06  -1.016130e-10  -6.787059e-01  -4.726955e-01   3.385858e-05
   7.035963e-07   2.881631e-06  -2.270530e-10  -2.344461e-01  -9.601913e-01   7.565658e-05
  -9.787804e-07   3.186912e-06  -2.616701e-10   3.261405e-01  -1.061915e+00   8.719139e-05
  -2.417748e-06   2.619495e-06  -2.247799e-10   8.056205e-01  -8.728448e-01   7.489916e-05
  -3.343445e-06   1.483098e-06  -1.391368e-10   1.114073e+00  -4.941847e-01   4.636192e-05
  -3.612916e-06   5.436882e-08  -2.608537e-11   1.203864e+00  -1.811629e-02   8.691936e-06
  -3.141713e-06  -1.379850e-06   9.185972e-11   1.046854e+00   4.597812e-01  -3.060868e-05
  -1.905534e-06  -2.459764e-06   1.859672e-10   6.349449e-01   8.196208e-01  -6.196633e-05
  -4.656165e-08  -2.663052e-06   2.134599e-10   1.551486e-02   8.873586e-01  -7.112720e-05
   1.707520e-06  -1.305591e-06   1.150543e-10  -5.689645e-01   4.350373e-01  -3.833736e-05
   1.313886e-06   1.258994e-06  -9.314904e-11  -4.378013e-01  -4.195109e-01   3.103829e-05
  -1.331396e-06   1.518107e-06  -1.298498e-10   4.436359e-01  -5.058501e-01   4.326738e-05
  -2.464915e-06  -5.208624e-07   2.698542e-11   8.213370e-01   1.735571e-01  -8.991842e-06
  -1.832071e-06  -2.371689e-06   1.793398e-10   6.104665e-01   7.902731e-01  -5.975801e-05
  -4.319288e-07  -3.327009e-06   2.644329e-10   1.439235e-01   1.108596e+00  -8.811199e-05
   1.104794e-06  -3.400990e-06   2.796099e-10  -3.681298e-01   1.133248e+00  -9.316911e-05
   2.414308e-06  -2.749444e-06   2.351891e-10  -8.044742e-01   9.161452e-01  -7.836761e-05
   3.250764e-06  -1.558151e-06   1.446034e-10  -1.083191e+00   5.191932e-01  -4.818346e-05
   3.412696e-06  -5.045469e-08   2.456745e-11  -1.137148e+00   1.681206e-02  -8.186147e-06
   2.720251e-06   1.451905e-06  -1.001769e-10  -9.064177e-01  -4.837910e-01   3.338007e-05
   1.081206e-06   2.394714e-06  -1.857022e-10  -3.602698e-01  -7.979452e-01   6.187802e-05
  -1.088987e-06   1.813010e-06  -1.520616e-10   3.628626e-01  -6.041152e-01   5.066863e-05
  -1.658227e-06  -7.378790e-07   4.925343e-11   5.525396e-01   2.458695e-01  -1.641179e-05
   7.052320e-07  -1.925358e-06   1.587716e-10  -2.349911e-01   6.415508e-01  -5.290447e-05
   2.508510e-06  -4.918857e-07   5.456107e-11  -8.358635e-01   1.639018e-01  -1.818035e-05
   2.665058e-06   1.435072e-06  -9.915769e-11  -8.880267e-01  -4.781819e-01   3.304044e-05
   1.783211e-06   2.865827e-06  -2.192937e-10  -5.941858e-01  -9.549254e-01   7.307109e-05
   4.199636e-07   3.561765e-06  -2.833467e-10  -1.399365e-01  -1.186820e+00   9.441425e-05
  -1.039016e-06   3.509098e-06  -2.878913e-10   3.462118e-01  -1.169270e+00   9.592856e-05
  -2.294536e-06   2.768513e-06  -2.359994e-10   7.645648e-01  -9.224991e-01   7.863764e-05
  -3.066357e-06   1.455009e-06  -1.352164e-10   1.021744e+00  -4.848251e-01   4.505561e-05
  -3.047370e-06  -2.124482e-07  -1.270125e-12   1.015417e+00   7.079009e-02   4.232197e-07
  -1.910657e-06  -1.750247e-06   1.289896e-10   6.366520e-01   5.832016e-01  -4.298077e-05
   3.450354e-07  -2.052539e-06   1.668137e-10  -1.149696e-01   6.839289e-01  -5.558419e-05
   1.808540e-06   1.334905e-07   1.592409e-13  -6.026256e-01  -4.448051e-02  -5.306075e-08
   4.286423e-08   2.082534e-06  -1.668890e-10  -1.428284e-02  -6.939233e-01   5.560926e-05
  -2.144146e-06   1.458073e-06  -1.299178e-10   7.144532e-01  -4.858460e-01   4.329005e-05
  -3.047833e-06  -2.260213e-07  -1.835112e-13   1.015572e+00   7.531282e-02   6.114806e-08
  -2.828047e-06  -1.878363e-06   1.337568e-10   9.423368e-01   6.258913e-01  -4.456926e-05
  -1.876622e-06  -3.067770e-06   2.349403e-10   6.253114e-01   1.022215e+00  -7.828471e-05
  -5.282772e-07  -3.621342e-06   2.874772e-10   1.760278e-01   1.206671e+00  -9.579059e-05
   9.233858e-07  -3.465009e-06   2.836574e-10  -3.076824e-01   1.154579e+00  -9.451781e-05
   2.173459e-06  -2.581121e-06   2.202312e-10  -7.242205e-01   8.600582e-01  -7.338349e-05
   2.841684e-06  -1.038225e-06   1.004140e-10  -9.468805e-01   3.459481e-01  -3.345907e-05
   2.409820e-06   8.473669e-07  -5.352231e-11  -8.029789e-01  -2.823521e-01   1.783423e-05
   4.170935e-07   2.005972e-06  -1.584941e-10  -1.389802e-01  -6.684122e-01   5.281200e-05
  -1.748742e-06   4.864779e-07  -4.955914e-11   5.827002e-01  -1.620998e-01   1.651366e-05
  -8.146283e-07  -1.953567e-06   1.518979e-10   2.714432e-01   6.509501e-01  -5.061407e-05
   1.415375e-06  -2.215802e-06   1.863525e-10  -4.716188e-01   7.383299e-01  -6.209473e-05
   2.901336e-06  -1.048187e-06   1.015723e-10  -9.667574e-01   3.492676e-01  -3.384500e-05
   3.371464e-06   5.371871e-07  -2.284529e-11  -1.123409e+00  -1.789967e-01   7.612305e-06
   2.995778e-06   2.005926e-06  -1.429868e-10  -9.982265e-01  -6.683968e-01   4.764477e-05
   1.997770e-06   3.065430e-06  -2.340241e-10  -6.656791e-01  -1.021435e+00   7.797941e-05
