Method       t0       tn       N         h
Verlet        0  1.0e+00    1000 1.001e-03

x  -  y  -  z  .........
  -2.883410e-06  -8.199914e-07   4.847779e-11   9.607842e-01   2.732302e-01  -1.615334e-05
  -2.876697e-06  -8.371031e-07   4.989157e-11   9.585472e-01   2.789321e-01  -1.662442e-05
  -2.869869e-06  -8.541816e-07   5.130336e-11   9.562721e-01   2.846228e-01  -1.709485e-05
  -2.862926e-06  -8.712260e-07   5.271310e-11   9.539589e-01   2.903022e-01  -1.756459e-05
  -2.855870e-06  -8.882356e-07   5.412074e-11   9.516075e-01   2.959700e-01  -1.803363e-05
  -2.848699e-06  -9.052096e-07   5.552621e-11   9.492181e-01   3.016259e-01  -1.850195e-05
  -2.841414e-06  -9.221473e-07   5.692945e-11   9.467905e-01   3.072697e-01  -1.896952e-05
  -2.834014e-06  -9.390480e-07   5.833040e-11   9.443249e-01   3.129012e-01  -1.943634e-05
  -2.826500e-06  -9.559108e-07   5.972901e-11   9.418213e-01   3.185201e-01  -1.990237e-05
  -2.818873e-06  -9.727350e-07   6.112520e-11   9.392797e-01   3.241261e-01  -2.036759e-05
  -2.811131e-06  -9.895199e-07   6.251892e-11   9.367000e-01   3.297190e-01  -2.083200e-05
  -2.803275e-06  -1.006265e-06   6.391010e-11   9.340824e-01   3.352986e-01  -2.129556e-05
  -2.795306e-06  -1.022969e-06   6.529869e-11   9.314268e-01   3.408645e-01  -2.175825e-05
  -2.787222e-06  -1.039631e-06   6.668463e-11   9.287334e-01   3.464165e-01  -2.222006e-05
  -2.779025e-06  -1.056251e-06   6.806784e-11   9.260020e-01   3.519544e-01  -2.268096e-05
  -2.770714e-06  -1.072827e-06   6.944827e-11   9.232328e-01   3.574780e-01  -2.314093e-05
  -2.762290e-06  -1.089360e-06   7.082585e-11   9.204257e-01   3.629869e-01  -2.359996e-05
  -2.753752e-06  -1.105848e-06   7.220052e-11   9.175809e-01   3.684808e-01  -2.405802e-05
  -2.745101e-06  -1.122290e-06   7.357223e-11   9.146983e-01   3.739596e-01  -2.451508e-05
  -2.736337e-06  -1.138687e-06   7.494090e-11   9.117780e-01   3.794230e-01  -2.497114e-05
  -2.727460e-06  -1.155036e-06   7.630647e-11   9.088200e-01   3.848708e-01  -2.542616e-05
  -2.718470e-06  -1.171337e-06   7.766888e-11   9.058243e-01   3.903025e-01  -2.588013e-05
  -2.709367e-06  -1.187590e-06   7.902807e-11   9.027911e-01   3.957181e-01  -2.633303e-05
  -2.700151e-06  -1.203793e-06   8.038397e-11   8.997203e-01   4.011172e-01  -2.678483e-05
  -2.690823e-06  -1.219946e-06   8.173652e-11   8.966120e-01   4.064996e-01  -2.723552e-05
  -2.681382e-06  -1.236048e-06   8.308566e-11   8.934662e-01   4.118650e-01  -2.768506e-05
  -2.671829e-06  -1.252099e-06   8.443131e-11   8.902831e-01   4.172131e-01  -2.813345e-05
  -2.662164e-06  -1.268096e-06   8.577342e-11   8.870625e-01   4.225438e-01  -2.858066e-05
  -2.652386e-06  -1.284041e-06   8.711193e-11   8.838046e-01   4.278566e-01  -2.902666e-05
  -2.642497e-06  -1.299931e-06   8.844676e-11   8.805095e-01   4.331515e-01  -2.947144e-05
  -2.632497e-06  -1.315766e-06   8.977785e-11   8.771771e-01   4.384280e-01  -2.991498e-05
  -2.622384e-06  -1.331546e-06   9.110514e-11   8.738076e-01   4.436859e-01  -3.035724e-05
  -2.612161e-06  -1.347269e-06   9.242856e-11   8.704010e-01   4.489250e-01  -3.079822e-05
  -2.601826e-06  -1.362935e-06   9.374804e-11   8.669573e-01   4.541450e-01  -3.123789e-05
  -2.591380e-06  -1.378542e-06   9.506353e-11   8.634767e-01   4.593457e-01  -3.167622e-05
  -2.580824e-06  -1.394091e-06   9.637496e-11   8.599592e-01   4.645267e-01  -3.211321e-05
  -2.570157e-06  -1.409580e-06   9.768225e-11   8.564048e-01   4.696877e-01  -3.254881e-05
  -2.559379e-06  -1.425009e-06   9.898535e-11   8.528136e-01   4.748287e-01  -3.298302e-05
  -2.548492e-06  -1.440376e-06   1.002842e-10   8.491857e-01   4.799491e-01  -3.341580e-05
  -2.537494e-06  -1.455680e-06   1.015787e-10   8.455212e-01   4.850489e-01  -3.384715e-05
  -2.526387e-06  -1.470922e-06   1.028688e-10   8.418201e-01   4.901277e-01  -3.427703e-05
  -2.515170e-06  -1.486101e-06   1.041545e-10   8.380824e-01   4.951852e-01  -3.470542e-05
  -2.503843e-06  -1.501214e-06   1.054356e-10   8.343084e-01   5.002212e-01  -3.513231e-05
  -2.492408e-06  -1.516262e-06   1.067121e-10   8.304980e-01   5.052354e-01  -3.555767e-05
  -2.480864e-06  -1.531244e-06   1.079840e-10   8.266513e-01   5.102275e-01  -3.598147e-05
  -2.469211e-06  -1.546159e-06   1.092511e-10   8.227685e-01   5.151974e-01  -3.640370e-05
  -2.457450e-06  -1.561006e-06   1.105135e-10   8.188495e-01   5.201445e-01  -3.682433e-05
  -2.445580e-06  -1.575784e-06   1.117710e-10   8.148945e-01   5.250689e-01  -3.724333e-05
  -2.433603e-06  -1.590493e-06   1.130235e-10   8.109036e-01   5.299700e-01  -3.766070e-05
  -2.421518e-06  -1.605132e-06   1.142711e-10   8.068768e-01   5.348477e-01  -3.807640e-05
  -2.409326e-06  -1.619699e-06   1.155136e-10   8.028143e-01   5.397018e-01  -3.849042e-05
  -2.397027e-06  -1.634195e-06   1.167510e-10   7.987161e-01   5.445318e-01  -3.890272e-05
  -2.384621e-06  -1.648617e-06   1.179831e-10   7.945823e-01   5.493376e-01  -3.931329e-05
  -2.372109e-06  -1.662966e-06   1.192100e-10   7.904130e-01   5.541188e-01  -3.972211e-05
  -2.359490e-06  -1.677241e-06   1.204316e-10   7.862084e-01   5.588753e-01  -4.012915e-05
  -2.346766e-06  -1.691440e-06   1.216478e-10   7.819685e-01   5.636067e-01  -4.053439e-05
  -2.333936e-06  -1.705564e-06   1.228585e-10   7.776934e-01   5.683127e-01  -4.093780e-05
  -2.321001e-06  -1.719610e-06   1.240636e-10   7.733832e-01   5.729931e-01  -4.133937e-05
  -2.307960e-06  -1.733578e-06   1.252631e-10   7.690380e-01   5.776476e-01  -4.173907e-05
  -2.294816e-06  -1.747468e-06   1.264570e-10   7.646580e-01   5.822759e-01  -4.213687e-05
  -2.281566e-06  -1.761279e-06   1.276451e-10   7.602433e-01   5.868777e-01  -4.253276e-05
  -2.268213e-06  -1.775009e-06   1.288274e-10   7.557939e-01   5.914528e-01  -4.292672e-05
  -2.254757e-06  -1.788659e-06   1.300038e-10   7.513099e-01   5.960009e-01  -4.331871e-05
  -2.241197e-06  -1.802226e-06   1.311743e-10   7.467916e-01   6.005217e-01  -4.370872e-05
  -2.227534e-06  -1.815710e-06   1.323387e-10   7.422390e-01   6.050149e-01  -4.409672e-05
  -2.213768e-06  -1.829111e-06   1.334970e-10   7.376522e-01   6.094802e-01  -4.448269e-05
  -2.199901e-06  -1.842428e-06   1.346492e-10   7.330314e-01   6.139174e-01  -4.486661e-05
  -2.185931e-06  -1.855659e-06   1.357951e-10   7.283766e-01   6.183262e-01  -4.524845e-05
  -2.171860e-06  -1.868804e-06   1.369348e-10   7.236880e-01   6.227063e-01  -4.562819e-05
  -2.157689e-06  -1.881863e-06   1.380681e-10   7.189658e-01   6.270575e-01  -4.600581e-05
  -2.143416e-06  -1.894833e-06   1.391949e-10   7.142100e-01   6.313794e-01  -4.638129e-05
  -2.129043e-06  -1.907715e-06   1.403152e-10   7.094209e-01   6.356718e-01  -4.675459e-05
  -2.114571e-06  -1.920507e-06   1.414290e-10   7.045984e-01   6.399343e-01  -4.712570e-05
  -2.099999e-06  -1.933209e-06   1.425361e-10   6.997429e-01   6.441668e-01  -4.749460e-05
  -2.085328e-06  -1.945820e-06   1.436364e-10   6.948543e-01   6.483689e-01  -4.786125e-05
  -2.070558e-06  -1.958339e-06   1.447300e-10   6.899329e-01   6.525403e-01  -4.822565e-05
  -2.055690e-06  -1.970765e-06   1.458167e-10   6.849788e-01   6.566809e-01  -4.858776e-05
  -2.040725e-06  -1.983098e-06   1.468965e-10   6.799921e-01   6.607902e-01  -4.894756e-05
  -2.025662e-06  -1.995336e-06   1.479693e-10   6.749731e-01   6.648680e-01  -4.930502e-05
  -2.010502e-06  -2.007478e-06   1.490351e-10   6.699217e-01   6.689141e-01  -4.966013e-05
  -1.995247e-06  -2.019525e-06   1.500936e-10   6.648383e-01   6.729281e-01  -5.001286e-05
  -1.979895e-06  -2.031474e-06   1.511450e-10   6.597230e-01   6.769097e-01  -5.036319e-05
  -1.964448e-06  -2.043326e-06   1.521891e-10   6.545758e-01   6.808588e-01  -5.071109e-05
  -1.948906e-06  -2.055078e-06   1.532258e-10   6.493970e-01   6.847749e-01  -5.105655e-05
  -1.933269e-06  -2.066732e-06   1.542551e-10   6.441868e-01   6.886579e-01  -5.139952e-05
  -1.917539e-06  -2.078284e-06   1.552770e-10   6.389453e-01   6.925074e-01  -5.174001e-05
  -1.901715e-06  -2.089736e-06   1.562912e-10   6.336726e-01   6.963232e-01  -5.207797e-05
  -1.885799e-06  -2.101086e-06   1.572978e-10   6.283690e-01   7.001050e-01  -5.241338e-05
  -1.869790e-06  -2.112332e-06   1.582967e-10   6.230346e-01   7.038525e-01  -5.274623e-05
  -1.853689e-06  -2.123475e-06   1.592879e-10   6.176696e-01   7.075654e-01  -5.307649e-05
  -1.837496e-06  -2.134513e-06   1.602712e-10   6.122742e-01   7.112435e-01  -5.340413e-05
  -1.821213e-06  -2.145446e-06   1.612465e-10   6.068485e-01   7.148864e-01  -5.372914e-05
  -1.804840e-06  -2.156272e-06   1.622139e-10   6.013928e-01   7.184939e-01  -5.405148e-05
  -1.788377e-06  -2.166992e-06   1.631733e-10   5.959072e-01   7.220657e-01  -5.437114e-05
  -1.771825e-06  -2.177603e-06   1.641245e-10   5.903919e-01   7.256015e-01  -5.468809e-05
  -1.755185e-06  -2.188106e-06   1.650674e-10   5.848471e-01   7.291011e-01  -5.500231e-05
  -1.738456e-06  -2.198499e-06   1.660022e-10   5.792730e-01   7.325641e-01  -5.531377e-05
  -1.721641e-06  -2.208781e-06   1.669286e-10   5.736698e-01   7.359904e-01  -5.562245e-05
  -1.704738e-06  -2.218952e-06   1.678465e-10   5.680376e-01   7.393795e-01  -5.592833e-05
  -1.687749e-06  -2.229011e-06   1.687560e-10   5.623768e-01   7.427313e-01  -5.623138e-05
  -1.670675e-06  -2.238957e-06   1.696570e-10   5.566875e-01   7.460454e-01  -5.653158e-05
  -1.653516e-06  -2.248789e-06   1.705493e-10   5.509698e-01   7.493216e-01  -5.682891e-05
  -1.636272e-06  -2.258507e-06   1.714329e-10   5.452241e-01   7.525596e-01  -5.712334e-05
  -1.618945e-06  -2.268109e-06   1.723077e-10   5.394505e-01   7.557591e-01  -5.741485e-05
  -1.601535e-06  -2.277595e-06   1.731737e-10   5.336493e-01   7.589199e-01  -5.770341e-05
  -1.584043e-06  -2.286964e-06   1.740309e-10   5.278205e-01   7.620416e-01  -5.798901e-05
  -1.566468e-06  -2.296214e-06   1.748790e-10   5.219646e-01   7.651241e-01  -5.827162e-05
  -1.548813e-06  -2.305346e-06   1.757181e-10   5.160817e-01   7.681669e-01  -5.855121e-05
  -1.531077e-06  -2.314358e-06   1.765480e-10   5.101720e-01   7.711699e-01  -5.882777e-05
  -1.513262e-06  -2.323250e-06   1.773688e-10   5.042357e-01   7.741328e-01  -5.910126e-05
  -1.495368e-06  -2.332021e-06   1.781803e-10   4.982731e-01   7.770553e-01  -5.937167e-05
  -1.477395e-06  -2.340670e-06   1.789825e-10   4.922845e-01   7.799371e-01  -5.963897e-05
  -1.459345e-06  -2.349195e-06   1.797753e-10   4.862700e-01   7.827779e-01  -5.990314e-05
  -1.441218e-06  -2.357597e-06   1.805587e-10   4.802299e-01   7.855775e-01  -6.016416e-05
  -1.423015e-06  -2.365875e-06   1.813325e-10   4.741644e-01   7.883357e-01  -6.042200e-05
  -1.404737e-06  -2.374027e-06   1.820967e-10   4.680738e-01   7.910521e-01  -6.067663e-05
  -1.386384e-06  -2.382053e-06   1.828512e-10   4.619584e-01   7.937264e-01  -6.092805e-05
  -1.367957e-06  -2.389952e-06   1.835960e-10   4.558183e-01   7.963585e-01  -6.117621e-05
  -1.349456e-06  -2.397723e-06   1.843309e-10   4.496539e-01   7.989479e-01  -6.142111e-05
  -1.330884e-06  -2.405366e-06   1.850560e-10   4.434653e-01   8.014946e-01  -6.166272e-05
  -1.312240e-06  -2.412879e-06   1.857711e-10   4.372529e-01   8.039981e-01  -6.190100e-05
  -1.293525e-06  -2.420262e-06   1.864762e-10   4.310169e-01   8.064583e-01  -6.213595e-05
  -1.274740e-06  -2.427515e-06   1.871713e-10   4.247576e-01   8.088749e-01  -6.236754e-05
  -1.255886e-06  -2.434635e-06   1.878561e-10   4.184753e-01   8.112475e-01  -6.259574e-05
  -1.236964e-06  -2.441623e-06   1.885307e-10   4.121702e-01   8.135760e-01  -6.282054e-05
  -1.217974e-06  -2.448478e-06   1.891951e-10   4.058425e-01   8.158601e-01  -6.304190e-05
  -1.198918e-06  -2.455199e-06   1.898491e-10   3.994927e-01   8.180994e-01  -6.325982e-05
  -1.179795e-06  -2.461784e-06   1.904926e-10   3.931209e-01   8.202939e-01  -6.347425e-05
  -1.160608e-06  -2.468234e-06   1.911257e-10   3.867274e-01   8.224431e-01  -6.368519e-05
  -1.141356e-06  -2.474548e-06   1.917481e-10   3.803125e-01   8.245469e-01  -6.389261e-05
  -1.122041e-06  -2.480725e-06   1.923600e-10   3.738766e-01   8.266050e-01  -6.409649e-05
  -1.102664e-06  -2.486763e-06   1.929612e-10   3.674199e-01   8.286170e-01  -6.429680e-05
  -1.083225e-06  -2.492663e-06   1.935515e-10   3.609426e-01   8.305829e-01  -6.449352e-05
  -1.063726e-06  -2.498423e-06   1.941311e-10   3.544452e-01   8.325023e-01  -6.468664e-05
  -1.044167e-06  -2.504043e-06   1.946998e-10   3.479279e-01   8.343749e-01  -6.487612e-05
  -1.024549e-06  -2.509522e-06   1.952575e-10   3.413910e-01   8.362005e-01  -6.506195e-05
  -1.004873e-06  -2.514859e-06   1.958041e-10   3.348348e-01   8.379789e-01  -6.524411e-05
  -9.851400e-07  -2.520054e-06   1.963397e-10   3.282596e-01   8.397099e-01  -6.542256e-05
  -9.653512e-07  -2.525105e-06   1.968641e-10   3.216657e-01   8.413931e-01  -6.559730e-05
  -9.455074e-07  -2.530013e-06   1.973773e-10   3.150536e-01   8.430283e-01  -6.576830e-05
  -9.256095e-07  -2.534775e-06   1.978792e-10   3.084233e-01   8.446153e-01  -6.593554e-05
  -9.056584e-07  -2.539393e-06   1.983697e-10   3.017754e-01   8.461538e-01  -6.609899e-05
  -8.856553e-07  -2.543864e-06   1.988488e-10   2.951102e-01   8.476436e-01  -6.625863e-05
  -8.656010e-07  -2.548188e-06   1.993165e-10   2.884279e-01   8.490845e-01  -6.641446e-05
  -8.454965e-07  -2.552364e-06   1.997725e-10   2.817288e-01   8.504761e-01  -6.656643e-05
  -8.253429e-07  -2.556393e-06   2.002170e-10   2.750134e-01   8.518184e-01  -6.671453e-05
  -8.051412e-07  -2.560272e-06   2.006498e-10   2.682820e-01   8.531110e-01  -6.685875e-05
  -7.848925e-07  -2.564001e-06   2.010709e-10   2.615349e-01   8.543537e-01  -6.699906e-05
  -7.645976e-07  -2.567580e-06   2.014802e-10   2.547724e-01   8.555462e-01  -6.713543e-05
  -7.442578e-07  -2.571008e-06   2.018776e-10   2.479950e-01   8.566885e-01  -6.726786e-05
  -7.238740e-07  -2.574284e-06   2.022631e-10   2.412029e-01   8.577801e-01  -6.739631e-05
  -7.034473e-07  -2.577408e-06   2.026366e-10   2.343965e-01   8.588209e-01  -6.752077e-05
  -6.829789e-07  -2.580378e-06   2.029981e-10   2.275761e-01   8.598107e-01  -6.764121e-05
  -6.624697e-07  -2.583195e-06   2.033475e-10   2.207423e-01   8.607493e-01  -6.775763e-05
  -6.419209e-07  -2.585857e-06   2.036847e-10   2.138952e-01   8.616363e-01  -6.786999e-05
  -6.213336e-07  -2.588364e-06   2.040097e-10   2.070353e-01   8.624717e-01  -6.797828e-05
  -6.007089e-07  -2.590715e-06   2.043224e-10   2.001629e-01   8.632551e-01  -6.808248e-05
  -5.800479e-07  -2.592910e-06   2.046227e-10   1.932784e-01   8.639864e-01  -6.818257e-05
  -5.593518e-07  -2.594948e-06   2.049107e-10   1.863822e-01   8.646654e-01  -6.827852e-05
  -5.386217e-07  -2.596828e-06   2.051862e-10   1.794747e-01   8.652918e-01  -6.837033e-05
  -5.178587e-07  -2.598549e-06   2.054492e-10   1.725563e-01   8.658655e-01  -6.845797e-05
  -4.970640e-07  -2.600112e-06   2.056997e-10   1.656273e-01   8.663862e-01  -6.854142e-05
  -4.762389e-07  -2.601515e-06   2.059375e-10   1.586881e-01   8.668537e-01  -6.862066e-05
  -4.553844e-07  -2.602758e-06   2.061626e-10   1.517391e-01   8.672679e-01  -6.869568e-05
  -4.345018e-07  -2.603840e-06   2.063751e-10   1.447808e-01   8.676285e-01  -6.876646e-05
  -4.135923e-07  -2.604761e-06   2.065747e-10   1.378136e-01   8.679353e-01  -6.883297e-05
  -3.926571e-07  -2.605520e-06   2.067614e-10   1.308377e-01   8.681881e-01  -6.889521e-05
  -3.716974e-07  -2.606116e-06   2.069353e-10   1.238537e-01   8.683868e-01  -6.895315e-05
  -3.507144e-07  -2.606549e-06   2.070962e-10   1.168619e-01   8.685312e-01  -6.900677e-05
  -3.297094e-07  -2.606819e-06   2.072442e-10   1.098628e-01   8.686210e-01  -6.905606e-05
  -3.086836e-07  -2.606924e-06   2.073790e-10   1.028568e-01   8.686562e-01  -6.910100e-05
  -2.876383e-07  -2.606865e-06   2.075008e-10   9.584427e-02   8.686364e-01  -6.914157e-05
  -2.665748e-07  -2.606640e-06   2.076094e-10   8.882568e-02   8.685615e-01  -6.917776e-05
  -2.454943e-07  -2.606250e-06   2.077048e-10   8.180143e-02   8.684314e-01  -6.920955e-05
  -2.243982e-07  -2.605693e-06   2.077870e-10   7.477196e-02   8.682459e-01  -6.923693e-05
  -2.032877e-07  -2.604970e-06   2.078558e-10   6.773770e-02   8.680048e-01  -6.925987e-05
  -1.821641e-07  -2.604079e-06   2.079113e-10   6.069909e-02   8.677080e-01  -6.927836e-05
  -1.610288e-07  -2.603020e-06   2.079534e-10   5.365658e-02   8.673552e-01  -6.929238e-05
  -1.398831e-07  -2.601793e-06   2.079821e-10   4.661059e-02   8.669463e-01  -6.930193e-05
  -1.187283e-07  -2.600397e-06   2.079972e-10   3.956157e-02   8.664812e-01  -6.930698e-05
  -9.756574e-08  -2.598832e-06   2.079988e-10   3.250999e-02   8.659597e-01  -6.930752e-05
  -7.639685e-08  -2.597097e-06   2.079869e-10   2.545628e-02   8.653816e-01  -6.930353e-05
  -5.522295e-08  -2.595192e-06   2.079613e-10   1.840090e-02   8.647469e-01  -6.929500e-05
  -3.404542e-08  -2.593117e-06   2.079220e-10   1.134431e-02   8.640553e-01  -6.928192e-05
  -1.286565e-08  -2.590870e-06   2.078690e-10   4.286977e-03   8.633067e-01  -6.926427e-05
   8.314977e-09  -2.588452e-06   2.078023e-10  -2.770642e-03   8.625010e-01  -6.924204e-05
   2.949505e-08  -2.585863e-06   2.077218e-10  -9.828078e-03   8.616381e-01  -6.921521e-05
   5.067316e-08  -2.583100e-06   2.076274e-10  -1.688486e-02   8.607178e-01  -6.918377e-05
   7.184788e-08  -2.580166e-06   2.075192e-10  -2.394051e-02   8.597399e-01  -6.914770e-05
   9.301778e-08  -2.577058e-06   2.073971e-10  -3.099456e-02   8.587044e-01  -6.910701e-05
   1.141814e-07  -2.573777e-06   2.072610e-10  -3.804652e-02   8.576112e-01  -6.906166e-05
   1.353374e-07  -2.570323e-06   2.071109e-10  -4.509592e-02   8.564600e-01  -6.901165e-05
   1.564842e-07  -2.566694e-06   2.069468e-10  -5.214226e-02   8.552509e-01  -6.895697e-05
   1.776203e-07  -2.562891e-06   2.067686e-10  -5.918506e-02   8.539837e-01  -6.889760e-05
   1.987443e-07  -2.558913e-06   2.065764e-10  -6.622382e-02   8.526583e-01  -6.883354e-05
   2.198548e-07  -2.554761e-06   2.063700e-10  -7.325806e-02   8.512746e-01  -6.876477e-05
   2.409502e-07  -2.550433e-06   2.061495e-10  -8.028727e-02   8.498324e-01  -6.869129e-05
   2.620289e-07  -2.545929e-06   2.059147e-10  -8.731095e-02   8.483318e-01  -6.861307e-05
   2.830896e-07  -2.541250e-06   2.056658e-10  -9.432861e-02   8.467726e-01  -6.853012e-05
   3.041307e-07  -2.536394e-06   2.054026e-10  -1.013397e-01   8.451547e-01  -6.844242e-05
   3.251506e-07  -2.531362e-06   2.051251e-10  -1.083438e-01   8.434781e-01  -6.834996e-05
   3.461479e-07  -2.526154e-06   2.048333e-10  -1.153403e-01   8.417426e-01  -6.825273e-05
   3.671209e-07  -2.520769e-06   2.045272e-10  -1.223288e-01   8.399482e-01  -6.815073e-05
   3.880682e-07  -2.515207e-06   2.042067e-10  -1.293086e-01   8.380949e-01  -6.804394e-05
   4.089881e-07  -2.509468e-06   2.038719e-10  -1.362794e-01   8.361825e-01  -6.793236e-05
   4.298791e-07  -2.503551e-06   2.035226e-10  -1.432405e-01   8.342110e-01  -6.781598e-05
   4.507396e-07  -2.497457e-06   2.031589e-10  -1.501914e-01   8.321804e-01  -6.769479e-05
   4.715681e-07  -2.491185e-06   2.027807e-10  -1.571317e-01   8.300906e-01  -6.756879e-05
   4.923629e-07  -2.484736e-06   2.023881e-10  -1.640608e-01   8.279415e-01  -6.743796e-05
   5.131225e-07  -2.478108e-06   2.019810e-10  -1.709781e-01   8.257331e-01  -6.730230e-05
   5.338452e-07  -2.471303e-06   2.015593e-10  -1.778831e-01   8.234654e-01  -6.716181e-05
   5.545294e-07  -2.464319e-06   2.011232e-10  -1.847753e-01   8.211384e-01  -6.701648e-05
   5.751735e-07  -2.457157e-06   2.006725e-10  -1.916542e-01   8.187520e-01  -6.686630e-05
   5.957759e-07  -2.449817e-06   2.002072e-10  -1.985191e-01   8.163062e-01  -6.671127e-05
   6.163349e-07  -2.442298e-06   1.997274e-10  -2.053696e-01   8.138009e-01  -6.655138e-05
   6.368489e-07  -2.434602e-06   1.992330e-10  -2.122051e-01   8.112363e-01  -6.638663e-05
   6.573162e-07  -2.426726e-06   1.987239e-10  -2.190251e-01   8.086122e-01  -6.621702e-05
   6.777352e-07  -2.418673e-06   1.982003e-10  -2.258289e-01   8.059286e-01  -6.604254e-05
   6.981043e-07  -2.410441e-06   1.976621e-10  -2.326161e-01   8.031857e-01  -6.586320e-05
   7.184217e-07  -2.402031e-06   1.971092e-10  -2.393861e-01   8.003833e-01  -6.567898e-05
   7.386858e-07  -2.393442e-06   1.965417e-10  -2.461383e-01   7.975214e-01  -6.548988e-05
   7.588948e-07  -2.384675e-06   1.959596e-10  -2.528722e-01   7.946002e-01  -6.529590e-05
   7.790472e-07  -2.375730e-06   1.953628e-10  -2.595872e-01   7.916197e-01  -6.509705e-05
   7.991412e-07  -2.366607e-06   1.947514e-10  -2.662827e-01   7.885798e-01  -6.489332e-05
   8.191750e-07  -2.357306e-06   1.941253e-10  -2.729582e-01   7.854806e-01  -6.468471e-05
   8.391471e-07  -2.347827e-06   1.934846e-10  -2.796131e-01   7.823221e-01  -6.447122e-05
   8.590557e-07  -2.338171e-06   1.928293e-10  -2.862469e-01   7.791044e-01  -6.425285e-05
   8.788990e-07  -2.328337e-06   1.921593e-10  -2.928589e-01   7.758276e-01  -6.402960e-05
   8.986754e-07  -2.318325e-06   1.914746e-10  -2.994486e-01   7.724917e-01  -6.380147e-05
   9.183831e-07  -2.308137e-06   1.907754e-10  -3.060155e-01   7.690967e-01  -6.356847e-05
   9.380204e-07  -2.297771e-06   1.900615e-10  -3.125588e-01   7.656428e-01  -6.333060e-05
   9.575856e-07  -2.287229e-06   1.893330e-10  -3.190782e-01   7.621300e-01  -6.308785e-05
   9.770769e-07  -2.276510e-06   1.885899e-10  -3.255729e-01   7.585584e-01  -6.284024e-05
   9.964925e-07  -2.265615e-06   1.878322e-10  -3.320424e-01   7.549281e-01  -6.258776e-05
   1.015831e-06  -2.254544e-06   1.870599e-10  -3.384861e-01   7.512391e-01  -6.233042e-05
   1.035090e-06  -2.243298e-06   1.862730e-10  -3.449035e-01   7.474917e-01  -6.206823e-05
   1.054268e-06  -2.231876e-06   1.854716e-10  -3.512939e-01   7.436858e-01  -6.180118e-05
   1.073364e-06  -2.220279e-06   1.846556e-10  -3.576567e-01   7.398216e-01  -6.152929e-05
   1.092375e-06  -2.208508e-06   1.838251e-10  -3.639915e-01   7.358993e-01  -6.125257e-05
   1.111300e-06  -2.196562e-06   1.829801e-10  -3.702975e-01   7.319188e-01  -6.097101e-05
   1.130137e-06  -2.184443e-06   1.821207e-10  -3.765742e-01   7.278805e-01  -6.068462e-05
   1.148884e-06  -2.172150e-06   1.812467e-10  -3.828210e-01   7.237844e-01  -6.039342e-05
   1.167540e-06  -2.159684e-06   1.803584e-10  -3.890374e-01   7.196306e-01  -6.009741e-05
   1.186103e-06  -2.147045e-06   1.794556e-10  -3.952226e-01   7.154194e-01  -5.979659e-05
   1.204570e-06  -2.134235e-06   1.785384e-10  -4.013762e-01   7.111508e-01  -5.949099e-05
   1.222941e-06  -2.121253e-06   1.776069e-10  -4.074975e-01   7.068250e-01  -5.918060e-05
   1.241213e-06  -2.108100e-06   1.766611e-10  -4.135860e-01   7.024423e-01  -5.886544e-05
   1.259385e-06  -2.094776e-06   1.757010e-10  -4.196410e-01   6.980027e-01  -5.854552e-05
   1.277454e-06  -2.081283e-06   1.747266e-10  -4.256620e-01   6.935065e-01  -5.822085e-05
   1.295420e-06  -2.067620e-06   1.737380e-10  -4.316483e-01   6.889538e-01  -5.789144e-05
   1.313280e-06  -2.053788e-06   1.727352e-10  -4.375993e-01   6.843449e-01  -5.755730e-05
   1.331032e-06  -2.039788e-06   1.717183e-10  -4.435146e-01   6.796800e-01  -5.721845e-05
   1.348675e-06  -2.025620e-06   1.706873e-10  -4.493934e-01   6.749592e-01  -5.687490e-05
   1.366206e-06  -2.011286e-06   1.696422e-10  -4.552352e-01   6.701829e-01  -5.652667e-05
   1.383625e-06  -1.996785e-06   1.685831e-10  -4.610393e-01   6.653511e-01  -5.617376e-05
   1.400930e-06  -1.982119e-06   1.675100e-10  -4.668053e-01   6.604642e-01  -5.581620e-05
   1.418117e-06  -1.967288e-06   1.664230e-10  -4.725324e-01   6.555224e-01  -5.545399e-05
   1.435187e-06  -1.952293e-06   1.653221e-10  -4.782201e-01   6.505259e-01  -5.508716e-05
   1.452136e-06  -1.937135e-06   1.642074e-10  -4.838678e-01   6.454750e-01  -5.471573e-05
   1.468964e-06  -1.921814e-06   1.630789e-10  -4.894750e-01   6.403699e-01  -5.433970e-05
   1.485668e-06  -1.906332e-06   1.619367e-10  -4.950409e-01   6.352110e-01  -5.395910e-05
   1.502246e-06  -1.890689e-06   1.607808e-10  -5.005651e-01   6.299984e-01  -5.357395e-05
   1.518698e-06  -1.874885e-06   1.596113e-10  -5.060469e-01   6.247325e-01  -5.318426e-05
   1.535020e-06  -1.858923e-06   1.584283e-10  -5.114857e-01   6.194136e-01  -5.279006e-05
   1.551212e-06  -1.842802e-06   1.572317e-10  -5.168810e-01   6.140420e-01  -5.239136e-05
   1.567271e-06  -1.826523e-06   1.560218e-10  -5.222322e-01   6.086179e-01  -5.198819e-05
   1.583196e-06  -1.810089e-06   1.547985e-10  -5.275386e-01   6.031417e-01  -5.158056e-05
   1.598985e-06  -1.793499e-06   1.535618e-10  -5.327997e-01   5.976137e-01  -5.116851e-05
   1.614637e-06  -1.776754e-06   1.523120e-10  -5.380149e-01   5.920342e-01  -5.075205e-05
   1.630149e-06  -1.759856e-06   1.510490e-10  -5.431836e-01   5.864035e-01  -5.033120e-05
   1.645519e-06  -1.742805e-06   1.497729e-10  -5.483053e-01   5.807221e-01  -4.990599e-05
   1.660747e-06  -1.725603e-06   1.484838e-10  -5.533794e-01   5.749902e-01  -4.947645e-05
   1.675830e-06  -1.708251e-06   1.471818e-10  -5.584052e-01   5.692082e-01  -4.904260e-05
   1.690767e-06  -1.690749e-06   1.458669e-10  -5.633822e-01   5.633765e-01  -4.860446e-05
   1.705555e-06  -1.673100e-06   1.445392e-10  -5.683099e-01   5.574954e-01  -4.816206e-05
   1.720194e-06  -1.655303e-06   1.431988e-10  -5.731876e-01   5.515653e-01  -4.771543e-05
   1.734681e-06  -1.637360e-06   1.418458e-10  -5.780148e-01   5.455866e-01  -4.726460e-05
   1.749014e-06  -1.619273e-06   1.404803e-10  -5.827910e-01   5.395597e-01  -4.680959e-05
   1.763193e-06  -1.601042e-06   1.391023e-10  -5.875155e-01   5.334850e-01  -4.635043e-05
   1.777215e-06  -1.582669e-06   1.377120e-10  -5.921878e-01   5.273629e-01  -4.588716e-05
   1.791079e-06  -1.564155e-06   1.363094e-10  -5.968074e-01   5.211938e-01  -4.541979e-05
   1.804783e-06  -1.545501e-06   1.348946e-10  -6.013736e-01   5.149782e-01  -4.494837e-05
   1.818325e-06  -1.526709e-06   1.334677e-10  -6.058860e-01   5.087164e-01  -4.447292e-05
   1.831704e-06  -1.507780e-06   1.320289e-10  -6.103439e-01   5.024090e-01  -4.399348e-05
   1.844917e-06  -1.488715e-06   1.305781e-10  -6.147469e-01   4.960563e-01  -4.351008e-05
   1.857965e-06  -1.469515e-06   1.291156e-10  -6.190944e-01   4.896588e-01  -4.302274e-05
   1.870844e-06  -1.450183e-06   1.276414e-10  -6.233859e-01   4.832170e-01  -4.253152e-05
   1.883553e-06  -1.430718e-06   1.261555e-10  -6.276207e-01   4.767313e-01  -4.203643e-05
   1.896091e-06  -1.411124e-06   1.246583e-10  -6.317984e-01   4.702022e-01  -4.153751e-05
   1.908455e-06  -1.391401e-06   1.231496e-10  -6.359185e-01   4.636302e-01  -4.103481e-05
   1.920645e-06  -1.371550e-06   1.216297e-10  -6.399804e-01   4.570158e-01  -4.052835e-05
   1.932659e-06  -1.351574e-06   1.200986e-10  -6.439836e-01   4.503595e-01  -4.001817e-05
   1.944496e-06  -1.331474e-06   1.185564e-10  -6.479276e-01   4.436618e-01  -3.950432e-05
   1.956153e-06  -1.311250e-06   1.170034e-10  -6.518118e-01   4.369231e-01  -3.898682e-05
   1.967629e-06  -1.290906e-06   1.154395e-10  -6.556358e-01   4.301441e-01  -3.846572e-05
   1.978923e-06  -1.270442e-06   1.138649e-10  -6.593991e-01   4.233253e-01  -3.794106e-05
   1.990033e-06  -1.249860e-06   1.122798e-10  -6.631011e-01   4.164671e-01  -3.741287e-05
   2.000958e-06  -1.229161e-06   1.106842e-10  -6.667414e-01   4.095701e-01  -3.688120e-05
   2.011696e-06  -1.208348e-06   1.090782e-10  -6.703195e-01   4.026350e-01  -3.634608e-05
   2.022246e-06  -1.187422e-06   1.074621e-10  -6.738348e-01   3.956621e-01  -3.580757e-05
   2.032606e-06  -1.166384e-06   1.058359e-10  -6.772870e-01   3.886522e-01  -3.526570e-05
   2.042775e-06  -1.145237e-06   1.041997e-10  -6.806754e-01   3.816057e-01  -3.472051e-05
   2.052752e-06  -1.123982e-06   1.025537e-10  -6.839998e-01   3.745232e-01  -3.417205e-05
   2.062535e-06  -1.102620e-06   1.008981e-10  -6.872595e-01   3.674054e-01  -3.362036e-05
   2.072122e-06  -1.081155e-06   9.923285e-11  -6.904541e-01   3.602527e-01  -3.306549e-05
   2.081513e-06  -1.059586e-06   9.755821e-11  -6.935832e-01   3.530659e-01  -3.250748e-05
   2.090706e-06  -1.037917e-06   9.587429e-11  -6.966464e-01   3.458455e-01  -3.194638e-05
   2.099699e-06  -1.016149e-06   9.418123e-11  -6.996431e-01   3.385922e-01  -3.138223e-05
   2.108492e-06  -9.942840e-07   9.247917e-11  -7.025730e-01   3.313065e-01  -3.081509e-05
   2.117083e-06  -9.723236e-07   9.076826e-11  -7.054356e-01   3.239890e-01  -3.024499e-05
   2.125471e-06  -9.502700e-07   8.904863e-11  -7.082305e-01   3.166405e-01  -2.967199e-05
   2.133654e-06  -9.281249e-07   8.732044e-11  -7.109573e-01   3.092615e-01  -2.909614e-05
   2.141632e-06  -9.058903e-07   8.558383e-11  -7.136155e-01   3.018527e-01  -2.851748e-05
   2.149403e-06  -8.835682e-07   8.383895e-11  -7.162048e-01   2.944147e-01  -2.793607e-05
   2.156965e-06  -8.611606e-07   8.208595e-11  -7.187248e-01   2.869483e-01  -2.735195e-05
   2.164319e-06  -8.386694e-07   8.032500e-11  -7.211750e-01   2.794540e-01  -2.676518e-05
   2.171462e-06  -8.160967e-07   7.855623e-11  -7.235552e-01   2.719325e-01  -2.617581e-05
   2.178393e-06  -7.934445e-07   7.677981e-11  -7.258648e-01   2.643845e-01  -2.558388e-05
   2.185112e-06  -7.707148e-07   7.499589e-11  -7.281036e-01   2.568107e-01  -2.498946e-05
   2.191617e-06  -7.479097e-07   7.320464e-11  -7.302711e-01   2.492118e-01  -2.439260e-05
   2.197907e-06  -7.250314e-07   7.140621e-11  -7.323671e-01   2.415885e-01  -2.379334e-05
   2.203982e-06  -7.020818e-07   6.960077e-11  -7.343911e-01   2.339414e-01  -2.319175e-05
   2.209839e-06  -6.790631e-07   6.778848e-11  -7.363429e-01   2.262714e-01  -2.258787e-05
   2.215479e-06  -6.559775e-07   6.596951e-11  -7.382221e-01   2.185790e-01  -2.198177e-05
   2.220899e-06  -6.328271e-07   6.414402e-11  -7.400283e-01   2.108650e-01  -2.137350e-05
   2.226100e-06  -6.096140e-07   6.231218e-11  -7.417613e-01   2.031302e-01  -2.076311e-05
   2.231080e-06  -5.863405e-07   6.047416e-11  -7.434207e-01   1.953752e-01  -2.015066e-05
   2.235839e-06  -5.630087e-07   5.863013e-11  -7.450063e-01   1.876008e-01  -1.953621e-05
   2.240375e-06  -5.396209e-07   5.678027e-11  -7.465178e-01   1.798077e-01  -1.891982e-05
   2.244687e-06  -5.161793e-07   5.492475e-11  -7.479548e-01   1.719967e-01  -1.830154e-05
   2.248776e-06  -4.926862e-07   5.306374e-11  -7.493171e-01   1.641685e-01  -1.768143e-05
   2.252639e-06  -4.691437e-07   5.119742e-11  -7.506044e-01   1.563239e-01  -1.705955e-05
   2.256277e-06  -4.455542e-07   4.932597e-11  -7.518165e-01   1.484636e-01  -1.643596e-05
   2.259688e-06  -4.219200e-07   4.744957e-11  -7.529531e-01   1.405884e-01  -1.581072e-05
   2.262872e-06  -3.982434e-07   4.556839e-11  -7.540139e-01   1.326991e-01  -1.518389e-05
   2.265827e-06  -3.745266e-07   4.368262e-11  -7.549989e-01   1.247964e-01  -1.455554e-05
   2.268555e-06  -3.507720e-07   4.179245e-11  -7.559076e-01   1.168811e-01  -1.392571e-05
   2.271052e-06  -3.269820e-07   3.989805e-11  -7.567399e-01   1.089540e-01  -1.329447e-05
   2.273320e-06  -3.031589e-07   3.799962e-11  -7.574956e-01   1.010159e-01  -1.266189e-05
   2.275358e-06  -2.793050e-07   3.609733e-11  -7.581745e-01   9.306754e-02  -1.202803e-05
   2.277164e-06  -2.554228e-07   3.419137e-11  -7.587764e-01   8.510972e-02  -1.139294e-05
   2.278739e-06  -2.315146e-07   3.228194e-11  -7.593012e-01   7.714324e-02  -1.075670e-05
   2.280082e-06  -2.075828e-07   3.036922e-11  -7.597486e-01   6.916891e-02  -1.011936e-05
   2.281192e-06  -1.836299e-07   2.845340e-11  -7.601185e-01   6.118752e-02  -9.480989e-06
   2.282069e-06  -1.596582e-07   2.653467e-11  -7.604108e-01   5.319988e-02  -8.841648e-06
   2.282713e-06  -1.356702e-07   2.461324e-11  -7.606253e-01   4.520680e-02  -8.201403e-06
   2.283123e-06  -1.116682e-07   2.268928e-11  -7.607619e-01   3.720909e-02  -7.560318e-06
   2.283299e-06  -8.765482e-08   2.076299e-11  -7.608204e-01   2.920756e-02  -6.918458e-06
   2.283240e-06  -6.363243e-08   1.883457e-11  -7.608008e-01   2.120303e-02  -6.275887e-06
   2.282946e-06  -3.960349e-08   1.690421e-11  -7.607030e-01   1.319632e-02  -5.632670e-06
   2.282417e-06  -1.557047e-08   1.497211e-11  -7.605268e-01   5.188255e-03  -4.988874e-06
   2.281653e-06   8.464148e-09   1.303847e-11  -7.602722e-01  -2.820348e-03  -4.344563e-06
   2.280654e-06   3.249790e-08   1.110348e-11  -7.599391e-01  -1.082866e-02  -3.699804e-06
   2.279418e-06   5.652829e-08   9.167347e-12  -7.595275e-01  -1.883585e-02  -3.054662e-06
   2.277947e-06   8.055283e-08   7.230263e-12  -7.590372e-01  -2.684110e-02  -2.409204e-06
   2.276240e-06   1.045690e-07   5.292430e-12  -7.584684e-01  -3.484356e-02  -1.763496e-06
   2.274297e-06   1.285744e-07   3.354048e-12  -7.578208e-01  -4.284241e-02  -1.117606e-06
   2.272117e-06   1.525664e-07   1.415318e-12  -7.570946e-01  -5.083681e-02  -4.715995e-07
   2.269701e-06   1.765425e-07  -5.235599e-13  -7.562897e-01  -5.882593e-02   1.744560e-07
   2.267050e-06   2.005003e-07  -2.462383e-12  -7.554061e-01  -6.680892e-02   8.204933e-07
   2.264162e-06   2.244372e-07  -4.400949e-12  -7.544439e-01  -7.478496e-02   1.466445e-06
   2.261038e-06   2.483507e-07  -6.339057e-12  -7.534029e-01  -8.275320e-02   2.112244e-06
   2.257678e-06   2.722382e-07  -8.276503e-12  -7.522834e-01  -9.071281e-02   2.757823e-06
   2.254082e-06   2.960974e-07  -1.021308e-11  -7.510853e-01  -9.866294e-02   3.403113e-06
   2.250251e-06   3.199256e-07  -1.214860e-11  -7.498086e-01  -1.066028e-01   4.048048e-06
   2.246184e-06   3.437203e-07  -1.408284e-11  -7.484535e-01  -1.145314e-01   4.692559e-06
   2.241882e-06   3.674790e-07  -1.601561e-11  -7.470200e-01  -1.224481e-01   5.336579e-06
   2.237345e-06   3.911992e-07  -1.794670e-11  -7.455082e-01  -1.303519e-01   5.980039e-06
   2.232573e-06   4.148783e-07  -1.987590e-11  -7.439182e-01  -1.382421e-01   6.622872e-06
   2.227567e-06   4.385139e-07  -2.180303e-11  -7.422502e-01  -1.461177e-01   7.265010e-06
   2.222327e-06   4.621035e-07  -2.372785e-11  -7.405041e-01  -1.539780e-01   7.906385e-06
   2.216854e-06   4.856444e-07  -2.565019e-11  -7.386802e-01  -1.618221e-01   8.546928e-06
   2.211147e-06   5.091343e-07  -2.756983e-11  -7.367786e-01  -1.696492e-01   9.186572e-06
   2.205207e-06   5.325706e-07  -2.948656e-11  -7.347994e-01  -1.774584e-01   9.825250e-06
   2.199035e-06   5.559508e-07  -3.140019e-11  -7.327429e-01  -1.852490e-01   1.046289e-05
   2.192631e-06   5.792724e-07  -3.331051e-11  -7.306091e-01  -1.930200e-01   1.109943e-05
   2.185996e-06   6.025329e-07  -3.521732e-11  -7.283983e-01  -2.007706e-01   1.173480e-05
   2.179131e-06   6.257298e-07  -3.712041e-11  -7.261106e-01  -2.085001e-01   1.236893e-05
   2.172035e-06   6.488607e-07  -3.901958e-11  -7.237462e-01  -2.162076e-01   1.300176e-05
   2.164710e-06   6.719231e-07  -4.091463e-11  -7.213055e-01  -2.238922e-01   1.363321e-05
   2.157157e-06   6.949144e-07  -4.280536e-11  -7.187885e-01  -2.315532e-01   1.426322e-05
   2.149375e-06   7.178323e-07  -4.469157e-11  -7.161956e-01  -2.391897e-01   1.489173e-05
   2.141366e-06   7.406743e-07  -4.657305e-11  -7.135269e-01  -2.468009e-01   1.551866e-05
   2.133130e-06   7.634380e-07  -4.844960e-11  -7.107827e-01  -2.543860e-01   1.614394e-05
   2.124669e-06   7.861209e-07  -5.032103e-11  -7.079633e-01  -2.619442e-01   1.676752e-05
   2.115983e-06   8.087205e-07  -5.218713e-11  -7.050690e-01  -2.694747e-01   1.738933e-05
   2.107073e-06   8.312346e-07  -5.404770e-11  -7.021001e-01  -2.769766e-01   1.800929e-05
   2.097940e-06   8.536606e-07  -5.590255e-11  -6.990568e-01  -2.844492e-01   1.862735e-05
   2.088584e-06   8.759962e-07  -5.775148e-11  -6.959394e-01  -2.918917e-01   1.924343e-05
   2.079007e-06   8.982390e-07  -5.959429e-11  -6.927483e-01  -2.993032e-01   1.985748e-05
   2.069210e-06   9.203866e-07  -6.143079e-11  -6.894838e-01  -3.066830e-01   2.046942e-05
   2.059194e-06   9.424367e-07  -6.326077e-11  -6.861463e-01  -3.140304e-01   2.107919e-05
   2.048959e-06   9.643869e-07  -6.508405e-11  -6.827360e-01  -3.213444e-01   2.168673e-05
   2.038508e-06   9.862348e-07  -6.690044e-11  -6.792534e-01  -3.286244e-01   2.229197e-05
   2.027840e-06   1.007978e-06  -6.870973e-11  -6.756988e-01  -3.358696e-01   2.289485e-05
   2.016957e-06   1.029615e-06  -7.051174e-11  -6.720725e-01  -3.430791e-01   2.349529e-05
   2.005861e-06   1.051142e-06  -7.230628e-11  -6.683750e-01  -3.502523e-01   2.409325e-05
   1.994552e-06   1.072558e-06  -7.409315e-11  -6.646067e-01  -3.573884e-01   2.468866e-05
   1.983031e-06   1.093861e-06  -7.587217e-11  -6.607680e-01  -3.644866e-01   2.528145e-05
   1.971300e-06   1.115047e-06  -7.764315e-11  -6.568592e-01  -3.715462e-01   2.587156e-05
   1.959361e-06   1.136116e-06  -7.940591e-11  -6.528808e-01  -3.785664e-01   2.645893e-05
   1.947214e-06   1.157064e-06  -8.116025e-11  -6.488333e-01  -3.855465e-01   2.704350e-05
   1.934861e-06   1.177889e-06  -8.290600e-11  -6.447171e-01  -3.924858e-01   2.762520e-05
   1.922303e-06   1.198590e-06  -8.464297e-11  -6.405326e-01  -3.993835e-01   2.820398e-05
   1.909541e-06   1.219164e-06  -8.637098e-11  -6.362803e-01  -4.062389e-01   2.877977e-05
   1.896577e-06   1.239609e-06  -8.808985e-11  -6.319606e-01  -4.130514e-01   2.935252e-05
   1.883413e-06   1.259922e-06  -8.979940e-11  -6.275741e-01  -4.198201e-01   2.992216e-05
   1.870049e-06   1.280103e-06  -9.149945e-11  -6.231212e-01  -4.265445e-01   3.048863e-05
   1.856488e-06   1.300148e-06  -9.318983e-11  -6.186025e-01  -4.332237e-01   3.105189e-05
   1.842731e-06   1.320056e-06  -9.487036e-11  -6.140184e-01  -4.398572e-01   3.161186e-05
   1.828779e-06   1.339824e-06  -9.654087e-11  -6.093694e-01  -4.464442e-01   3.216849e-05
   1.814634e-06   1.359451e-06  -9.820119e-11  -6.046561e-01  -4.529841e-01   3.272173e-05
   1.800297e-06   1.378934e-06  -9.985114e-11  -5.998789e-01  -4.594762e-01   3.327151e-05
   1.785770e-06   1.398272e-06  -1.014906e-10  -5.950385e-01  -4.659198e-01   3.381778e-05
   1.771056e-06   1.417463e-06  -1.031193e-10  -5.901354e-01  -4.723143e-01   3.436049e-05
   1.756154e-06   1.436504e-06  -1.047371e-10  -5.851701e-01  -4.786590e-01   3.489958e-05
   1.741068e-06   1.455394e-06  -1.063440e-10  -5.801432e-01  -4.849534e-01   3.543499e-05
   1.725798e-06   1.474131e-06  -1.079396e-10  -5.750552e-01  -4.911967e-01   3.596668e-05
   1.710348e-06   1.492712e-06  -1.095239e-10  -5.699068e-01  -4.973883e-01   3.649458e-05
   1.694717e-06   1.511137e-06  -1.110967e-10  -5.646985e-01  -5.035277e-01   3.701865e-05
   1.678908e-06   1.529403e-06  -1.126578e-10  -5.594308e-01  -5.096142e-01   3.753883e-05
   1.662923e-06   1.547509e-06  -1.142071e-10  -5.541045e-01  -5.156473e-01   3.805507e-05
   1.646764e-06   1.565453e-06  -1.157444e-10  -5.487201e-01  -5.216262e-01   3.856733e-05
   1.630433e-06   1.583232e-06  -1.172696e-10  -5.432782e-01  -5.275506e-01   3.907554e-05
   1.613930e-06   1.600846e-06  -1.187825e-10  -5.377794e-01  -5.334197e-01   3.957966e-05
   1.597259e-06   1.618292e-06  -1.202830e-10  -5.322244e-01  -5.392330e-01   4.007964e-05
   1.580421e-06   1.635570e-06  -1.217710e-10  -5.266138e-01  -5.449900e-01   4.057544e-05
   1.563418e-06   1.652676e-06  -1.232462e-10  -5.209482e-01  -5.506901e-01   4.106699e-05
   1.546252e-06   1.669610e-06  -1.247085e-10  -5.152283e-01  -5.563327e-01   4.155427e-05
   1.528925e-06   1.686371e-06  -1.261579e-10  -5.094547e-01  -5.619174e-01   4.203721e-05
   1.511438e-06   1.702955e-06  -1.275941e-10  -5.036280e-01  -5.674436e-01   4.251578e-05
   1.493795e-06   1.719363e-06  -1.290171e-10  -4.977490e-01  -5.729107e-01   4.298993e-05
   1.475996e-06   1.735592e-06  -1.304267e-10  -4.918183e-01  -5.783184e-01   4.345962e-05
   1.458044e-06   1.751641e-06  -1.318227e-10  -4.858365e-01  -5.836661e-01   4.392479e-05
   1.439941e-06   1.767508e-06  -1.332051e-10  -4.798044e-01  -5.889532e-01   4.438541e-05
   1.421689e-06   1.783192e-06  -1.345737e-10  -4.737226e-01  -5.941794e-01   4.484144e-05
   1.403290e-06   1.798692e-06  -1.359283e-10  -4.675918e-01  -5.993442e-01   4.529282e-05
   1.384746e-06   1.814006e-06  -1.372689e-10  -4.614128e-01  -6.044470e-01   4.573953e-05
   1.366059e-06   1.829133e-06  -1.385954e-10  -4.551861e-01  -6.094875e-01   4.618153e-05
   1.347232e-06   1.844072e-06  -1.399076e-10  -4.489126e-01  -6.144652e-01   4.661876e-05
   1.328265e-06   1.858821e-06  -1.412054e-10  -4.425928e-01  -6.193797e-01   4.705120e-05
   1.309163e-06   1.873378e-06  -1.424886e-10  -4.362275e-01  -6.242305e-01   4.747880e-05
   1.289926e-06   1.887744e-06  -1.437573e-10  -4.298175e-01  -6.290172e-01   4.790153e-05
   1.270556e-06   1.901916e-06  -1.450112e-10  -4.233635e-01  -6.337395e-01   4.831934e-05
   1.251057e-06   1.915893e-06  -1.462503e-10  -4.168661e-01  -6.383969e-01   4.873222e-05
   1.231430e-06   1.929675e-06  -1.474744e-10  -4.103261e-01  -6.429891e-01   4.914011e-05
   1.211677e-06   1.943259e-06  -1.486835e-10  -4.037442e-01  -6.475156e-01   4.954299e-05
   1.191800e-06   1.956646e-06  -1.498774e-10  -3.971211e-01  -6.519761e-01   4.994082e-05
   1.171803e-06   1.969833e-06  -1.510561e-10  -3.904577e-01  -6.563703e-01   5.033356e-05
   1.151686e-06   1.982821e-06  -1.522194e-10  -3.837546e-01  -6.606978e-01   5.072119e-05
   1.131452e-06   1.995607e-06  -1.533673e-10  -3.770125e-01  -6.649583e-01   5.110368e-05
   1.111104e-06   2.008191e-06  -1.544996e-10  -3.702323e-01  -6.691514e-01   5.148099e-05
   1.090644e-06   2.020572e-06  -1.556163e-10  -3.634146e-01  -6.732769e-01   5.185309e-05
   1.070073e-06   2.032748e-06  -1.567173e-10  -3.565602e-01  -6.773343e-01   5.221995e-05
   1.049394e-06   2.044720e-06  -1.578025e-10  -3.496699e-01  -6.813235e-01   5.258156e-05
   1.028610e-06   2.056486e-06  -1.588719e-10  -3.427443e-01  -6.852441e-01   5.293786e-05
   1.007723e-06   2.068046e-06  -1.599252e-10  -3.357844e-01  -6.890958e-01   5.328885e-05
   9.867340e-07   2.079398e-06  -1.609625e-10  -3.287907e-01  -6.928784e-01   5.363450e-05
   9.656466e-07   2.090542e-06  -1.619837e-10  -3.217642e-01  -6.965917e-01   5.397477e-05
   9.444626e-07   2.101476e-06  -1.629887e-10  -3.147054e-01  -7.002353e-01   5.430965e-05
   9.231844e-07   2.112202e-06  -1.639775e-10  -3.076153e-01  -7.038090e-01   5.463911e-05
   9.018143e-07   2.122716e-06  -1.649499e-10  -3.004945e-01  -7.073127e-01   5.496313e-05
   8.803545e-07   2.133020e-06  -1.659059e-10  -2.933439e-01  -7.107460e-01   5.528169e-05
   8.588073e-07   2.143112e-06  -1.668454e-10  -2.861641e-01  -7.141088e-01   5.559475e-05
   8.371751e-07   2.152992e-06  -1.677685e-10  -2.789560e-01  -7.174008e-01   5.590231e-05
   8.154601e-07   2.162659e-06  -1.686749e-10  -2.717203e-01  -7.206219e-01   5.620435e-05
   7.936646e-07   2.172112e-06  -1.695647e-10  -2.644579e-01  -7.237720e-01   5.650084e-05
   7.717910e-07   2.181352e-06  -1.704378e-10  -2.571693e-01  -7.268507e-01   5.679176e-05
   7.498414e-07   2.190377e-06  -1.712941e-10  -2.498555e-01  -7.298580e-01   5.707710e-05
   7.278184e-07   2.199187e-06  -1.721336e-10  -2.425172e-01  -7.327937e-01   5.735684e-05
   7.057241e-07   2.207782e-06  -1.729563e-10  -2.351551e-01  -7.356576e-01   5.763097e-05
   6.835608e-07   2.216162e-06  -1.737621e-10  -2.277700e-01  -7.384497e-01   5.789946e-05
   6.613309e-07   2.224325e-06  -1.745510e-10  -2.203628e-01  -7.411698e-01   5.816231e-05
   6.390366e-07   2.232272e-06  -1.753228e-10  -2.129341e-01  -7.438177e-01   5.841951e-05
   6.166803e-07   2.240002e-06  -1.760776e-10  -2.054847e-01  -7.463934e-01   5.867102e-05
   5.942642e-07   2.247515e-06  -1.768154e-10  -1.980154e-01  -7.488968e-01   5.891686e-05
   5.717907e-07   2.254810e-06  -1.775361e-10  -1.905270e-01  -7.513278e-01   5.915699e-05
   5.492620e-07   2.261888e-06  -1.782396e-10  -1.830202e-01  -7.536863e-01   5.939142e-05
   5.266804e-07   2.268749e-06  -1.789260e-10  -1.754957e-01  -7.559722e-01   5.962013e-05
   5.040482e-07   2.275391e-06  -1.795952e-10  -1.679545e-01  -7.581856e-01   5.984311e-05
   4.813677e-07   2.281815e-06  -1.802472e-10  -1.603971e-01  -7.603262e-01   6.006036e-05
   4.586412e-07   2.288021e-06  -1.808819e-10  -1.528243e-01  -7.623941e-01   6.027186e-05
   4.358709e-07   2.294009e-06  -1.814994e-10  -1.452370e-01  -7.643893e-01   6.047761e-05
   4.130591e-07   2.299778e-06  -1.820996e-10  -1.376359e-01  -7.663117e-01   6.067761e-05
   3.902080e-07   2.305329e-06  -1.826825e-10  -1.300216e-01  -7.681613e-01   6.087184e-05
   3.673200e-07   2.310662e-06  -1.832481e-10  -1.223951e-01  -7.699381e-01   6.106030e-05
   3.443973e-07   2.315775e-06  -1.837964e-10  -1.147570e-01  -7.716421e-01   6.124299e-05
   3.214420e-07   2.320671e-06  -1.843273e-10  -1.071081e-01  -7.732733e-01   6.141990e-05
   2.984565e-07   2.325348e-06  -1.848409e-10  -9.944903e-02  -7.748318e-01   6.159103e-05
   2.754430e-07   2.329807e-06  -1.853371e-10  -9.178068e-02  -7.763175e-01   6.175638e-05
   2.524037e-07   2.334047e-06  -1.858160e-10  -8.410373e-02  -7.777305e-01   6.191594e-05
   2.293409e-07   2.338070e-06  -1.862775e-10  -7.641892e-02  -7.790708e-01   6.206972e-05
   2.062566e-07   2.341874e-06  -1.867216e-10  -6.872699e-02  -7.803385e-01   6.221772e-05
   1.831532e-07   2.345461e-06  -1.871484e-10  -6.102867e-02  -7.815337e-01   6.235993e-05
   1.600328e-07   2.348830e-06  -1.875578e-10  -5.332469e-02  -7.826564e-01   6.249635e-05
   1.368975e-07   2.351982e-06  -1.879499e-10  -4.561578e-02  -7.837067e-01   6.262700e-05
   1.137497e-07   2.354917e-06  -1.883246e-10  -3.790266e-02  -7.846846e-01   6.275186e-05
   9.059136e-08   2.357636e-06  -1.886820e-10  -3.018605e-02  -7.855904e-01   6.287095e-05
   6.742471e-08   2.360137e-06  -1.890221e-10  -2.246666e-02  -7.864240e-01   6.298427e-05
   4.425189e-08   2.362423e-06  -1.893449e-10  -1.474522e-02  -7.871855e-01   6.309182e-05
   2.107503e-08   2.364493e-06  -1.896503e-10  -7.022434e-03  -7.878752e-01   6.319360e-05
  -2.103751e-09   2.366347e-06  -1.899385e-10   7.009932e-04  -7.884931e-01   6.328963e-05
  -2.528234e-08   2.367986e-06  -1.902095e-10   8.424357e-03  -7.890393e-01   6.337990e-05
  -4.845864e-08   2.369411e-06  -1.904632e-10   1.614696e-02  -7.895141e-01   6.346444e-05
  -7.163056e-08   2.370622e-06  -1.906996e-10   2.386810e-02  -7.899174e-01   6.354323e-05
  -9.479602e-08   2.371618e-06  -1.909189e-10   3.158709e-02  -7.902496e-01   6.361630e-05
  -1.179530e-07   2.372402e-06  -1.911210e-10   3.930324e-02  -7.905106e-01   6.368364e-05
  -1.410993e-07   2.372973e-06  -1.913060e-10   4.701586e-02  -7.907008e-01   6.374528e-05
  -1.642331e-07   2.373331e-06  -1.914739e-10   5.472428e-02  -7.908203e-01   6.380121e-05
  -1.873522e-07   2.373478e-06  -1.916246e-10   6.242782e-02  -7.908693e-01   6.385146e-05
  -2.104546e-07   2.373414e-06  -1.917584e-10   7.012580e-02  -7.908479e-01   6.389602e-05
  -2.335383e-07   2.373139e-06  -1.918751e-10   7.781757e-02  -7.907563e-01   6.393492e-05
  -2.566014e-07   2.372654e-06  -1.919749e-10   8.550245e-02  -7.905948e-01   6.396816e-05
  -2.796419e-07   2.371960e-06  -1.920577e-10   9.317979e-02  -7.903635e-01   6.399576e-05
  -3.026578e-07   2.371058e-06  -1.921236e-10   1.008489e-01  -7.900628e-01   6.401772e-05
  -3.256471e-07   2.369947e-06  -1.921727e-10   1.085092e-01  -7.896927e-01   6.403408e-05
  -3.486079e-07   2.368629e-06  -1.922050e-10   1.161600e-01  -7.892535e-01   6.404483e-05
  -3.715383e-07   2.367105e-06  -1.922205e-10   1.238007e-01  -7.887455e-01   6.404999e-05
  -3.944364e-07   2.365374e-06  -1.922192e-10   1.314306e-01  -7.881689e-01   6.404958e-05
  -4.173003e-07   2.363438e-06  -1.922013e-10   1.390491e-01  -7.875239e-01   6.404362e-05
  -4.401281e-07   2.361298e-06  -1.921668e-10   1.466556e-01  -7.868108e-01   6.403211e-05
  -4.629179e-07   2.358954e-06  -1.921157e-10   1.542494e-01  -7.860298e-01   6.401509e-05
  -4.856680e-07   2.356408e-06  -1.920481e-10   1.618300e-01  -7.851813e-01   6.399256e-05
  -5.083763e-07   2.353659e-06  -1.919640e-10   1.693966e-01  -7.842654e-01   6.396454e-05
  -5.310413e-07   2.350709e-06  -1.918635e-10   1.769488e-01  -7.832824e-01   6.393106e-05
  -5.536609e-07   2.347559e-06  -1.917467e-10   1.844860e-01  -7.822327e-01   6.389212e-05
  -5.762335e-07   2.344209e-06  -1.916135e-10   1.920074e-01  -7.811165e-01   6.384775e-05
  -5.987572e-07   2.340661e-06  -1.914641e-10   1.995126e-01  -7.799341e-01   6.379798e-05
  -6.212304e-07   2.336914e-06  -1.912986e-10   2.070009e-01  -7.786858e-01   6.374281e-05
  -6.436512e-07   2.332971e-06  -1.911169e-10   2.144717e-01  -7.773719e-01   6.368227e-05
  -6.660180e-07   2.328832e-06  -1.909192e-10   2.219246e-01  -7.759927e-01   6.361638e-05
  -6.883289e-07   2.324498e-06  -1.907054e-10   2.293588e-01  -7.745486e-01   6.354516e-05
  -7.105824e-07   2.319970e-06  -1.904758e-10   2.367740e-01  -7.730397e-01   6.346864e-05
  -7.327768e-07   2.315248e-06  -1.902303e-10   2.441694e-01  -7.714665e-01   6.338684e-05
  -7.549103e-07   2.310335e-06  -1.899690e-10   2.515445e-01  -7.698292e-01   6.329977e-05
  -7.769814e-07   2.305230e-06  -1.896920e-10   2.588988e-01  -7.681283e-01   6.320747e-05
  -7.989884e-07   2.299935e-06  -1.893993e-10   2.662318e-01  -7.663640e-01   6.310995e-05
  -8.209296e-07   2.294451e-06  -1.890911e-10   2.735429e-01  -7.645367e-01   6.300724e-05
  -8.428036e-07   2.288779e-06  -1.887673e-10   2.808315e-01  -7.626466e-01   6.289937e-05
  -8.646086e-07   2.282920e-06  -1.884281e-10   2.880972e-01  -7.606943e-01   6.278635e-05
  -8.863432e-07   2.276875e-06  -1.880736e-10   2.953394e-01  -7.586799e-01   6.266822e-05
  -9.080058e-07   2.270644e-06  -1.877038e-10   3.025576e-01  -7.566039e-01   6.254499e-05
  -9.295948e-07   2.264230e-06  -1.873188e-10   3.097513e-01  -7.544666e-01   6.241670e-05
  -9.511088e-07   2.257633e-06  -1.869187e-10   3.169200e-01  -7.522684e-01   6.228337e-05
  -9.725462e-07   2.250854e-06  -1.865035e-10   3.240632e-01  -7.500097e-01   6.214503e-05
  -9.939056e-07   2.243895e-06  -1.860733e-10   3.311804e-01  -7.476908e-01   6.200170e-05
  -1.015186e-06   2.236756e-06  -1.856283e-10   3.382711e-01  -7.453120e-01   6.185341e-05
  -1.036384e-06   2.229439e-06  -1.851685e-10   3.453348e-01  -7.428739e-01   6.170019e-05
  -1.057501e-06   2.221945e-06  -1.846939e-10   3.523711e-01  -7.403767e-01   6.154206e-05
  -1.078534e-06   2.214274e-06  -1.842047e-10   3.593794e-01  -7.378208e-01   6.137906e-05
  -1.099481e-06   2.206429e-06  -1.837010e-10   3.663594e-01  -7.352066e-01   6.121121e-05
  -1.120342e-06   2.198410e-06  -1.831828e-10   3.733105e-01  -7.325345e-01   6.103854e-05
  -1.141115e-06   2.190218e-06  -1.826502e-10   3.802323e-01  -7.298050e-01   6.086107e-05
  -1.161799e-06   2.181855e-06  -1.821033e-10   3.871243e-01  -7.270183e-01   6.067885e-05
  -1.182392e-06   2.173322e-06  -1.815422e-10   3.939862e-01  -7.241749e-01   6.049189e-05
  -1.202893e-06   2.164619e-06  -1.809670e-10   4.008174e-01  -7.212752e-01   6.030023e-05
  -1.223301e-06   2.155749e-06  -1.803778e-10   4.076176e-01  -7.183196e-01   6.010389e-05
  -1.243615e-06   2.146713e-06  -1.797747e-10   4.143862e-01  -7.153085e-01   5.990291e-05
  -1.263832e-06   2.137511e-06  -1.791577e-10   4.211230e-01  -7.122423e-01   5.969732e-05
  -1.283953e-06   2.128145e-06  -1.785269e-10   4.278274e-01  -7.091215e-01   5.948715e-05
  -1.303975e-06   2.118616e-06  -1.778825e-10   4.344991e-01  -7.059464e-01   5.927242e-05
  -1.323898e-06   2.108926e-06  -1.772245e-10   4.411376e-01  -7.027174e-01   5.905317e-05
  -1.343721e-06   2.099075e-06  -1.765530e-10   4.477426e-01  -6.994350e-01   5.882943e-05
  -1.363441e-06   2.089065e-06  -1.758682e-10   4.543137e-01  -6.960996e-01   5.860124e-05
  -1.383058e-06   2.078897e-06  -1.751701e-10   4.608504e-01  -6.927116e-01   5.836861e-05
  -1.402572e-06   2.068573e-06  -1.744588e-10   4.673525e-01  -6.892715e-01   5.813159e-05
  -1.421980e-06   2.058093e-06  -1.737343e-10   4.738194e-01  -6.857796e-01   5.789021e-05
  -1.441281e-06   2.047460e-06  -1.729969e-10   4.802510e-01  -6.822364e-01   5.764450e-05
  -1.460476e-06   2.036674e-06  -1.722466e-10   4.866467e-01  -6.786424e-01   5.739449e-05
  -1.479561e-06   2.025736e-06  -1.714835e-10   4.930062e-01  -6.749979e-01   5.714021e-05
  -1.498537e-06   2.014649e-06  -1.707077e-10   4.993292e-01  -6.713033e-01   5.688170e-05
  -1.517403e-06   2.003412e-06  -1.699193e-10   5.056154e-01  -6.675593e-01   5.661899e-05
  -1.536156e-06   1.992029e-06  -1.691184e-10   5.118643e-01  -6.637660e-01   5.635211e-05
  -1.554797e-06   1.980499e-06  -1.683050e-10   5.180757e-01  -6.599241e-01   5.608110e-05
  -1.573324e-06   1.968824e-06  -1.674794e-10   5.242491e-01  -6.560340e-01   5.580599e-05
  -1.591737e-06   1.957006e-06  -1.666415e-10   5.303844e-01  -6.520960e-01   5.552680e-05
  -1.610034e-06   1.945045e-06  -1.657916e-10   5.364812e-01  -6.481106e-01   5.524359e-05
  -1.628214e-06   1.932944e-06  -1.649296e-10   5.425390e-01  -6.440783e-01   5.495637e-05
  -1.646277e-06   1.920703e-06  -1.640557e-10   5.485578e-01  -6.399995e-01   5.466519e-05
  -1.664221e-06   1.908324e-06  -1.631701e-10   5.545370e-01  -6.358747e-01   5.437008e-05
  -1.682046e-06   1.895808e-06  -1.622727e-10   5.604765e-01  -6.317043e-01   5.407106e-05
  -1.699751e-06   1.883157e-06  -1.613637e-10   5.663760e-01  -6.274887e-01   5.376818e-05
  -1.717335e-06   1.870371e-06  -1.604433e-10   5.722351e-01  -6.232284e-01   5.346148e-05
  -1.734797e-06   1.857453e-06  -1.595114e-10   5.780536e-01  -6.189239e-01   5.315097e-05
  -1.752136e-06   1.844403e-06  -1.585683e-10   5.838311e-01  -6.145756e-01   5.283671e-05
  -1.769351e-06   1.831223e-06  -1.576139e-10   5.895675e-01  -6.101839e-01   5.251871e-05
  -1.786442e-06   1.817915e-06  -1.566485e-10   5.952625e-01  -6.057493e-01   5.219703e-05
  -1.803408e-06   1.804479e-06  -1.556721e-10   6.009157e-01  -6.012723e-01   5.187169e-05
  -1.820248e-06   1.790917e-06  -1.546849e-10   6.065269e-01  -5.967533e-01   5.154272e-05
  -1.836962e-06   1.777230e-06  -1.536869e-10   6.120960e-01  -5.921927e-01   5.121017e-05
  -1.853547e-06   1.763420e-06  -1.526782e-10   6.176225e-01  -5.875911e-01   5.087406e-05
  -1.870005e-06   1.749488e-06  -1.516589e-10   6.231064e-01  -5.829488e-01   5.053444e-05
  -1.886334e-06   1.735435e-06  -1.506292e-10   6.285473e-01  -5.782664e-01   5.019133e-05
  -1.902533e-06   1.721264e-06  -1.495892e-10   6.339450e-01  -5.735442e-01   4.984477e-05
  -1.918601e-06   1.706974e-06  -1.485389e-10   6.392993e-01  -5.687827e-01   4.949480e-05
  -1.934539e-06   1.692568e-06  -1.474784e-10   6.446100e-01  -5.639824e-01   4.914145e-05
  -1.950346e-06   1.678047e-06  -1.464080e-10   6.498768e-01  -5.591438e-01   4.878476e-05
  -1.966020e-06   1.663412e-06  -1.453276e-10   6.550995e-01  -5.542672e-01   4.842477e-05
  -1.981561e-06   1.648664e-06  -1.442374e-10   6.602780e-01  -5.493532e-01   4.806149e-05
  -1.996968e-06   1.633806e-06  -1.431374e-10   6.654120e-01  -5.444022e-01   4.769499e-05
  -2.012242e-06   1.618837e-06  -1.420279e-10   6.705014e-01  -5.394146e-01   4.732528e-05
  -2.027381e-06   1.603761e-06  -1.409089e-10   6.755459e-01  -5.343910e-01   4.695240e-05
  -2.042385e-06   1.588577e-06  -1.397804e-10   6.805453e-01  -5.293316e-01   4.657639e-05
  -2.057253e-06   1.573288e-06  -1.386427e-10   6.854995e-01  -5.242372e-01   4.619729e-05
  -2.071985e-06   1.557895e-06  -1.374958e-10   6.904082e-01  -5.191079e-01   4.581512e-05
  -2.086579e-06   1.542399e-06  -1.363398e-10   6.952714e-01  -5.139444e-01   4.542993e-05
  -2.101037e-06   1.526801e-06  -1.351748e-10   7.000888e-01  -5.087471e-01   4.504175e-05
  -2.115357e-06   1.511103e-06  -1.340010e-10   7.048603e-01  -5.035164e-01   4.465062e-05
  -2.129538e-06   1.495307e-06  -1.328184e-10   7.095857e-01  -4.982528e-01   4.425656e-05
  -2.143581e-06   1.479412e-06  -1.316271e-10   7.142648e-01  -4.929567e-01   4.385962e-05
  -2.157484e-06   1.463422e-06  -1.304273e-10   7.188976e-01  -4.876285e-01   4.345983e-05
  -2.171248e-06   1.447337e-06  -1.292191e-10   7.234838e-01  -4.822688e-01   4.305723e-05
  -2.184871e-06   1.431159e-06  -1.280025e-10   7.280233e-01  -4.768780e-01   4.265185e-05
  -2.198354e-06   1.414888e-06  -1.267777e-10   7.325160e-01  -4.714565e-01   4.224372e-05
  -2.211696e-06   1.398527e-06  -1.255447e-10   7.369617e-01  -4.660048e-01   4.183289e-05
  -2.224897e-06   1.382077e-06  -1.243037e-10   7.413603e-01  -4.605233e-01   4.141938e-05
  -2.237956e-06   1.365538e-06  -1.230548e-10   7.457117e-01  -4.550124e-01   4.100324e-05
  -2.250873e-06   1.348913e-06  -1.217981e-10   7.500157e-01  -4.494727e-01   4.058449e-05
  -2.263647e-06   1.332202e-06  -1.205337e-10   7.542723e-01  -4.439045e-01   4.016317e-05
  -2.276279e-06   1.315407e-06  -1.192617e-10   7.584813e-01  -4.383084e-01   3.973932e-05
  -2.288767e-06   1.298530e-06  -1.179822e-10   7.626427e-01  -4.326846e-01   3.931297e-05
  -2.301112e-06   1.281571e-06  -1.166953e-10   7.667562e-01  -4.270338e-01   3.888416e-05
  -2.313314e-06   1.264533e-06  -1.154011e-10   7.708219e-01  -4.213563e-01   3.845292e-05
  -2.325371e-06   1.247415e-06  -1.140997e-10   7.748395e-01  -4.156526e-01   3.801929e-05
  -2.337284e-06   1.230220e-06  -1.127912e-10   7.788091e-01  -4.099230e-01   3.758330e-05
  -2.349053e-06   1.212949e-06  -1.114758e-10   7.827305e-01  -4.041681e-01   3.714498e-05
  -2.360677e-06   1.195603e-06  -1.101535e-10   7.866037e-01  -3.983883e-01   3.670437e-05
  -2.372155e-06   1.178184e-06  -1.088244e-10   7.904285e-01  -3.925840e-01   3.626151e-05
  -2.383489e-06   1.160693e-06  -1.074887e-10   7.942049e-01  -3.867557e-01   3.581642e-05
  -2.394676e-06   1.143130e-06  -1.061464e-10   7.979328e-01  -3.809038e-01   3.536915e-05
  -2.405719e-06   1.125499e-06  -1.047976e-10   8.016121e-01  -3.750286e-01   3.491973e-05
  -2.416615e-06   1.107798e-06  -1.034425e-10   8.052429e-01  -3.691307e-01   3.446818e-05
  -2.427365e-06   1.090031e-06  -1.020811e-10   8.088249e-01  -3.632105e-01   3.401456e-05
  -2.437968e-06   1.072199e-06  -1.007136e-10   8.123582e-01  -3.572684e-01   3.355888e-05
  -2.448426e-06   1.054301e-06  -9.933999e-11   8.158426e-01  -3.513049e-01   3.310119e-05
  -2.458736e-06   1.036341e-06  -9.796046e-11   8.192782e-01  -3.453203e-01   3.264151e-05
  -2.468900e-06   1.018319e-06  -9.657508e-11   8.226649e-01  -3.393151e-01   3.217989e-05
  -2.478917e-06   1.000236e-06  -9.518395e-11   8.260027e-01  -3.332897e-01   3.171635e-05
  -2.488787e-06   9.820937e-07  -9.378718e-11   8.292915e-01  -3.272445e-01   3.125093e-05
  -2.498510e-06   9.638935e-07  -9.238486e-11   8.325312e-01  -3.211800e-01   3.078366e-05
  -2.508085e-06   9.456364e-07  -9.097710e-11   8.357219e-01  -3.150966e-01   3.031458e-05
  -2.517513e-06   9.273238e-07  -8.956400e-11   8.388634e-01  -3.089946e-01   2.984372e-05
  -2.526794e-06   9.089570e-07  -8.814565e-11   8.419559e-01  -3.028745e-01   2.937111e-05
  -2.535927e-06   8.905370e-07  -8.672215e-11   8.449992e-01  -2.967368e-01   2.889678e-05
  -2.544913e-06   8.720652e-07  -8.529361e-11   8.479933e-01  -2.905818e-01   2.842078e-05
  -2.553751e-06   8.535429e-07  -8.386012e-11   8.509382e-01  -2.844100e-01   2.794312e-05
  -2.562442e-06   8.349712e-07  -8.242178e-11   8.538340e-01  -2.782217e-01   2.746385e-05
  -2.570984e-06   8.163513e-07  -8.097869e-11   8.566805e-01  -2.720173e-01   2.698300e-05
  -2.579379e-06   7.976846e-07  -7.953094e-11   8.594778e-01  -2.657974e-01   2.650059e-05
  -2.587626e-06   7.789722e-07  -7.807865e-11   8.622259e-01  -2.595622e-01   2.601667e-05
  -2.595726e-06   7.602153e-07  -7.662189e-11   8.649247e-01  -2.533122e-01   2.553126e-05
  -2.603678e-06   7.414151e-07  -7.516077e-11   8.675743e-01  -2.470477e-01   2.504440e-05
  -2.611482e-06   7.225728e-07  -7.369539e-11   8.701747e-01  -2.407693e-01   2.455612e-05
  -2.619138e-06   7.036897e-07  -7.222584e-11   8.727258e-01  -2.344772e-01   2.406645e-05
  -2.626647e-06   6.847669e-07  -7.075221e-11   8.752278e-01  -2.281719e-01   2.357542e-05
  -2.634007e-06   6.658056e-07  -6.927461e-11   8.776805e-01  -2.218538e-01   2.308307e-05
  -2.641221e-06   6.468070e-07  -6.779313e-11   8.800841e-01  -2.155233e-01   2.258942e-05
  -2.648287e-06   6.277723e-07  -6.630786e-11   8.824385e-01  -2.091807e-01   2.209452e-05
  -2.655205e-06   6.087026e-07  -6.481890e-11   8.847437e-01  -2.028265e-01   2.159838e-05
  -2.661976e-06   5.895991e-07  -6.332634e-11   8.869999e-01  -1.964610e-01   2.110104e-05
  -2.668599e-06   5.704630e-07  -6.183027e-11   8.892069e-01  -1.900846e-01   2.060253e-05
  -2.675076e-06   5.512954e-07  -6.033079e-11   8.913649e-01  -1.836977e-01   2.010289e-05
  -2.681405e-06   5.320975e-07  -5.882800e-11   8.934739e-01  -1.773008e-01   1.960214e-05
  -2.687587e-06   5.128703e-07  -5.732198e-11   8.955338e-01  -1.708941e-01   1.910032e-05
  -2.693622e-06   4.936152e-07  -5.581282e-11   8.975448e-01  -1.644781e-01   1.859745e-05
  -2.699511e-06   4.743332e-07  -5.430062e-11   8.995069e-01  -1.580531e-01   1.809357e-05
  -2.705252e-06   4.550253e-07  -5.278547e-11   9.014201e-01  -1.516195e-01   1.758871e-05
  -2.710847e-06   4.356929e-07  -5.126746e-11   9.032844e-01  -1.451777e-01   1.708289e-05
  -2.716296e-06   4.163369e-07  -4.974669e-11   9.051000e-01  -1.387281e-01   1.657615e-05
  -2.721599e-06   3.969585e-07  -4.822323e-11   9.068669e-01  -1.322710e-01   1.606852e-05
  -2.726755e-06   3.775587e-07  -4.669719e-11   9.085850e-01  -1.258068e-01   1.556002e-05
  -2.731765e-06   3.581388e-07  -4.516864e-11   9.102546e-01  -1.193358e-01   1.505069e-05
  -2.736630e-06   3.386998e-07  -4.363769e-11   9.118755e-01  -1.128585e-01   1.454056e-05
  -2.741349e-06   3.192427e-07  -4.210442e-11   9.134480e-01  -1.063752e-01   1.402966e-05
  -2.745923e-06   2.997687e-07  -4.056891e-11   9.149720e-01  -9.988626e-02   1.351801e-05
  -2.750351e-06   2.802789e-07  -3.903125e-11   9.164476e-01  -9.339202e-02   1.300565e-05
  -2.754635e-06   2.607742e-07  -3.749154e-11   9.178750e-01  -8.689287e-02   1.249260e-05
  -2.758774e-06   2.412559e-07  -3.594986e-11   9.192540e-01  -8.038914e-02   1.197889e-05
  -2.762768e-06   2.217249e-07  -3.440629e-11   9.205849e-01  -7.388121e-02   1.146456e-05
  -2.766618e-06   2.021824e-07  -3.286093e-11   9.218677e-01  -6.736941e-02   1.094963e-05
  -2.770323e-06   1.826293e-07  -3.131385e-11   9.231024e-01  -6.085410e-02   1.043412e-05
  -2.773885e-06   1.630667e-07  -2.976515e-11   9.242892e-01  -5.433563e-02   9.918079e-06
  -2.777303e-06   1.434957e-07  -2.821491e-11   9.254281e-01  -4.781435e-02   9.401520e-06
  -2.780577e-06   1.239172e-07  -2.666320e-11   9.265193e-01  -4.129059e-02   8.884476e-06
  -2.783709e-06   1.043324e-07  -2.511013e-11   9.275627e-01  -3.476472e-02   8.366974e-06
  -2.786697e-06   8.474223e-08  -2.355577e-11   9.285585e-01  -2.823705e-02   7.849043e-06
  -2.789543e-06   6.514772e-08  -2.200020e-11   9.295068e-01  -2.170794e-02   7.330710e-06
  -2.792247e-06   4.554988e-08  -2.044351e-11   9.304076e-01  -1.517773e-02   6.812003e-06
  -2.794808e-06   2.594973e-08  -1.888577e-11   9.312611e-01  -8.646737e-03   6.292949e-06
  -2.797228e-06   6.348253e-09  -1.732708e-11   9.320673e-01  -2.115308e-03   5.773576e-06
  -2.799506e-06  -1.325354e-08  -1.576751e-11   9.328264e-01   4.416227e-03   5.253910e-06
  -2.801642e-06  -3.285467e-08  -1.420715e-11   9.335383e-01   1.094754e-02   4.733980e-06
  -2.803638e-06  -5.245414e-08  -1.264607e-11   9.342034e-01   1.747830e-02   4.213811e-06
  -2.805493e-06  -7.205098e-08  -1.108436e-11   9.348215e-01   2.400819e-02   3.693431e-06
  -2.807208e-06  -9.164422e-08  -9.522092e-12   9.353929e-01   3.053687e-02   3.172867e-06
  -2.808783e-06  -1.112329e-07  -7.959349e-12   9.359176e-01   3.706403e-02   2.652144e-06
  -2.810218e-06  -1.308160e-07  -6.396211e-12   9.363958e-01   4.358935e-02   2.131289e-06
  -2.811514e-06  -1.503927e-07  -4.832756e-12   9.368276e-01   5.011250e-02   1.610328e-06
  -2.812670e-06  -1.699619e-07  -3.269062e-12   9.372130e-01   5.663318e-02   1.089288e-06
  -2.813688e-06  -1.895227e-07  -1.705206e-12   9.375522e-01   6.315106e-02   5.681937e-07
  -2.814568e-06  -2.090742e-07  -1.412670e-13   9.378452e-01   6.966584e-02   4.707172e-08
  -2.815309e-06  -2.286154e-07   1.422679e-12   9.380923e-01   7.617720e-02  -4.740526e-07
  -2.815913e-06  -2.481455e-07   2.986556e-12   9.382935e-01   8.268484e-02  -9.951536e-07
  -2.816380e-06  -2.676635e-07   4.550287e-12   9.384489e-01   8.918844e-02  -1.516206e-06
  -2.816709e-06  -2.871684e-07   6.113797e-12   9.385587e-01   9.568771e-02  -2.037185e-06
  -2.816902e-06  -3.066594e-07   7.677010e-12   9.386230e-01   1.021823e-01  -2.558065e-06
  -2.816959e-06  -3.261356e-07   9.239852e-12   9.386419e-01   1.086720e-01  -3.078821e-06
  -2.816879e-06  -3.455961e-07   1.080225e-11   9.386155e-01   1.151565e-01  -3.599429e-06
  -2.816665e-06  -3.650399e-07   1.236413e-11   9.385439e-01   1.216354e-01  -4.119864e-06
  -2.816315e-06  -3.844662e-07   1.392541e-11   9.384273e-01   1.281084e-01  -4.640101e-06
  -2.815830e-06  -4.038742e-07   1.548603e-11   9.382659e-01   1.345754e-01  -5.160116e-06
  -2.815211e-06  -4.232628e-07   1.704590e-11   9.380596e-01   1.410359e-01  -5.679885e-06
  -2.814458e-06  -4.426313e-07   1.860497e-11   9.378088e-01   1.474897e-01  -6.199383e-06
  -2.813572e-06  -4.619789e-07   2.016316e-11   9.375134e-01   1.539365e-01  -6.718588e-06
  -2.812552e-06  -4.813045e-07   2.172039e-11   9.371737e-01   1.603760e-01  -7.237474e-06
  -2.811400e-06  -5.006075e-07   2.327659e-11   9.367897e-01   1.668080e-01  -7.756019e-06
  -2.810115e-06  -5.198868e-07   2.483170e-11   9.363616e-01   1.732321e-01  -8.274199e-06
  -2.808699e-06  -5.391418e-07   2.638565e-11   9.358896e-01   1.796480e-01  -8.791990e-06
  -2.807151e-06  -5.583715e-07   2.793835e-11   9.353738e-01   1.860556e-01  -9.309370e-06
  -2.805471e-06  -5.775752e-07   2.948976e-11   9.348142e-01   1.924545e-01  -9.826315e-06
  -2.803662e-06  -5.967519e-07   3.103979e-11   9.342112e-01   1.988444e-01  -1.034280e-05
  -2.801722e-06  -6.159009e-07   3.258838e-11   9.335647e-01   2.052250e-01  -1.085881e-05
  -2.799652e-06  -6.350214e-07   3.413546e-11   9.328750e-01   2.115962e-01  -1.137431e-05
  -2.797452e-06  -6.541126e-07   3.568096e-11   9.321422e-01   2.179576e-01  -1.188929e-05
  -2.795124e-06  -6.731736e-07   3.722481e-11   9.313665e-01   2.243089e-01  -1.240372e-05
  -2.792668e-06  -6.922037e-07   3.876696e-11   9.305479e-01   2.306499e-01  -1.291758e-05
  -2.790083e-06  -7.112020e-07   4.030733e-11   9.296866e-01   2.369804e-01  -1.343085e-05
  -2.787371e-06  -7.301678e-07   4.184585e-11   9.287829e-01   2.433000e-01  -1.394350e-05
  -2.784531e-06  -7.491003e-07   4.338247e-11   9.278367e-01   2.496085e-01  -1.445552e-05
  -2.781565e-06  -7.679987e-07   4.491711e-11   9.268484e-01   2.559057e-01  -1.496688e-05
  -2.778473e-06  -7.868623e-07   4.644972e-11   9.258180e-01   2.621912e-01  -1.547756e-05
  -2.775255e-06  -8.056902e-07   4.798022e-11   9.247457e-01   2.684649e-01  -1.598754e-05
  -2.771911e-06  -8.244818e-07   4.950856e-11   9.236316e-01   2.747265e-01  -1.649680e-05
  -2.768443e-06  -8.432363e-07   5.103466e-11   9.224760e-01   2.809757e-01  -1.700532e-05
  -2.764851e-06  -8.619528e-07   5.255847e-11   9.212789e-01   2.872122e-01  -1.751307e-05
  -2.761134e-06  -8.806308e-07   5.407993e-11   9.200405e-01   2.934359e-01  -1.802003e-05
  -2.757294e-06  -8.992693e-07   5.559897e-11   9.187610e-01   2.996465e-01  -1.852620e-05
  -2.753331e-06  -9.178678e-07   5.711554e-11   9.174406e-01   3.058437e-01  -1.903153e-05
  -2.749246e-06  -9.364255e-07   5.862956e-11   9.160793e-01   3.120274e-01  -1.953602e-05
  -2.745039e-06  -9.549416e-07   6.014098e-11   9.146774e-01   3.181971e-01  -2.003964e-05
  -2.740710e-06  -9.734155e-07   6.164974e-11   9.132350e-01   3.243528e-01  -2.054238e-05
  -2.736260e-06  -9.918463e-07   6.315578e-11   9.117524e-01   3.304942e-01  -2.104421e-05
  -2.731690e-06  -1.010234e-06   6.465903e-11   9.102295e-01   3.366210e-01  -2.154511e-05
  -2.727000e-06  -1.028576e-06   6.615945e-11   9.086667e-01   3.427331e-01  -2.204506e-05
  -2.722190e-06  -1.046874e-06   6.765697e-11   9.070640e-01   3.488301e-01  -2.254405e-05
  -2.717262e-06  -1.065126e-06   6.915153e-11   9.054217e-01   3.549118e-01  -2.304206e-05
  -2.712214e-06  -1.083332e-06   7.064307e-11   9.037399e-01   3.609781e-01  -2.353905e-05
  -2.707049e-06  -1.101490e-06   7.213154e-11   9.020188e-01   3.670287e-01  -2.403503e-05
  -2.701766e-06  -1.119601e-06   7.361688e-11   9.002585e-01   3.730634e-01  -2.452996e-05
  -2.696367e-06  -1.137663e-06   7.509903e-11   8.984592e-01   3.790818e-01  -2.502383e-05
  -2.690850e-06  -1.155676e-06   7.657793e-11   8.966212e-01   3.850840e-01  -2.551662e-05
  -2.685218e-06  -1.173639e-06   7.805354e-11   8.947445e-01   3.910695e-01  -2.600831e-05
  -2.679470e-06  -1.191552e-06   7.952579e-11   8.928293e-01   3.970382e-01  -2.649888e-05
  -2.673608e-06  -1.209413e-06   8.099463e-11   8.908758e-01   4.029899e-01  -2.698831e-05
  -2.667631e-06  -1.227223e-06   8.246001e-11   8.888842e-01   4.089243e-01  -2.747659e-05
  -2.661540e-06  -1.244980e-06   8.392186e-11   8.868547e-01   4.148413e-01  -2.796369e-05
  -2.655336e-06  -1.262685e-06   8.538014e-11   8.847874e-01   4.207406e-01  -2.844961e-05
  -2.649019e-06  -1.280336e-06   8.683479e-11   8.826824e-01   4.266220e-01  -2.893431e-05
  -2.642589e-06  -1.297932e-06   8.828576e-11   8.805401e-01   4.324853e-01  -2.941779e-05
  -2.636048e-06  -1.315474e-06   8.973299e-11   8.783605e-01   4.383304e-01  -2.990003e-05
  -2.629396e-06  -1.332960e-06   9.117644e-11   8.761438e-01   4.441569e-01  -3.038100e-05
  -2.622633e-06  -1.350389e-06   9.261604e-11   8.738903e-01   4.499648e-01  -3.086069e-05
  -2.615759e-06  -1.367763e-06   9.405176e-11   8.716000e-01   4.557537e-01  -3.133909e-05
  -2.608776e-06  -1.385078e-06   9.548353e-11   8.692732e-01   4.615235e-01  -3.181617e-05
  -2.601684e-06  -1.402336e-06   9.691131e-11   8.669100e-01   4.672741e-01  -3.229192e-05
  -2.594483e-06  -1.419536e-06   9.833505e-11   8.645107e-01   4.730051e-01  -3.276633e-05
  -2.587175e-06  -1.436676e-06   9.975469e-11   8.620753e-01   4.787164e-01  -3.323937e-05
  -2.579758e-06  -1.453757e-06   1.011702e-10   8.596042e-01   4.844078e-01  -3.371103e-05
  -2.572235e-06  -1.470777e-06   1.025815e-10   8.570974e-01   4.900792e-01  -3.418129e-05
  -2.564606e-06  -1.487736e-06   1.039885e-10   8.545551e-01   4.957303e-01  -3.465014e-05
  -2.556870e-06  -1.504635e-06   1.053913e-10   8.519776e-01   5.013609e-01  -3.511756e-05
  -2.549030e-06  -1.521471e-06   1.067897e-10   8.493650e-01   5.069709e-01  -3.558353e-05
  -2.541084e-06  -1.538244e-06   1.081838e-10   8.467175e-01   5.125600e-01  -3.604804e-05
  -2.533035e-06  -1.554955e-06   1.095734e-10   8.440352e-01   5.181282e-01  -3.651107e-05
  -2.524881e-06  -1.571602e-06   1.109585e-10   8.413184e-01   5.236751e-01  -3.697260e-05
  -2.516625e-06  -1.588184e-06   1.123391e-10   8.385673e-01   5.292006e-01  -3.743263e-05
  -2.508266e-06  -1.604702e-06   1.137151e-10   8.357820e-01   5.347046e-01  -3.789113e-05
  -2.499805e-06  -1.621155e-06   1.150865e-10   8.329628e-01   5.401869e-01  -3.834809e-05
  -2.491243e-06  -1.637542e-06   1.164532e-10   8.301097e-01   5.456472e-01  -3.880350e-05
  -2.482579e-06  -1.653863e-06   1.178152e-10   8.272230e-01   5.510854e-01  -3.925733e-05
  -2.473816e-06  -1.670117e-06   1.191724e-10   8.243029e-01   5.565014e-01  -3.970958e-05
  -2.464953e-06  -1.686303e-06   1.205249e-10   8.213496e-01   5.618949e-01  -4.016023e-05
  -2.455990e-06  -1.702422e-06   1.218725e-10   8.183632e-01   5.672658e-01  -4.060926e-05
  -2.446929e-06  -1.718472e-06   1.232152e-10   8.153440e-01   5.726140e-01  -4.105666e-05
  -2.437770e-06  -1.734454e-06   1.245529e-10   8.122921e-01   5.779392e-01  -4.150242e-05
  -2.428514e-06  -1.750366e-06   1.258857e-10   8.092077e-01   5.832413e-01  -4.194651e-05
  -2.419160e-06  -1.766208e-06   1.272135e-10   8.060910e-01   5.885201e-01  -4.238894e-05
  -2.409710e-06  -1.781980e-06   1.285361e-10   8.029422e-01   5.937755e-01  -4.282967e-05
  -2.400165e-06  -1.797681e-06   1.298537e-10   7.997615e-01   5.990072e-01  -4.326870e-05
  -2.390524e-06  -1.813311e-06   1.311662e-10   7.965491e-01   6.042152e-01  -4.370602e-05
  -2.380788e-06  -1.828869e-06   1.324734e-10   7.933051e-01   6.093993e-01  -4.414160e-05
  -2.370959e-06  -1.844354e-06   1.337754e-10   7.900298e-01   6.145594e-01  -4.457544e-05
  -2.361036e-06  -1.859767e-06   1.350721e-10   7.867234e-01   6.196952e-01  -4.500753e-05
  -2.351020e-06  -1.875107e-06   1.363635e-10   7.833859e-01   6.248066e-01  -4.543784e-05
  -2.340912e-06  -1.890373e-06   1.376496e-10   7.800178e-01   6.298934e-01  -4.586637e-05
  -2.330712e-06  -1.905566e-06   1.389302e-10   7.766190e-01   6.349556e-01  -4.629310e-05
  -2.320421e-06  -1.920683e-06   1.402055e-10   7.731899e-01   6.399929e-01  -4.671802e-05
  -2.310039e-06  -1.935726e-06   1.414752e-10   7.697305e-01   6.450052e-01  -4.714111e-05
  -2.299567e-06  -1.950693e-06   1.427394e-10   7.662412e-01   6.499924e-01  -4.756237e-05
  -2.289006e-06  -1.965584e-06   1.439981e-10   7.627221e-01   6.549544e-01  -4.798178e-05
  -2.278355e-06  -1.980399e-06   1.452512e-10   7.591733e-01   6.598908e-01  -4.839932e-05
  -2.267617e-06  -1.995137e-06   1.464987e-10   7.555951e-01   6.648017e-01  -4.881499e-05
  -2.256791e-06  -2.009798e-06   1.477405e-10   7.519877e-01   6.696869e-01  -4.922877e-05
  -2.245877e-06  -2.024381e-06   1.489766e-10   7.483513e-01   6.745463e-01  -4.964065e-05
  -2.234878e-06  -2.038887e-06   1.502069e-10   7.446860e-01   6.793796e-01  -5.005061e-05
  -2.223792e-06  -2.053313e-06   1.514315e-10   7.409921e-01   6.841868e-01  -5.045865e-05
  -2.212621e-06  -2.067662e-06   1.526503e-10   7.372697e-01   6.889678e-01  -5.086476e-05
  -2.201365e-06  -2.081930e-06   1.538632e-10   7.335191e-01   6.937223e-01  -5.126891e-05
  -2.190024e-06  -2.096120e-06   1.550702e-10   7.297404e-01   6.984503e-01  -5.167111e-05
  -2.178600e-06  -2.110229e-06   1.562713e-10   7.259339e-01   7.031516e-01  -5.207133e-05
  -2.167094e-06  -2.124257e-06   1.574664e-10   7.220996e-01   7.078262e-01  -5.246956e-05
  -2.155504e-06  -2.138205e-06   1.586556e-10   7.182379e-01   7.124737e-01  -5.286580e-05
  -2.143833e-06  -2.152072e-06   1.598387e-10   7.143489e-01   7.170943e-01  -5.326003e-05
  -2.132080e-06  -2.165857e-06   1.610158e-10   7.104329e-01   7.216876e-01  -5.365224e-05
  -2.120247e-06  -2.179560e-06   1.621867e-10   7.064899e-01   7.262536e-01  -5.404242e-05
  -2.108334e-06  -2.193181e-06   1.633516e-10   7.025203e-01   7.307922e-01  -5.443056e-05
  -2.096341e-06  -2.206719e-06   1.645103e-10   6.985241e-01   7.353032e-01  -5.481665e-05
  -2.084269e-06  -2.220174e-06   1.656628e-10   6.945017e-01   7.397866e-01  -5.520067e-05
  -2.072119e-06  -2.233545e-06   1.668090e-10   6.904531e-01   7.442421e-01  -5.558262e-05
  -2.059891e-06  -2.246833e-06   1.679490e-10   6.863787e-01   7.486697e-01  -5.596248e-05
  -2.047586e-06  -2.260037e-06   1.690827e-10   6.822785e-01   7.530693e-01  -5.634024e-05
  -2.035205e-06  -2.273156e-06   1.702101e-10   6.781528e-01   7.574407e-01  -5.671590e-05
  -2.022747e-06  -2.286190e-06   1.713311e-10   6.740018e-01   7.617838e-01  -5.708944e-05
  -2.010214e-06  -2.299139e-06   1.724458e-10   6.698257e-01   7.660985e-01  -5.746085e-05
  -1.997606e-06  -2.312002e-06   1.735540e-10   6.656246e-01   7.703847e-01  -5.783013e-05
  -1.984924e-06  -2.324779e-06   1.746558e-10   6.613989e-01   7.746423e-01  -5.819725e-05
  -1.972169e-06  -2.337471e-06   1.757511e-10   6.571486e-01   7.788712e-01  -5.856222e-05
  -1.959340e-06  -2.350075e-06   1.768399e-10   6.528739e-01   7.830712e-01  -5.892502e-05
  -1.946439e-06  -2.362593e-06   1.779222e-10   6.485751e-01   7.872423e-01  -5.928564e-05
  -1.933466e-06  -2.375024e-06   1.789979e-10   6.442524e-01   7.913843e-01  -5.964408e-05
  -1.920422e-06  -2.387367e-06   1.800670e-10   6.399060e-01   7.954972e-01  -6.000031e-05
  -1.907307e-06  -2.399622e-06   1.811294e-10   6.355360e-01   7.995808e-01  -6.035434e-05
  -1.894123e-06  -2.411789e-06   1.821853e-10   6.311426e-01   8.036350e-01  -6.070615e-05
  -1.880868e-06  -2.423868e-06   1.832344e-10   6.267262e-01   8.076598e-01  -6.105573e-05
  -1.867545e-06  -2.435858e-06   1.842768e-10   6.222867e-01   8.116549e-01  -6.140308e-05
  -1.854154e-06  -2.447759e-06   1.853125e-10   6.178245e-01   8.156204e-01  -6.174819e-05
  -1.840694e-06  -2.459570e-06   1.863414e-10   6.133398e-01   8.195562e-01  -6.209104e-05
  -1.827168e-06  -2.471292e-06   1.873636e-10   6.088327e-01   8.234620e-01  -6.243162e-05
  -1.813575e-06  -2.482924e-06   1.883789e-10   6.043034e-01   8.273379e-01  -6.276994e-05
  -1.799917e-06  -2.494466e-06   1.893874e-10   5.997522e-01   8.311837e-01  -6.310597e-05
  -1.786193e-06  -2.505917e-06   1.903890e-10   5.951792e-01   8.349994e-01  -6.343971e-05
  -1.772404e-06  -2.517277e-06   1.913836e-10   5.905847e-01   8.387848e-01  -6.377116e-05
  -1.758551e-06  -2.528547e-06   1.923714e-10   5.859688e-01   8.425398e-01  -6.410029e-05
  -1.744635e-06  -2.539725e-06   1.933522e-10   5.813317e-01   8.462645e-01  -6.442712e-05
  -1.730656e-06  -2.550811e-06   1.943261e-10   5.766736e-01   8.499586e-01  -6.475161e-05
  -1.716614e-06  -2.561806e-06   1.952930e-10   5.719948e-01   8.536220e-01  -6.507378e-05
  -1.702511e-06  -2.572708e-06   1.962528e-10   5.672954e-01   8.572548e-01  -6.539360e-05
  -1.688346e-06  -2.583518e-06   1.972056e-10   5.625757e-01   8.608568e-01  -6.571108e-05
  -1.674121e-06  -2.594235e-06   1.981513e-10   5.578357e-01   8.644279e-01  -6.602620e-05
  -1.659836e-06  -2.604859e-06   1.990899e-10   5.530758e-01   8.679681e-01  -6.633895e-05
  -1.645492e-06  -2.615391e-06   2.000214e-10   5.482961e-01   8.714772e-01  -6.664934e-05
  -1.631088e-06  -2.625828e-06   2.009457e-10   5.434968e-01   8.749551e-01  -6.695734e-05
  -1.616627e-06  -2.636172e-06   2.018629e-10   5.386781e-01   8.784019e-01  -6.726295e-05
  -1.602108e-06  -2.646423e-06   2.027729e-10   5.338402e-01   8.818174e-01  -6.756617e-05
  -1.587532e-06  -2.656579e-06   2.036756e-10   5.289834e-01   8.852015e-01  -6.786698e-05
  -1.572900e-06  -2.666640e-06   2.045712e-10   5.241077e-01   8.885542e-01  -6.816538e-05
  -1.558212e-06  -2.676608e-06   2.054595e-10   5.192135e-01   8.918753e-01  -6.846137e-05
  -1.543469e-06  -2.686480e-06   2.063405e-10   5.143009e-01   8.951649e-01  -6.875493e-05
  -1.528671e-06  -2.696257e-06   2.072142e-10   5.093701e-01   8.984228e-01  -6.904606e-05
  -1.513819e-06  -2.705939e-06   2.080805e-10   5.044212e-01   9.016489e-01  -6.933474e-05
  -1.498913e-06  -2.715526e-06   2.089396e-10   4.994546e-01   9.048432e-01  -6.962098e-05
  -1.483955e-06  -2.725016e-06   2.097912e-10   4.944704e-01   9.080057e-01  -6.990477e-05
  -1.468945e-06  -2.734411e-06   2.106355e-10   4.894687e-01   9.111361e-01  -7.018610e-05
  -1.453883e-06  -2.743710e-06   2.114724e-10   4.844499e-01   9.142346e-01  -7.046496e-05
  -1.438770e-06  -2.752912e-06   2.123019e-10   4.794140e-01   9.173009e-01  -7.074134e-05
  -1.423606e-06  -2.762018e-06   2.131239e-10   4.743614e-01   9.203351e-01  -7.101524e-05
  -1.408393e-06  -2.771027e-06   2.139384e-10   4.692921e-01   9.233370e-01  -7.128666e-05
  -1.393130e-06  -2.779939e-06   2.147455e-10   4.642064e-01   9.263067e-01  -7.155558e-05
  -1.377819e-06  -2.788754e-06   2.155451e-10   4.591045e-01   9.292439e-01  -7.182201e-05
  -1.362459e-06  -2.797472e-06   2.163371e-10   4.539866e-01   9.321488e-01  -7.208592e-05
  -1.347052e-06  -2.806092e-06   2.171216e-10   4.488528e-01   9.350211e-01  -7.234733e-05
  -1.331599e-06  -2.814615e-06   2.178985e-10   4.437034e-01   9.378609e-01  -7.260621e-05
  -1.316098e-06  -2.823040e-06   2.186679e-10   4.385386e-01   9.406681e-01  -7.286257e-05
  -1.300553e-06  -2.831366e-06   2.194297e-10   4.333586e-01   9.434427e-01  -7.311640e-05
  -1.284962e-06  -2.839595e-06   2.201838e-10   4.281635e-01   9.461845e-01  -7.336770e-05
  -1.269326e-06  -2.847725e-06   2.209304e-10   4.229536e-01   9.488935e-01  -7.361645e-05
  -1.253647e-06  -2.855756e-06   2.216692e-10   4.177290e-01   9.515696e-01  -7.386265e-05
  -1.237924e-06  -2.863689e-06   2.224005e-10   4.124900e-01   9.542129e-01  -7.410630e-05
  -1.222159e-06  -2.871523e-06   2.231240e-10   4.072368e-01   9.568232e-01  -7.434739e-05
  -1.206351e-06  -2.879257e-06   2.238398e-10   4.019695e-01   9.594005e-01  -7.458592e-05
  -1.190502e-06  -2.886893e-06   2.245480e-10   3.966884e-01   9.619448e-01  -7.482188e-05
  -1.174611e-06  -2.894429e-06   2.252484e-10   3.913936e-01   9.644559e-01  -7.505526e-05
  -1.158681e-06  -2.901866e-06   2.259410e-10   3.860853e-01   9.669339e-01  -7.528605e-05
  -1.142710e-06  -2.909203e-06   2.266259e-10   3.807638e-01   9.693786e-01  -7.551427e-05
  -1.126701e-06  -2.916440e-06   2.273030e-10   3.754292e-01   9.717901e-01  -7.573989e-05
  -1.110653e-06  -2.923577e-06   2.279723e-10   3.700818e-01   9.741683e-01  -7.596292e-05
  -1.094566e-06  -2.930614e-06   2.286339e-10   3.647217e-01   9.765131e-01  -7.618334e-05
  -1.078443e-06  -2.937551e-06   2.292876e-10   3.593491e-01   9.788246e-01  -7.640116e-05
  -1.062282e-06  -2.944387e-06   2.299334e-10   3.539642e-01   9.811025e-01  -7.661637e-05
  -1.046085e-06  -2.951123e-06   2.305714e-10   3.485673e-01   9.833470e-01  -7.682896e-05
  -1.029853e-06  -2.957759e-06   2.312016e-10   3.431584e-01   9.855580e-01  -7.703893e-05
  -1.013585e-06  -2.964293e-06   2.318239e-10   3.377379e-01   9.877353e-01  -7.724628e-05
  -9.972832e-07  -2.970727e-06   2.324382e-10   3.323058e-01   9.898791e-01  -7.745100e-05
  -9.809472e-07  -2.977059e-06   2.330447e-10   3.268625e-01   9.919892e-01  -7.765309e-05
  -9.645779e-07  -2.983291e-06   2.336433e-10   3.214081e-01   9.940656e-01  -7.785253e-05
  -9.481759e-07  -2.989421e-06   2.342339e-10   3.159427e-01   9.961082e-01  -7.804934e-05
  -9.317417e-07  -2.995450e-06   2.348166e-10   3.104667e-01   9.981171e-01  -7.824350e-05
  -9.152759e-07  -3.001377e-06   2.353913e-10   3.049801e-01   1.000092e+00  -7.843500e-05
  -8.987792e-07  -3.007203e-06   2.359581e-10   2.994832e-01   1.002033e+00  -7.862386e-05
  -8.822521e-07  -3.012927e-06   2.365169e-10   2.939762e-01   1.003941e+00  -7.881005e-05
  -8.656951e-07  -3.018549e-06   2.370677e-10   2.884592e-01   1.005814e+00  -7.899358e-05
  -8.491090e-07  -3.024070e-06   2.376105e-10   2.829325e-01   1.007654e+00  -7.917445e-05
  -8.324942e-07  -3.029488e-06   2.381453e-10   2.773963e-01   1.009459e+00  -7.935264e-05
  -8.158513e-07  -3.034805e-06   2.386720e-10   2.718507e-01   1.011231e+00  -7.952817e-05
  -7.991810e-07  -3.040019e-06   2.391907e-10   2.662960e-01   1.012968e+00  -7.970101e-05
  -7.824838e-07  -3.045131e-06   2.397014e-10   2.607323e-01   1.014671e+00  -7.987117e-05
  -7.657603e-07  -3.050140e-06   2.402040e-10   2.551598e-01   1.016341e+00  -8.003865e-05
  -7.490111e-07  -3.055047e-06   2.406986e-10   2.495788e-01   1.017976e+00  -8.020344e-05
  -7.322367e-07  -3.059852e-06   2.411851e-10   2.439894e-01   1.019577e+00  -8.036554e-05
  -7.154378e-07  -3.064554e-06   2.416634e-10   2.383918e-01   1.021143e+00  -8.052494e-05
  -6.986149e-07  -3.069153e-06   2.421337e-10   2.327863e-01   1.022676e+00  -8.068165e-05
  -6.817687e-07  -3.073650e-06   2.425959e-10   2.271729e-01   1.024174e+00  -8.083565e-05
  -6.648996e-07  -3.078044e-06   2.430500e-10   2.215519e-01   1.025638e+00  -8.098695e-05
  -6.480083e-07  -3.082334e-06   2.434959e-10   2.159236e-01   1.027068e+00  -8.113555e-05
  -6.310954e-07  -3.086522e-06   2.439337e-10   2.102880e-01   1.028464e+00  -8.128143e-05
  -6.141614e-07  -3.090607e-06   2.443634e-10   2.046454e-01   1.029825e+00  -8.142460e-05
  -5.972069e-07  -3.094589e-06   2.447849e-10   1.989960e-01   1.031151e+00  -8.156506e-05
  -5.802325e-07  -3.098468e-06   2.451983e-10   1.933399e-01   1.032444e+00  -8.170280e-05
  -5.632388e-07  -3.102243e-06   2.456035e-10   1.876774e-01   1.033702e+00  -8.183781e-05
  -5.462263e-07  -3.105916e-06   2.460005e-10   1.820087e-01   1.034926e+00  -8.197010e-05
  -5.291957e-07  -3.109485e-06   2.463894e-10   1.763339e-01   1.036115e+00  -8.209967e-05
  -5.121475e-07  -3.112950e-06   2.467700e-10   1.706532e-01   1.037270e+00  -8.222651e-05
  -4.950823e-07  -3.116312e-06   2.471425e-10   1.649669e-01   1.038390e+00  -8.235061e-05
  -4.780006e-07  -3.119571e-06   2.475067e-10   1.592751e-01   1.039476e+00  -8.247199e-05
  -4.609031e-07  -3.122727e-06   2.478628e-10   1.535780e-01   1.040527e+00  -8.259063e-05
  -4.437903e-07  -3.125778e-06   2.482106e-10   1.478759e-01   1.041544e+00  -8.270653e-05
  -4.266628e-07  -3.128727e-06   2.485502e-10   1.421688e-01   1.042526e+00  -8.281969e-05
  -4.095212e-07  -3.131571e-06   2.488816e-10   1.364570e-01   1.043474e+00  -8.293010e-05
  -3.923661e-07  -3.134312e-06   2.492047e-10   1.307407e-01   1.044388e+00  -8.303778e-05
  -3.751979e-07  -3.136950e-06   2.495196e-10   1.250201e-01   1.045266e+00  -8.314271e-05
  -3.580174e-07  -3.139484e-06   2.498263e-10   1.192954e-01   1.046111e+00  -8.324489e-05
  -3.408250e-07  -3.141914e-06   2.501247e-10   1.135667e-01   1.046920e+00  -8.334432e-05
  -3.236214e-07  -3.144240e-06   2.504148e-10   1.078342e-01   1.047696e+00  -8.344100e-05
  -3.064071e-07  -3.146463e-06   2.506967e-10   1.020983e-01   1.048436e+00  -8.353493e-05
  -2.891827e-07  -3.148581e-06   2.509703e-10   9.635890e-02   1.049142e+00  -8.362610e-05
  -2.719488e-07  -3.150597e-06   2.512357e-10   9.061636e-02   1.049814e+00  -8.371452e-05
  -2.547059e-07  -3.152508e-06   2.514928e-10   8.487085e-02   1.050451e+00  -8.380018e-05
  -2.374547e-07  -3.154315e-06   2.517416e-10   7.912253e-02   1.051053e+00  -8.388308e-05
  -2.201956e-07  -3.156019e-06   2.519821e-10   7.337162e-02   1.051621e+00  -8.396322e-05
  -2.029293e-07  -3.157619e-06   2.522143e-10   6.761829e-02   1.052154e+00  -8.404060e-05
  -1.856563e-07  -3.159115e-06   2.524382e-10   6.186274e-02   1.052652e+00  -8.411522e-05
  -1.683772e-07  -3.160508e-06   2.526539e-10   5.610515e-02   1.053116e+00  -8.418707e-05
  -1.510926e-07  -3.161796e-06   2.528612e-10   5.034573e-02   1.053546e+00  -8.425616e-05
  -1.338030e-07  -3.162981e-06   2.530603e-10   4.458465e-02   1.053940e+00  -8.432249e-05
  -1.165090e-07  -3.164062e-06   2.532510e-10   3.882210e-02   1.054301e+00  -8.438604e-05
  -9.921125e-08  -3.165039e-06   2.534334e-10   3.305829e-02   1.054626e+00  -8.444683e-05
  -8.191020e-08  -3.165913e-06   2.536076e-10   2.729339e-02   1.054917e+00  -8.450485e-05
  -6.460648e-08  -3.166683e-06   2.537734e-10   2.152760e-02   1.055174e+00  -8.456010e-05
  -4.730064e-08  -3.167349e-06   2.539309e-10   1.576110e-02   1.055396e+00  -8.461259e-05
  -2.999325e-08  -3.167911e-06   2.540801e-10   9.994082e-03   1.055583e+00  -8.466230e-05
  -1.268487e-08  -3.168370e-06   2.542209e-10   4.226741e-03   1.055736e+00  -8.470924e-05
   4.623914e-09  -3.168725e-06   2.543535e-10  -1.540739e-03   1.055854e+00  -8.475341e-05
   2.193255e-08  -3.168976e-06   2.544777e-10  -7.308169e-03   1.055938e+00  -8.479481e-05
   3.924047e-08  -3.169124e-06   2.545937e-10  -1.307536e-02   1.055987e+00  -8.483343e-05
   5.654711e-08  -3.169168e-06   2.547013e-10  -1.884212e-02   1.056002e+00  -8.486928e-05
   7.385189e-08  -3.169109e-06   2.548005e-10  -2.460827e-02   1.055982e+00  -8.490236e-05
   9.115427e-08  -3.168946e-06   2.548915e-10  -3.037362e-02   1.055928e+00  -8.493267e-05
   1.084537e-07  -3.168680e-06   2.549741e-10  -3.613797e-02   1.055839e+00  -8.496021e-05
   1.257495e-07  -3.168310e-06   2.550484e-10  -4.190114e-02   1.055716e+00  -8.498497e-05
   1.430413e-07  -3.167837e-06   2.551144e-10  -4.766295e-02   1.055558e+00  -8.500696e-05
   1.603284e-07  -3.167260e-06   2.551721e-10  -5.342320e-02   1.055366e+00  -8.502617e-05
   1.776102e-07  -3.166580e-06   2.552214e-10  -5.918171e-02   1.055140e+00  -8.504261e-05
   1.948863e-07  -3.165797e-06   2.552625e-10  -6.493829e-02   1.054879e+00  -8.505628e-05
   2.121560e-07  -3.164911e-06   2.552952e-10  -7.069275e-02   1.054584e+00  -8.506718e-05
   2.294188e-07  -3.163922e-06   2.553195e-10  -7.644491e-02   1.054254e+00  -8.507530e-05
   2.466742e-07  -3.162830e-06   2.553356e-10  -8.219458e-02   1.053890e+00  -8.508066e-05
   2.639215e-07  -3.161634e-06   2.553434e-10  -8.794157e-02   1.053492e+00  -8.508324e-05
   2.811602e-07  -3.160336e-06   2.553428e-10  -9.368569e-02   1.053059e+00  -8.508305e-05
   2.983897e-07  -3.158935e-06   2.553339e-10  -9.942677e-02   1.052592e+00  -8.508009e-05
   3.156096e-07  -3.157431e-06   2.553167e-10  -1.051646e-01   1.052091e+00  -8.507437e-05
   3.328191e-07  -3.155824e-06   2.552912e-10  -1.108990e-01   1.051555e+00  -8.506587e-05
   3.500179e-07  -3.154114e-06   2.552574e-10  -1.166298e-01   1.050986e+00  -8.505461e-05
   3.672052e-07  -3.152302e-06   2.552153e-10  -1.223569e-01   1.050382e+00  -8.504057e-05
   3.843806e-07  -3.150387e-06   2.551649e-10  -1.280799e-01   1.049744e+00  -8.502378e-05
   4.015435e-07  -3.148370e-06   2.551062e-10  -1.337988e-01   1.049072e+00  -8.500421e-05
   4.186934e-07  -3.146251e-06   2.550392e-10  -1.395133e-01   1.048366e+00  -8.498189e-05
   4.358296e-07  -3.144029e-06   2.549639e-10  -1.452233e-01   1.047625e+00  -8.495680e-05
   4.529517e-07  -3.141705e-06   2.548803e-10  -1.509285e-01   1.046851e+00  -8.492894e-05
   4.700590e-07  -3.139279e-06   2.547884e-10  -1.566289e-01   1.046043e+00  -8.489833e-05
   4.871511e-07  -3.136750e-06   2.546883e-10  -1.623241e-01   1.045200e+00  -8.486496e-05
   5.042273e-07  -3.134120e-06   2.545798e-10  -1.680141e-01   1.044324e+00  -8.482883e-05
   5.212871e-07  -3.131388e-06   2.544631e-10  -1.736987e-01   1.043413e+00  -8.478994e-05
   5.383300e-07  -3.128554e-06   2.543381e-10  -1.793775e-01   1.042469e+00  -8.474829e-05
   5.553554e-07  -3.125619e-06   2.542049e-10  -1.850506e-01   1.041491e+00  -8.470389e-05
   5.723628e-07  -3.122582e-06   2.540634e-10  -1.907176e-01   1.040479e+00  -8.465674e-05
   5.893515e-07  -3.119444e-06   2.539136e-10  -1.963785e-01   1.039433e+00  -8.460684e-05
   6.063211e-07  -3.116204e-06   2.537556e-10  -2.020329e-01   1.038354e+00  -8.455419e-05
   6.232711e-07  -3.112863e-06   2.535894e-10  -2.076808e-01   1.037240e+00  -8.449880e-05
   6.402007e-07  -3.109420e-06   2.534149e-10  -2.133220e-01   1.036093e+00  -8.444065e-05
   6.571096e-07  -3.105877e-06   2.532322e-10  -2.189562e-01   1.034913e+00  -8.437977e-05
   6.739971e-07  -3.102233e-06   2.530412e-10  -2.245833e-01   1.033698e+00  -8.431614e-05
   6.908627e-07  -3.098488e-06   2.528420e-10  -2.302031e-01   1.032451e+00  -8.424977e-05
   7.077058e-07  -3.094642e-06   2.526346e-10  -2.358154e-01   1.031169e+00  -8.418066e-05
   7.245260e-07  -3.090696e-06   2.524190e-10  -2.414201e-01   1.029854e+00  -8.410882e-05
   7.413226e-07  -3.086649e-06   2.521952e-10  -2.470169e-01   1.028506e+00  -8.403425e-05
   7.580951e-07  -3.082502e-06   2.519632e-10  -2.526057e-01   1.027124e+00  -8.395694e-05
   7.748430e-07  -3.078255e-06   2.517230e-10  -2.581863e-01   1.025709e+00  -8.387691e-05
   7.915657e-07  -3.073908e-06   2.514747e-10  -2.637585e-01   1.024260e+00  -8.379415e-05
   8.082627e-07  -3.069461e-06   2.512181e-10  -2.693221e-01   1.022778e+00  -8.370866e-05
   8.249333e-07  -3.064914e-06   2.509534e-10  -2.748769e-01   1.021263e+00  -8.362046e-05
