-0.006056797627705779 0.006456103347534338 8.740800510641314e-05 -0.002676355015536382 -0.0018374149974851556 7.991025122030018e-05
0.2939793096020483 -0.2743915003505926 -0.05038494575001255 4.985105899321916 7.984731829904322 0.19516908355858964
-0.08198092990544088 0.7216213946591721 0.01428289213118692 -7.374251481431103 -0.8220713089184923 0.4142093612164071
0.954730263865479 0.2796871522786831 7.125461757541623e-05 -1.8215739151920405 6.019045033216373 -0.00041426870697629134
1.338171629453269 0.4375797272123467 -0.02385380064615869 -1.3678551542664434 5.301634706088209 0.14471034604589014
2.51142085226408 -4.457270905787417 -0.03769750456705974 2.367332598713642 1.4835380250980328 -0.05912222277475521
5.112689600325091 -8.583651246796396 -0.05429222143028824 1.6374217177083688 1.0373492419270642 -0.08318732000732293
15.55207444103421 12.22492019985741 -0.1560755393502417 -0.8983746546162128 1.0624816483951909 0.0156147892670173
29.4084088760679 -5.486811564721911 -0.5647567541576598 0.20263509544544214 1.1337730601600233 -0.028123571581837634
13.80705794972566 -31.20338950577318 -0.6548628267867134 1.0772058481024713 0.22231633775085252 -0.3317113487526006
