 Lattice size L  Temperature T      MC Cycles          <E>/N          <M>/N            C_V            chi        Threads       Time (s)   Accept. rate
             20              1           1000     -1.9963994     0.99909985     0.03514107   0.0021963168             12      0.0057986  0.00096016249
             20            2.4           1000     -1.2897273     0.56508234      2.4514455      8.1689414             12      0.0042169      0.2513174
             20              1           1072     -1.9964174     0.99910435    0.034274741   0.0021421713             12       0.003896  0.00095163304
             20            2.4           1072      -1.281809     0.53943498      2.3546253      9.2096423             12      0.0042116     0.25492285
             20              1           1149     -1.9966559     0.99916397    0.032312144    0.002019509             12       0.004446  0.00090030364
             20            2.4           1149     -1.2723031     0.51053045      2.3123803      10.577951             12      0.0045086     0.25849519
             20              1           1232     -1.9968666     0.99921665    0.030494606   0.0019059129             12      0.0051107  0.00098581402
             20            2.4           1232     -1.2583578      0.4872041      2.3681345      11.123911             12      0.0049652     0.26360342
             20              1           1321     -1.9968814     0.99922035    0.030019597   0.0018762248             12      0.0122379   0.0010484234
             20            2.4           1321     -1.2499099     0.46759422      2.3011683      11.268955             12      0.0086208     0.26716648
             20              1           1417     -1.9959351     0.99898376     0.03945989   0.0024662431             12       0.008416   0.0011432666
             20            2.4           1417     -1.2352449      0.4516145      2.3638801      11.095774             12      0.0054868      0.2729056
             20              1           1519     -1.9961821     0.99904553    0.037355265   0.0023347041             12      0.0059124   0.0010714286
             20            2.4           1519     -1.2236087     0.42797706      2.3500118      11.661568             12      0.0081162     0.27733631
             20              1           1629     -1.9956798     0.99891995     0.04161454   0.0026009088             12      0.0064878   0.0011168981
             20            2.4           1629     -1.2191879     0.40381906      2.2310705      12.259488             12      0.0061761     0.27842255
             20              1           1747     -1.9954438     0.99886095    0.045733371   0.0028583357             12      0.0065469   0.0011733969
             20            2.4           1747     -1.2193152     0.39155346      2.0973201      11.815433             12      0.0066125     0.27786706
             20              1           1873     -1.9953871     0.99884677    0.044793358   0.0027995849             12      0.0070104    0.001185268
             20            2.4           1873     -1.2178546     0.37411478      2.0204894      11.750335             12      0.0078315     0.27819253
             20              1           2009     -1.9955602     0.99889005    0.042925802   0.0026828626             12      0.0080334   0.0011224571
             20            2.4           2009     -1.2111318      0.3543734      1.9762344      11.888778             12      0.0080432     0.28055819
             20              1           2154     -1.9955428      0.9988857    0.041973946   0.0026233716             12      0.0082391   0.0010864412
             20            2.4           2154     -1.2117717     0.33887326      1.8628477      11.673191             12      0.0108472     0.28013674
             20              1           2310      -1.995827     0.99895676    0.039717998   0.0024823748             12      0.0134272   0.0010151647
             20            2.4           2310     -1.2188248     0.34328125      1.8019008      11.051017             12      0.0098429     0.27843655
             20              1           2477     -1.9956397     0.99890992    0.039680179   0.0024800112             12      0.0112995   0.0010547276
             20            2.4           2477     -1.2127291     0.34874575      1.7643487       10.40587             12      0.0090522     0.28015989
             20              1           2656     -1.9959336     0.99898341     0.03748334   0.0023427087             12      0.0113111   0.0010165913
             20            2.4           2656     -1.2082246     0.35108068      1.6933578      9.7412098             12      0.0095561     0.28089604
             20              1           2848     -1.9959135     0.99897664    0.037048032   0.0023296479             12      0.0102054  0.00098484252
             20            2.4           2848     -1.2093286     0.35233073      1.6210791      9.3022298             12      0.0114812     0.28018945
             20              1           3053      -1.995742     0.99891585    0.039704377   0.0026415126             12      0.0107926   0.0010055394
             20            2.4           3053     -1.2075605     0.34625816      1.5417207       8.798527             12      0.0117396     0.28088181
             20              1           3274     -1.9958886     0.99895382    0.038152894   0.0025343031             12      0.0119995  0.00097286321
             20            2.4           3274     -1.2015007     0.34909102      1.4967012      8.2613294             12      0.0125878      0.2825561
             20              1           3511     -1.9956592     0.99888916    0.038810636   0.0026167701             12      0.0142246  0.00097412322
             20            2.4           3511     -1.1932958     0.34999221      1.5144587      7.8188877             12      0.0149031     0.28533663
             20              1           3764     -1.9957225     0.99889875    0.038123623   0.0026101049             12       0.016177  0.00093321299
             20            2.4           3764      -1.195787     0.36346887      1.4417146      7.7527625             12       0.014001     0.28448515
             20              1           4037     -1.9958335     0.99892866    0.036851328   0.0025158888             12      0.0166413   0.0009227136
             20            2.4           4037     -1.1950537     0.37406347      1.3833718      7.5213966             12      0.0161381     0.28442015
             20              1           4328     -1.9960027     0.99897295    0.035347018   0.0024085338             12      0.0159894  0.00091613829
             20            2.4           4328     -1.1987558     0.38383087      1.3210722      7.2791809             12      0.0161326      0.2831674
             20              1           4641     -1.9960612     0.99898945     0.03523397   0.0023883466             12      0.0167949  0.00091306077
             20            2.4           4641     -1.2038607      0.3951153      1.3057893      7.2727953             12      0.0191575     0.28152969
             20              1           4977     -1.9960176     0.99897427    0.035835138   0.0024504169             12        0.01974  0.00091821701
             20            2.4           4977     -1.2086775     0.40493424      1.2702136      7.1787936             12      0.0202328     0.27958816
             20              1           5336     -1.9962443     0.99903296    0.034028977   0.0023246498             12      0.0264916  0.00088832749
             20            2.4           5336     -1.2133122     0.41971094      1.2424247      7.2926614             12      0.0180115     0.27784747
             20              1           5722     -1.9963264     0.99905539    0.032966824   0.0022453713             12      0.0215921  0.00087121114
             20            2.4           5722     -1.2138609     0.41081925      1.1894925      7.0433469             12      0.0224919     0.27754128
             20              1           6135     -1.9963423     0.99906112     0.03228181   0.0021901974             12      0.0219128  0.00085615328
             20            2.4           6135     -1.2136107     0.40342924      1.1480141      6.8334078             12      0.0222406     0.27784787
             20              1           6579     -1.9965162     0.99910625    0.030822435   0.0020881471             12       0.023998  0.00085727509
             20            2.4           6579     -1.2050926     0.39061853      1.1614321      6.8385002             12      0.0252913     0.28096313
             20              1           7054     -1.9966743     0.99914731    0.029462698   0.0019929605             12       0.025345  0.00080911668
             20            2.4           7054     -1.1983913     0.38079128      1.1715324       6.711516             12      0.0298159     0.28351363
             20              1           7564     -1.9966208     0.99913538    0.029255948   0.0019696176             12      0.0302602  0.00080116586
             20            2.4           7564     -1.1987085     0.38678693       1.136195      6.4906926             12      0.0295913     0.28306615
             20              1           8111     -1.9967895     0.99917888    0.027893447   0.0018755801             12      0.0305019  0.00076934096
             20            2.4           8111     -1.2015914     0.39194414      1.1131822      6.2123816             12      0.0298625     0.28202161
             20              1           8697      -1.996923     0.99921351    0.026734155   0.0017946824             12      0.0368713  0.00075312909
             20            2.4           8697     -1.2023216     0.40167128      1.1382783      6.3099916             12      0.0326951     0.28194467
             20              1           9326     -1.9969247      0.9992151     0.02632646   0.0017608635             12       0.037862  0.00075273467
             20            2.4           9326     -1.2125209     0.42002462      1.2207277      6.7200961             12      0.0353162     0.27788738
             20              1          10000      -1.996988       0.999232    0.025603181    0.001708073             12      0.0386386  0.00073800129
             20            2.4          10000      -1.214556     0.42713425      1.2023868      6.4436582             12      0.0362734     0.27710847
             20              1          10722      -1.997146     0.99927252    0.024363783   0.0016237946             12      0.0404701  0.00070509475
             20            2.4          10722     -1.2177637     0.43954351      1.2492261       6.548195             12       0.041673     0.27587148
             20              1          11497     -1.9971714     0.99927981    0.024897457   0.0016504079             12      0.0428391  0.00068887542
             20            2.4          11497     -1.2216743     0.44845131      1.2814152      6.5852511             12      0.0413943     0.27491325
             20              1          12328     -1.9972648     0.99930402    0.023989895   0.0015875591             12       0.043926  0.00069597744
             20            2.4          12328     -1.2309264     0.46337937      1.3858863      6.7948985             12      0.0465822     0.27163243
             20              1          13219     -1.9973478     0.99932332    0.023269922   0.0015514684             12      0.0477886  0.00068121633
             20            2.4          13219     -1.2277046     0.45667621      1.3487993      6.6738253             12       0.053094     0.27277722
             20              1          14174     -1.9974263     0.99934387    0.022748994   0.0015125721             12       0.055943  0.00065613109
             20            2.4          14174     -1.2231113     0.45178495      1.3217053       6.340776             12      0.0543789     0.27443947
             20              1          15199     -1.9974564     0.99935226    0.022497931   0.0014908355             12      0.0586525  0.00066385769
             20            2.4          15199      -1.224124     0.45491218      1.2831665      6.0360703             12      0.0554454     0.27453614
             20              1          16297     -1.9973621     0.99932932    0.022980814    0.001516094             12      0.0590739  0.00068340771
             20            2.4          16297     -1.2333515     0.47063999      1.3575391      6.3550014             12      0.0611528      0.2710051
             20              1          17475     -1.9973001     0.99931302    0.023764704   0.0015697344             12      0.0676822  0.00069713873
             20            2.4          17475     -1.2268951     0.45305589      1.3460372      6.7715264             12       0.064123     0.27358138
             20              1          18738     -1.9972644     0.99930489    0.023630533   0.0015555808             12      0.0683308  0.00069818049
             20            2.4          18738     -1.2187499     0.43702048      1.3898835      7.1827792             12      0.0670493     0.27656462
             20              1          20092     -1.9971272     0.99926837    0.024244143   0.0016075055             12      0.0740736  0.00070500673
             20            2.4          20092     -1.2172083     0.43564173      1.3624329      6.9669401             12      0.0705756     0.27690462
             20              1          21544     -1.9971704     0.99927869     0.02402359   0.0016021315             12       0.080576  0.00071040641
             20            2.4          21544      -1.226147     0.45253349      1.4328921      7.2766717             12      0.0767373      0.2734572
             20              1          23101     -1.9970962     0.99925977    0.024366306   0.0016249012             12      0.0831607  0.00072724126
             20            2.4          23101     -1.2277655     0.45429224      1.4076996      7.1192989             12      0.0884522      0.2727633
             20              1          24770     -1.9972144     0.99929027    0.023386222   0.0015570926             12      0.0883443  0.00071699642
             20            2.4          24770     -1.2327452     0.46641985      1.4176309      7.1664512             12      0.0887245     0.27094056
             20              1          26560     -1.9972839     0.99930855    0.022699689   0.0015079285             12      0.1004451  0.00069587728
             20            2.4          26560     -1.2400658     0.48128137       1.446898      7.3001352             12      0.0946186     0.26817914
             20              1          28480     -1.9973076     0.99931531    0.022566655   0.0014936593             12      0.1048003  0.00068258442
             20            2.4          28480     -1.2435186     0.48711654      1.4289331      7.0584904             12      0.1024042      0.2669935
             20              1          30538     -1.9973292      0.9993215    0.022185691   0.0014642894             12      0.1110302  0.00069601713
             20            2.4          30538     -1.2431529     0.48778591      1.4038081      6.9764756             12      0.1093031      0.2671947
             20              1          32745     -1.9973211      0.9993202    0.022093263   0.0014532634             12       0.121762  0.00068896072
             20            2.4          32745     -1.2468633     0.49574681      1.3843275      6.8718929             12      0.1200095     0.26574416
             20              1          35111     -1.9973513     0.99932841    0.021787687    0.001429343             12      0.1250909  0.00069736006
             20            2.4          35111     -1.2468858      0.4933503      1.3352181      6.7638475             12      0.1344326     0.26588859
             20              1          37649     -1.9974151     0.99934421    0.021227988    0.001395078             12      0.1356113  0.00070453393
             20            2.4          37649     -1.2462406     0.49440891      1.3195533        6.55986             12      0.1355586     0.26599032
             20              1          40370     -1.9973366     0.99932524    0.022036514   0.0014408678             12      0.1467855  0.00071042856
             20            2.4          40370      -1.243706     0.48862955      1.2999726      6.6807573             12      0.1493746     0.26710397
             20              1          43287     -1.9973941     0.99934022    0.021546041    0.001406026             12      0.1629143  0.00070690973
             20            2.4          43287     -1.2425088     0.48703227      1.2809486       6.591691             12      0.1619871     0.26754077
             20              1          46415     -1.9974017     0.99933944    0.021529649   0.0014258085             12      0.1710587  0.00071356287
             20            2.4          46415     -1.2415036     0.48724606      1.3119387      6.7175253             12      0.1764084     0.26772602
             20              1          49770     -1.9973044     0.99931284      0.0224196   0.0014988879             12      0.1812924  0.00073186657
             20            2.4          49770     -1.2412268     0.48731031      1.3096846      6.7576841             12      0.1815378      0.2679244
             20              1          53366     -1.9973151     0.99931642    0.022247228   0.0014815647             12      0.1912062  0.00073192671
             20            2.4          53366     -1.2385298     0.48071301      1.3357218       7.056744             12      0.2026882     0.26883723
             20              1          57223     -1.9972986     0.99931208    0.022349221   0.0014885268             12      0.2178929  0.00073624231
             20            2.4          57223     -1.2368534     0.47711436      1.3301399      7.0757678             12      0.2082446     0.26931919
             20              1          61359     -1.9972636     0.99930369    0.022642911   0.0015037733             12      0.2246405  0.00073347021
             20            2.4          61359      -1.231986     0.46026167      1.3044575      7.5796065             12      0.2230821     0.27122325
             20              1          65793     -1.9972459      0.9992978    0.022836223   0.0015245287             12      0.2337137  0.00073427257
             20            2.4          65793     -1.2292478     0.44537699      1.2648836      7.8858527             12      0.2478712     0.27235032
             20              1          70548     -1.9972682      0.9993026    0.022638407   0.0015166301             12      0.2813538  0.00072121109
             20            2.4          70548      -1.224346     0.42761184      1.2833066      8.4418175             12      0.2536421     0.27406829
             20              1          75646     -1.9972326     0.99929309    0.022895484   0.0015375454             12      0.2721315   0.0007268062
             20            2.4          75646     -1.2184934     0.41817554      1.2885435      8.4817266             12      0.2749383     0.27615141
             20              1          81113     -1.9972557     0.99929876    0.022699763   0.0015253449             12      0.2905264  0.00072531531
             20            2.4          81113     -1.2195974     0.41894877      1.3060792      8.5406973             12      0.3044315     0.27597012
             20              1          86974     -1.9972578     0.99929887    0.022635658   0.0015234207             12      0.3160725  0.00072156592
             20            2.4          86974     -1.2226444      0.4238042      1.3066577      8.4891215             12      0.3166499     0.27504399
             20              1          93260     -1.9973118     0.99931219     0.02213027   0.0014926251             12      0.3383067   0.0007161698
             20            2.4          93260     -1.2237173     0.41868977      1.3208152      8.8900058             12      0.3360868     0.27471912
             20              1         100000     -1.9972784       0.999304    0.022563558   0.0015198336             12      0.3669323  0.00071940001
             20            2.4         100000     -1.2251574     0.42162635      1.3149925      8.8540213             12       0.368749     0.27418198
             20              1         107226     -1.9972408     0.99929537    0.022939424    0.001537636             12       0.383885  0.00071855239
             20            2.4         107226      -1.229384     0.43271628      1.3501524      8.8244071             12      0.3853743     0.27262662
             20              1         114975     -1.9972029     0.99928663     0.02330539   0.0015550831             12      0.4152114  0.00071967818
             20            2.4         114975     -1.2309298      0.4353135      1.3833966      8.9923543             12      0.4177576     0.27213614
             20              1         123284     -1.9972043     0.99928746    0.023171371   0.0015432068             12      0.4484059   0.0007179358
             20            2.4         123284     -1.2357224     0.44537202      1.4021716      9.0117716             12      0.4461047      0.2703668
             20              1         132194     -1.9972077     0.99928832    0.022959351   0.0015294038             12      0.4833088  0.00072302828
             20            2.4         132194     -1.2354158     0.44337198       1.395313      9.0366823             12       0.486694     0.27052366
             20              1         141747     -1.9972164     0.99929141    0.022873774    0.001517717             12      0.5024532  0.00072128511
             20            2.4         141747     -1.2360427     0.44763279      1.3866429      8.8547401             12      0.5069837     0.27025567
             20              1         151991     -1.9972154     0.99929141    0.022911436   0.0015179435             12      0.5484313  0.00071885839
             20            2.4         151991     -1.2396864     0.45568346      1.4064542      8.8791783             12       0.567805      0.2687794
             20              1         162975     -1.9971718     0.99927915    0.023463826   0.0015622394             12      0.6593223  0.00072084676
             20            2.4         162975     -1.2428667      0.4654755       1.398234      8.7214742             12      0.5855265     0.26755929
             20              1         174752     -1.9971634     0.99927675    0.023590233   0.0015726009             12      0.6300616  0.00072818904
             20            2.4         174752     -1.2431387     0.46556325       1.407522      8.6471957             12      0.6374279     0.26747711
             20              1         187381     -1.9971521     0.99927378    0.023599091   0.0015744944             12      0.6767678  0.00073038355
             20            2.4         187381     -1.2388993     0.45731635      1.4089345      8.7603788             12      0.6819024     0.26905963
             20              1         200923     -1.9971834     0.99928211    0.023301323   0.0015521409             12      0.7247813  0.00072774148
             20            2.4         200923     -1.2387707      0.4600935      1.3966857       8.613666             12      0.7219332     0.26912871
             20              1         215443     -1.9971694     0.99927897    0.023423675   0.0015582699             12       0.810286  0.00072882387
             20            2.4         215443     -1.2332846     0.44537811       1.394264      8.9667012             12      0.7685157     0.27120217
             20              1         231012     -1.9971508     0.99927406    0.023483897   0.0015641793             12      0.8545522  0.00073437743
             20            2.4         231012     -1.2320882     0.44318347      1.3840134      8.8561436             12      0.8600757     0.27163173
             20              1         247707      -1.997165     0.99927745    0.023437329   0.0015637483             12      0.9661412  0.00073247829
             20            2.4         247707     -1.2316759     0.44315728      1.3589574      8.7522054             12      0.9583353      0.2717882
             20              1         265608     -1.9971713     0.99927916      0.0233667    0.001558219             12      1.0052339   0.0007296467
             20            2.4         265608     -1.2280017     0.43541113      1.3613091      8.8011058             12      1.0061459     0.27317475
             20              1         284803     -1.9971576     0.99927592    0.023404012   0.0015586638             12      1.0474323  0.00072660752
             20            2.4         284803     -1.2307686     0.44120875      1.3749819      8.8796569             12      1.0769411     0.27211041
             20              1         305385      -1.997146     0.99927266    0.023467024   0.0015660787             12      1.1539982   0.0007308807
             20            2.4         305385     -1.2320867     0.44550402      1.3713773      8.7488944             12      1.1272068      0.2716186
             20              1         327454      -1.997154     0.99927459    0.023383066   0.0015606283             12      1.1987616  0.00072862906
             20            2.4         327454     -1.2362681     0.45500083      1.3820792      8.6434621             12      1.2282761     0.27014006
             20              1         351119     -1.9971315     0.99926878    0.023554086   0.0015732422             12      1.3737883  0.00073260063
             20            2.4         351119     -1.2365383     0.45534296      1.3794434      8.6895738             12      1.3400653     0.27006585
             20              1         376493     -1.9971326     0.99926912    0.023567034   0.0015731869             12      1.4627018  0.00073278919
             20            2.4         376493     -1.2376491     0.45920682      1.3766015      8.6145544             12      1.4408726      0.2696494
             20              1         403701     -1.9971613     0.99927501    0.023372159   0.0015797923             12      1.5230609  0.00072977278
             20            2.4         403701     -1.2390426     0.46074796      1.3855229      8.6280174             12      1.4863231     0.26921477
             20              1         432876     -1.9971375     0.99926843    0.023450395   0.0015872682             12      1.6031513  0.00073129487
             20            2.4         432876      -1.235378     0.45275594      1.3875099      8.7148899             12      1.7394431     0.27058035
             20              1         464158     -1.9971308     0.99926628    0.023563459   0.0015974955             12      1.7599081  0.00073165819
             20            2.4         464158     -1.2358268      0.4554812      1.3876824      8.6245503             12      1.8406983     0.27043739
             20              1         497702       -1.99712      0.9992639    0.023627436   0.0015997695             12      2.0069115  0.00073236595
             20            2.4         497702     -1.2358054     0.45575433      1.3901151       8.608756             12      2.0264665      0.2704949
             20              1         533669     -1.9971268     0.99926595     0.02355489   0.0015921053             12      1.9450855  0.00073258893
             20            2.4         533669     -1.2344448     0.45291829      1.3923202      8.6442601             12      1.9801074     0.27100768
             20              1         572236     -1.9971503     0.99927243      0.0233531   0.0015747243             12      2.1374191  0.00072913973
             20            2.4         572236     -1.2338336     0.45172002      1.3793668      8.5983738             12      2.1587674     0.27122372
             20              1         613590     -1.9971719     0.99927825    0.023192469   0.0015613454             12      2.2715797  0.00072634821
             20            2.4         613590     -1.2320119     0.44708036      1.3671854      8.6343522             12      2.2803663     0.27191487
             20              1         657933     -1.9971781     0.99927993    0.023180898    0.001559951             12       2.417385  0.00072344753
             20            2.4         657933     -1.2329787     0.44835052      1.3610428      8.5815475             12      2.4732317     0.27152334
             20              1         705480     -1.9972033     0.99928661    0.022926082    0.001540606             12      2.6934643  0.00072142371
             20            2.4         705480     -1.2337222     0.44914526      1.3648111      8.6169737             12       2.629095      0.2712506
             20              1         756463     -1.9972057     0.99928733     0.02285143   0.0015353156             12      2.7772227  0.00072075567
             20            2.4         756463     -1.2326603      0.4472711      1.3630425      8.6536839             12      2.8514372     0.27167073
             20              1         811130     -1.9971844     0.99928167    0.023053645   0.0015501126             12        3.02514  0.00072350918
             20            2.4         811130     -1.2329044      0.4480904      1.3677659      8.6795945             12       3.030377     0.27161108
             20              1         869749     -1.9971815      0.9992811    0.023046888   0.0015484019             12      3.1688278  0.00072172546
             20            2.4         869749     -1.2325529       0.447038      1.3715529      8.7105784             12       3.256814     0.27176089
             20              1         932603     -1.9971792     0.99928032    0.023135797   0.0015551502             12      3.5290562  0.00072379673
             20            2.4         932603     -1.2316329      0.4456576      1.3718043      8.7001861             12      3.5182676     0.27209382
             20              1        1000000     -1.9971669     0.99927718    0.023236023   0.0015616125             12      3.7694305   0.0007236975
             20            2.4        1000000     -1.2310668     0.44416071      1.3702919      8.7270914             12      3.7464358     0.27225948
