 Lattice size L  Temperature T      MC Cycles          <E>/N          <M>/N            C_V            chi        Threads       Time (s)
             20              1             10           -nan           -nan           -nan           -nan             12  0.00060319999
             20            2.4             10           -nan           -nan           -nan           -nan             12  0.00050170001
             20              1          12668     -1.9496711     0.87735239      2115.8429      12646.464             12      0.0384084
             20            2.4          12668     -1.2307923     0.45172236      588.71829      3347.2459             12      0.0449891
             20              1          25326     -1.9733991     0.93612097      1112.2687      7290.9701             12      0.0764793
             20            2.4          25326     -1.2312747     0.44111317      558.33086      3533.3119             12      0.0775463
             20              1          37984     -1.9834374     0.96369992      695.78067       4188.625             12      0.1200245
             20            2.4          37984     -1.2391143     0.46204467      566.84783      3377.1149             12      0.1167958
             20              1          50642      -1.971409     0.92738075      1053.6538      7939.1323             12      0.1685817
             20            2.4          50642     -1.2402329     0.45585536      572.65841       3656.508             12      0.1515524
             20              1          63300     -1.9840179     0.96424155      613.95523      4110.5023             12      0.1888729
             20            2.4          63300     -1.2314292     0.44032235       557.9878      3589.2215             12      0.1896103
             20              1          75958     -1.9902257     0.98246117      364.07256      1920.9579             12      0.2299962
             20            2.4          75958     -1.2391714     0.45740932      567.50046      3486.3628             12      0.2290539
             20              1          88616     -1.9912086     0.98348913       311.7217       1962.687             12      0.2681255
             20            2.4          88616     -1.2373965     0.45162303      573.23319      3583.8289             12      0.2693019
             20              1         101274     -1.9915499     0.98434722      299.22051      1859.1365             12      0.3218979
             20            2.4         101274     -1.2372408     0.45275663       564.6559      3542.7048             12      0.3232923
             20              1         113932     -1.9920308      0.9865578       273.5227      1496.0117             12      0.3589429
             20            2.4         113932     -1.2362082     0.44699543      571.98736      3710.1617             12      0.3611883
             20              1         126591     -1.9855901      0.9652065      505.69196      4181.7941             12      0.3909137
             20            2.4         126591     -1.2375201     0.44944428      572.60859      3603.6276             12      0.4067847
             20              1         139249     -1.9911146     0.98273341      299.59826      2038.6478             12      0.5000716
             20            2.4         139249     -1.2363913     0.44945716      564.65758      3577.2414             12      0.5108902
             20              1         151907     -1.9848022     0.96210875      527.67237      4581.7036             12      0.4917902
             20            2.4         151907     -1.2380107     0.45275813      567.42797      3567.4134             12      0.4866043
             20              1         164565     -1.9924507      0.9865283      238.43376      1579.2982             12      0.5174953
             20            2.4         164565     -1.2401092     0.45866753       570.2073      3579.3519             12      0.5323389
             20              1         177223     -1.9946498     0.99305141      147.01425       751.1398             12      0.5625063
             20            2.4         177223     -1.2349629     0.44844892      564.71447      3526.6864             12      0.6174578
             20              1         189881     -1.9935514     0.99013326      184.01052      1077.4746             12      0.6057951
             20            2.4         189881     -1.2387059     0.45531285      571.55526      3574.8338             12      0.6142433
             20              1         202539     -1.9935643      0.9894767       184.6448       1214.729             12      0.6562988
             20            2.4         202539      -1.239592     0.45941363      569.04023      3553.0796             12      0.6604095
             20              1         215197     -1.9947969     0.99332374      133.06654       713.6222             12      0.7013495
             20            2.4         215197     -1.2415611     0.46267515        568.705      3518.8596             12      0.7449293
             20              1         227855     -1.9907903     0.97984426      282.21154      2485.8626             12      0.7523015
             20            2.4         227855     -1.2366603     0.45265376      574.12257      3547.5253             12      0.7561975
             20              1         240513     -1.9936507     0.98981512      173.59283       1142.224             12      0.7938828
             20            2.4         240513      -1.238867     0.45790671      570.67299      3515.6752             12      0.8261889
             20              1         253172     -1.9953934     0.99510581      111.46514      517.11448             12      0.8407684
             20            2.4         253172     -1.2365948     0.45371152      564.17435      3533.7158             12      0.8634114
             20              1         265830     -1.9960844     0.99709136      77.927302      255.34939             12      0.9255082
             20            2.4         265830     -1.2351369     0.45075031      556.84551      3516.4988             12      0.9101581
             20              1         278488     -1.9954731     0.99498853      99.250927      526.89945             12      0.9326379
             20            2.4         278488     -1.2357771     0.44979327      563.55759      3564.8347             12      0.9701006
             20              1         291146     -1.9929926     0.98721071       194.4224      1521.5772             12      0.9824696
             20            2.4         291146     -1.2401138     0.46003718      566.54605      3521.8568             12      1.0309857
             20              1         303804     -1.9957198     0.99586554      86.704785      401.83659             12      1.0598961
             20            2.4         303804     -1.2363391     0.45261787       560.4655      3517.6849             12      1.0407964
             20              1         316462     -1.9944117     0.99178464       139.1205      927.42226             12      1.0747123
             20            2.4         316462     -1.2380012     0.45726605      570.94254      3513.8792             12      1.1001293
             20              1         329120     -1.9954864     0.99500843         93.686      523.72492             12      1.1540593
             20            2.4         329120     -1.2387836     0.45570292        571.742       3581.239             12      1.1630412
             20              1         341778     -1.9942687     0.99127887      143.87938      995.44876             12      1.1799218
             20            2.4         341778     -1.2341434     0.44792268      566.27166      3568.3269             12      1.1832235
             20              1         354436     -1.9951675     0.99411361       109.9851      641.38927             12      1.2159424
             20            2.4         354436     -1.2375742     0.45512458      567.58354      3526.2169             12      1.3013549
             20              1         367094     -1.9950652     0.99433874      111.22271      552.73576             12      1.3177434
             20            2.4         367094     -1.2352924     0.44925293      564.89105      3588.6153             12      1.3065499
             20              1         379753      -1.994944     0.99317959      113.69577       778.5932             12      1.4752395
             20            2.4         379753     -1.2362673     0.45345242      567.95488      3540.8839             12      1.3997901
             20              1         392411     -1.9944427     0.99116195      133.53228      1059.1044             12      1.4431797
             20            2.4         392411     -1.2401646     0.46093727      571.59802      3526.3967             12      1.4152294
             20              1         405069     -1.9950369     0.99348496      111.20121      715.93862             12      1.5301714
             20            2.4         405069     -1.2360865     0.45121929      563.84133      3550.0041             12      1.5147217
             20              1         417727     -1.9942479     0.99065774      141.38283       1116.281             12      1.6116644
             20            2.4         417727     -1.2362721     0.45160039      555.06596      3533.0269             12      1.5635611
             20              1         430385     -1.9964345     0.99769909      52.357933      188.66069             12      1.6081514
             20            2.4         430385     -1.2361146     0.45319656      567.55431      3522.6349             12      1.5828069
             20              1         443043     -1.9964778     0.99785021      49.011508      158.30237             12      1.6191606
             20            2.4         443043      -1.236414     0.45196476      570.71247      3595.2409             12      1.6295082
             20              1         455701     -1.9958107     0.99614497      75.359683      346.50104             12      1.6706546
             20            2.4         455701     -1.2364819      0.4540998      563.93856      3496.6622             12      1.6921495
             20              1         468359     -1.9948338     0.99273625      114.36761      810.26996             12      1.7329478
             20            2.4         468359     -1.2371614     0.45458914      561.92988      3510.7506             12      1.8449314
             20              1         481017     -1.9957986     0.99579368      76.994594      430.06856             12      1.7499471
             20            2.4         481017     -1.2382233     0.45612185      568.23424      3565.5248             12      1.8149796
             20              1         493675      -1.994926     0.99326724      111.64834      730.80555             12      1.8383194
             20            2.4         493675     -1.2355404     0.45128023      560.34361      3513.0592             12      1.8328759
             20              1         506334     -1.9955326     0.99464591      84.474646      607.35309             12      1.9403016
             20            2.4         506334     -1.2370562     0.45408814      568.06196      3544.0342             12      2.0040501
             20              1         518992     -1.9959118     0.99618409      70.157425      368.26269             12      1.8807337
             20            2.4         518992     -1.2336191     0.44622331      563.01523      3549.2142             12      1.9562131
             20              1         531650     -1.9960304     0.99661982      66.235606      304.87226             12      1.9362247
             20            2.4         531650     -1.2363462      0.4508075       566.7762      3568.4049             12      2.0618916
             20              1         544308     -1.9951191     0.99354062      101.24126      727.53952             12      2.0513839
             20            2.4         544308     -1.2354263      0.4497498      561.08433      3525.0748             12      1.9738265
             20              1         556966     -1.9955538     0.99535173      83.378117      448.35033             12      2.0262835
             20            2.4         556966     -1.2362668     0.45096212      570.46299      3590.3753             12      2.0343248
             20              1         569624      -1.995799     0.99551852       73.78401      477.69628             12      2.0613155
             20            2.4         569624     -1.2372321     0.45250054      564.59902      3564.0787             12      2.0820055
             20              1         582282     -1.9948242     0.99289095      112.85936      761.85218             12      2.0896297
             20            2.4         582282     -1.2368328     0.45344875      564.39428      3535.1653             12      2.1258791
             20              1         594940     -1.9966602     0.99825952      40.616135      116.30254             12      2.1522642
             20            2.4         594940     -1.2369621       0.452962      565.62412      3537.1771             12      2.1701033
             20              1         607598     -1.9967597     0.99857615      36.255274      73.587661             12      2.2233916
             20            2.4         607598     -1.2363302     0.45021872      566.06233      3565.5733             12      2.2120497
             20              1         620256     -1.9962515     0.99701888      55.894456       271.1185             12      2.2318579
             20            2.4         620256     -1.2356045     0.45161963      563.19264       3528.114             12      2.3663422
             20              1         632915     -1.9967244     0.99841783      36.121577       96.90257             12      2.3976173
             20            2.4         632915     -1.2402106     0.46210353      573.26593      3503.5069             12      2.3603402
             20              1         645573     -1.9941908     0.99076144      137.79263       1054.547             12      2.6708106
             20            2.4         645573      -1.235205     0.44907328      564.11745      3558.4373             12      2.8872505
             20              1         658231       -1.99306     0.98671071      180.70677      1601.0016             12      2.8583874
             20            2.4         658231     -1.2360785     0.45116728      559.79982      3524.3318             12      2.4055827
             20              1         670889     -1.9948765     0.99224277      110.41581       916.4359             12      2.4361298
             20            2.4         670889     -1.2364921     0.45123901      565.24782      3573.1978             12      2.4021442
             20              1         683547      -1.995439     0.99419319      88.387233      659.17396             12       2.738799
             20            2.4         683547     -1.2374748      0.4541207      565.64053      3553.4964             12      2.4567076
             20              1         696205     -1.9964793     0.99760007      46.419661      187.30327             12      2.5250247
             20            2.4         696205     -1.2367428     0.45305357      560.66663      3528.9637             12      2.4991656
             20              1         708863     -1.9954353      0.9939631      87.754971      692.56943             12      2.5945673
             20            2.4         708863     -1.2372355     0.45253364      562.55343      3562.7086             12      2.5379983
             20              1         721521     -1.9961457     0.99653321      60.976477      340.34386             12      2.6956397
             20            2.4         721521     -1.2365279     0.45245779      564.60307      3538.4275             12      2.6941165
             20              1         734179     -1.9951153      0.9935747      100.98025      686.84329             12      2.8021142
             20            2.4         734179     -1.2369642     0.45343387      563.09817      3537.2239             12      2.5805013
             20              1         746837     -1.9942008     0.99012164      137.65065      1181.5009             12      2.6736469
             20            2.4         746837      -1.235699     0.45153082      567.83726        3563.35             12      2.6082515
             20              1         759496     -1.9961281     0.99649685      60.248168      329.55114             12      2.6981623
             20            2.4         759496      -1.236109     0.45162517      558.53977      3518.9821             12      2.6502944
             20              1         772154     -1.9958043     0.99528737      72.473295      508.66889             12        2.97391
             20            2.4         772154     -1.2375688     0.45660519      566.02324      3504.1024             12       2.706919
             20              1         784812     -1.9961782     0.99649893      57.797418      360.91287             12      2.8194935
             20            2.4         784812     -1.2373126     0.45448876      563.45324       3529.119             12      2.8542921
             20              1         797470      -1.996769     0.99843053      34.378594       94.97466             12      2.9569236
             20            2.4         797470     -1.2349019     0.44938057      560.21073      3538.7734             12       2.924099
             20              1         810128     -1.9963691     0.99707796      50.140214      281.44752             12      2.9359703
             20            2.4         810128     -1.2371317     0.45537357      564.98033      3509.2324             12      2.9925858
             20              1         822786     -1.9952936     0.99396078       92.85652      650.01572             12       2.937226
             20            2.4         822786     -1.2363057     0.45200455      563.58614      3545.4988             12       3.108464
             20              1         835444     -1.9967243     0.99835082      36.765079      106.82589             12      2.9862914
             20            2.4         835444     -1.2377799     0.45557056      564.90043      3529.2989             12      3.0692831
             20              1         848102      -1.996111     0.99635939      58.967436      357.37232             12      3.0649264
             20            2.4         848102     -1.2361119     0.45144917      561.72256      3533.5451             12       3.098101
             20              1         860760     -1.9962472     0.99681793      55.056305      298.29645             12      3.1224203
             20            2.4         860760     -1.2367198     0.45317089      564.44791      3531.8749             12      3.1143816
             20              1         873418     -1.9965723     0.99779672      41.164991      175.76358             12       3.188867
             20            2.4         873418     -1.2375459     0.45432583      565.70305      3548.5785             12      3.1858413
             20              1         886077     -1.9955741     0.99477769      80.156476      551.05167             12      3.2475914
             20            2.4         886077     -1.2354347     0.45102263      562.44265      3535.0783             12      3.2566871
             20              1         898735     -1.9960058      0.9960931      63.206195      387.67293             12      3.2197335
             20            2.4         898735     -1.2350693     0.44997221      564.42008      3553.4197             12      3.3101456
             20              1         911393     -1.9960807      0.9963849       60.49971      343.17718             12      3.3648842
             20            2.4         911393     -1.2368099     0.45403113      560.92322      3519.9455             12      3.2917444
             20              1         924051      -1.995953     0.99579839      65.554131      437.75588             12      3.3620631
             20            2.4         924051     -1.2363145       0.452651      564.27233      3523.4831             12      3.7408457
             20              1         936709     -1.9966834     0.99808594       36.59598      146.25082             12      4.0972936
             20            2.4         936709     -1.2381487     0.45501176      564.16398      3555.1884             12       3.431492
             20              1         949367     -1.9963519     0.99713807      50.213349      258.98669             12       3.496982
             20            2.4         949367     -1.2356165     0.45120915      565.32569      3539.8832             12      3.4257404
             20              1         962025      -1.995616     0.99454762      77.898185      617.53228             12      3.5167331
             20            2.4         962025     -1.2323583      0.4437682      557.76019      3548.5947             12      3.5435626
             20              1         974683      -1.995716     0.99486406      73.917316      582.02775             12       3.585113
             20            2.4         974683     -1.2347384      0.4498467      560.60128      3529.8659             12      3.6919437
             20              1         987341     -1.9960665     0.99634142      60.743519      347.77208             12      3.5860903
             20            2.4         987341     -1.2364065     0.45182752       561.4054      3537.1708             12       3.573223
             20              1        1000000     -1.9964364     0.99745602      44.663589      208.74225             12       4.146785
             20            2.4        1000000     -1.2368969     0.45428108       565.4578      3549.8361             12      3.6936439
