 Lattice size L  Temperature T      MC Cycles          <E>/N          <M>/N            C_V            chi        Threads       Time (s)   Accept. rate
             40              2        2000000     -1.7456119     0.91131089     0.71922573     0.38408569             12      27.342753    0.079272715
             40           2.02        2000000     -1.7307565     0.90443981      0.7589343      0.4458848             12      28.472509    0.084464233
             40           2.04        2000000      -1.715093     0.89693572     0.80146272     0.52241828             12      29.372524    0.089851789
             40           2.06        2000000     -1.6983789     0.88834563     0.85596213      0.6701078             12      29.034588     0.09575503
             40           2.08        2000000     -1.6807592      0.8790885     0.90801663     0.77996546             12      28.886997     0.10195938
             40            2.1        2000000     -1.6620554     0.86878396     0.95619498      0.9288726             12      28.617634      0.1086068
             40           2.12        2000000     -1.6424743      0.8572762       1.022102      1.1712756             12      28.885716     0.11564577
             40           2.14        2000000     -1.6211196      0.8435386      1.0944287       1.562703             12      29.543519     0.12336889
             40           2.16        2000000     -1.5980198     0.82713688      1.1825686      2.2075023             12       28.88397     0.13170636
             40           2.18        2000000     -1.5738608     0.80914837      1.2697483      2.9621543             12      28.891947     0.14057892
             40            2.2        2000000     -1.5471032     0.78623948      1.4018928      4.4989864             12      29.211583     0.15040448
             40          2.204        2000000     -1.5412137     0.77989228      1.4323934      5.1672488             12      28.848426     0.15260713
             40          2.208        2000000     -1.5346568     0.77314774      1.4738608      5.5786842             12      28.918739     0.15500823
             40          2.212        2000000     -1.5278102     0.76321333      1.5377611      7.6913312             12      28.849725     0.15744515
             40          2.216        2000000     -1.5226297     0.75967077      1.5455906      7.3206302             12      28.907393     0.15939582
             40           2.22        2000000     -1.5181153     0.75785399      1.5321846      6.6419634             12       28.86642     0.16113429
             40          2.224        2000000     -1.5106328     0.74803237      1.5743076      7.8944218             12      29.355115     0.16394016
             40          2.228        2000000     -1.5035921     0.73924799      1.6345117      8.8542217             12      28.868332     0.16644586
             40          2.232        2000000     -1.4978842     0.73345552      1.6454414      9.4303468             12      28.910203     0.16861986
             40          2.236        2000000     -1.4911033     0.72552182      1.6707642      10.111686             12      31.739779      0.1711236
             40           2.24        2000000      -1.485321     0.71981883      1.6890257      10.353737             12      32.454394      0.1732209
             40          2.244        2000000     -1.4778869     0.70884604      1.7413958      11.849571             12       30.50663     0.17609392
             40          2.248        2000000     -1.4694126     0.69608403      1.7994523      13.764435             12      28.971221     0.17921463
             40          2.252        2000000     -1.4618656      0.6830259      1.8481865       15.92453             12      28.914019     0.18207419
             40          2.256        2000000     -1.4555029     0.67644711       1.861714      16.043839             12      28.961961     0.18439243
             40           2.26        2000000     -1.4480927     0.66625417      1.8693615      16.904722             12      28.875304     0.18721529
             40          2.264        2000000     -1.4398768     0.65073512      1.9345282      19.687508             12      28.916219     0.19039416
             40          2.268        2000000      -1.433191     0.64376309      1.9207561      19.255156             12      28.890287     0.19312558
             40          2.272        2000000      -1.423619      0.6245869      1.9678786       22.24336             12       29.20255     0.19633756
             40          2.276        2000000     -1.4153143     0.61197958      1.9702093      22.656998             12      28.614497     0.19958698
             40           2.28        2000000     -1.4078523     0.60012023      2.0085073      23.815155             12      28.709136     0.20235383
             40          2.284        2000000     -1.4008095     0.58910522       2.010085      24.677011             12      28.567952     0.20506121
             40          2.288        2000000     -1.3930503     0.57766396      1.9983051      24.890204             12      28.577533     0.20804434
             40          2.292        2000000     -1.3826288     0.55319897      2.0217143      27.955364             12       28.53595     0.21178831
             40          2.296        2000000     -1.3765706     0.54605192      1.9990978      27.862521             12      28.532699     0.21429811
             40            2.3        2000000     -1.3673433     0.52546086      2.0064581      29.568182             12      28.528898     0.21784133
             40          2.304        2000000     -1.3591377     0.51161411      1.9863381      29.970669             12      28.553729     0.22101275
             40          2.308        2000000     -1.3535911     0.50467052      1.9700716      29.746135             12      28.574128     0.22301193
             40          2.312        2000000     -1.3440587      0.4838848      1.9265071      30.285117             12      28.577479     0.22675051
             40          2.316        2000000     -1.3369755     0.47154687      1.9123865      30.722175             12      28.506714       0.229549
             40           2.32        2000000     -1.3303277     0.46177511      1.8810583      30.445748             12       28.65362     0.23198687
             40          2.324        2000000     -1.3210429     0.44063154      1.8344818      30.809145             12      28.535622     0.23545562
             40          2.328        2000000     -1.3139884      0.4280649      1.7896853      30.490286             12      28.530852      0.2381716
             40          2.332        2000000     -1.3083262      0.4186279      1.7834064      30.612679             12      28.586617     0.24058047
             40          2.336        2000000     -1.3008959     0.40541031      1.7221017      29.658248             12      28.537547     0.24347646
             40           2.34        2000000     -1.2940129     0.39328821       1.698286      29.404163             12      28.550521     0.24605377
             40          2.344        2000000     -1.2869812     0.38026253      1.6611956      28.998161             12      28.630352     0.24878753
             40          2.348        2000000     -1.2793494     0.36364454      1.6064486      28.306324             12      29.131052     0.25176539
             40          2.352        2000000     -1.2731339     0.35475311      1.5652884      27.485003             12      28.552406     0.25404335
             40          2.356        2000000     -1.2671883     0.34495771      1.5469216      26.800671             12      28.546384     0.25663386
             40           2.36        2000000     -1.2603315     0.33262016      1.4865112      25.803641             12       30.30275     0.25925971
             40          2.364        2000000     -1.2550939     0.32569357      1.4638261      25.209155             12      30.416993     0.26125506
             40          2.368        2000000     -1.2500646     0.31932769       1.439271      24.733247             12      28.538456     0.26347679
             40          2.372        2000000     -1.2447225     0.31055208       1.406737      24.019292             12      28.703179     0.26541545
             40          2.376        2000000     -1.2381823     0.29823842      1.3694096      22.968191             12      28.537553     0.26821685
             40           2.38        2000000     -1.2324455     0.28796172       1.343481      22.536411             12      28.611543     0.27048186
             40          2.384        2000000     -1.2269357     0.27808235        1.30035      21.272941             12        28.5926     0.27267594
             40          2.388        2000000     -1.2220399     0.27378549      1.2749235      20.622878             12      28.607479     0.27467278
             40          2.392        2000000     -1.2177136      0.2700447      1.2664629      20.392921             12      28.562205      0.2764669
             40          2.396        2000000      -1.212422     0.26346654      1.2243323      19.445359             12      28.627204     0.27860166
             40            2.4        2000000     -1.2078832     0.25582123      1.2121585      18.967681             12       28.64388      0.2804264
             40           2.42        2000000     -1.1842588     0.22778797      1.1047031      15.981144             12      28.699286     0.29016391
             40           2.44        2000000     -1.1631695     0.20737797       1.029137      13.708557             12      28.585912     0.29898458
             40           2.46        2000000     -1.1433003     0.18754862     0.96596569       11.40076             12      28.608991     0.30744438
             40           2.48        2000000     -1.1244359     0.17293905     0.91630104      9.9171787             12      28.601735       0.315508
             40            2.5        2000000     -1.1063264     0.16033734     0.87254245      8.7071986             12      28.608663     0.32333304
             40           2.52        2000000     -1.0893893     0.15040131     0.83015426      7.6606628             12      28.632586     0.33077273
             40           2.54        2000000     -1.0730923     0.14089567     0.79463996      6.6582347             12      28.621793     0.33795723
             40           2.56        2000000     -1.0575631     0.13231664      0.7571376      5.9306697             12      28.637373      0.3448698
             40           2.58        2000000     -1.0426753     0.12652107     0.72949774      5.3817767             12      28.624143     0.35160612
             40            2.6        2000000     -1.0282544     0.12052728     0.70453205      4.9204109             12      28.620575     0.35816173
             60              2        2000000     -1.7455266     0.91127042     0.71684552     0.38328427             12      64.356677    0.079455497
             60           2.02        2000000     -1.7307634      0.9044815     0.75429303     0.44242911             12      64.397977    0.084416154
             60           2.04        2000000      -1.715097     0.89693544     0.79674192     0.52314471             12      64.286805    0.089962539
             60           2.06        2000000     -1.6983967     0.88847296     0.84209578     0.63121806             12      64.520487    0.095930072
             60           2.08        2000000     -1.6809009     0.87925831     0.89330709     0.75392318             12      64.709334     0.10201621
             60            2.1        2000000     -1.6621337     0.86881403     0.95555994     0.94548829             12      64.469257     0.10868442
             60           2.12        2000000     -1.6420319     0.85659381      1.0233533      1.2354303             12      64.393831     0.11584948
             60           2.14        2000000      -1.620907     0.84335322      1.0907063      1.5418778             12       64.37313     0.12343679
             60           2.16        2000000     -1.5980238     0.82747677      1.1690765      2.0886703             12      64.341836     0.13171943
             60           2.18        2000000     -1.5734493     0.80843072      1.2777849      3.1098902             12      64.436305      0.1407794
             60            2.2        2000000     -1.5462179     0.78464975      1.4073262      4.4865962             12      64.414184     0.15072179
             60          2.204        2000000     -1.5405992     0.77862268      1.4438164      5.4283553             12      64.403035      0.1528402
             60          2.208        2000000     -1.5348554     0.77346904      1.4672465      5.9093894             12      64.385226     0.15493137
             60          2.212        2000000     -1.5285125     0.76551504       1.532543      7.9577556             12      64.378915     0.15723091
             60          2.216        2000000     -1.5228904     0.76164674       1.513073      6.6860427             12       64.40929     0.15933778
             60           2.22        2000000     -1.5162192     0.75234019      1.5869484      8.9153781             12      64.364134     0.16192036
             60          2.224        2000000     -1.5106346     0.74688481      1.6026883      9.7882016             12      64.386692     0.16390257
             60          2.228        2000000      -1.503374     0.73618114      1.6639857      13.126275             12      64.808931     0.16660488
             60          2.232        2000000     -1.4965052     0.72771813      1.7339774      13.949522             12       64.67438     0.16915401
             60          2.236        2000000     -1.4898724     0.72065155      1.7254968      13.734164             12      64.440385     0.17152676
             60           2.24        2000000     -1.4820401     0.70614783      1.8105576      18.276236             12      64.369384     0.17448162
             60          2.244        2000000     -1.4747723     0.69660639      1.8608402      19.998718             12      64.385707     0.17720831
             60          2.248        2000000      -1.467866     0.68728704      1.8980611        20.9523             12      64.374137     0.17981927
             60          2.252        2000000     -1.4592747     0.67115971      1.9610126      25.275384             12      64.507601      0.1829036
             60          2.256        2000000     -1.4534494     0.66481275      1.9550928      25.960537             12      64.389706     0.18525236
             60           2.26        2000000     -1.4431873     0.64365744      2.0272026      30.543268             12      64.354164     0.18901429
             60          2.264        2000000     -1.4359389     0.62965737        2.08944       35.68771             12      64.405364     0.19180651
             60          2.268        2000000     -1.4273664     0.61088257      2.1463584      40.903403             12      64.425182     0.19471926
             60          2.272        2000000     -1.4183601     0.59120641      2.1494882      43.986861             12      64.512857     0.19827258
             60          2.276        2000000     -1.4081276     0.56444761      2.2325556      51.696998             12      64.377437     0.20204571
             60           2.28        2000000     -1.4011816     0.55462211      2.2160379      52.173981             12      64.427681     0.20481504
             60          2.284        2000000     -1.3910938     0.52859972      2.2271553      55.949865             12      64.847337      0.2084966
             60          2.288        2000000     -1.3825185     0.51086625       2.190455      56.825612             12      64.792409     0.21172039
             60          2.292        2000000     -1.3724589     0.48162805      2.1802266      61.307877             12      64.541654     0.21545817
             60          2.296        2000000     -1.3649286     0.46882796      2.1444073      61.108374             12      64.500904     0.21847509
             60            2.3        2000000     -1.3566622     0.44729347      2.1100498       61.80452             12      64.371635     0.22164208
             60          2.304        2000000     -1.3483053      0.4268104      2.0540633      62.330833             12      64.409315     0.22482028
             60          2.308        2000000     -1.3410374     0.41188848      2.0305681      61.706044             12      65.008727     0.22752135
             60          2.312        2000000     -1.3337659     0.39749154      1.9552367      59.760191             12      64.423785     0.23031187
             60          2.316        2000000     -1.3248144     0.37100706      1.9154864      60.715918             12      64.407851     0.23370692
             60           2.32        2000000     -1.3171608     0.35340571      1.8372003      58.298632             12      64.458459     0.23662168
             60          2.324        2000000      -1.309552     0.33339914      1.7685718      56.186508             12      64.425446     0.23961312
             60          2.328        2000000     -1.3028116     0.32122419      1.7354272      54.867045             12       64.44374     0.24225411
             60          2.332        2000000     -1.2960089     0.30602131      1.6618718      51.603342             12      64.433173     0.24494977
             60          2.336        2000000     -1.2907089     0.30193719      1.6441814      50.565153             12      64.436659     0.24694322
             60           2.34        2000000     -1.2834572     0.28210655      1.5720119      47.177806             12       64.84144     0.24990224
             60          2.344        2000000     -1.2765901     0.26837311      1.5082385      44.570747             12      64.786612     0.25256457
             60          2.348        2000000     -1.2716809     0.26099348      1.4931451      43.528706             12      69.453508     0.25452295
             60          2.352        2000000     -1.2647133     0.24685556      1.4238992      39.415854             12       64.36018     0.25718367
             60          2.356        2000000     -1.2589545     0.23525729      1.3798929      37.765206             12      64.474751     0.25951271
             60           2.36        2000000     -1.2541193     0.23164627      1.3695623      35.830581             12       64.51533     0.26146714
             60          2.364        2000000     -1.2480425     0.21968368      1.3330658      33.802306             12       64.50315     0.26385551
             60          2.368        2000000     -1.2430434     0.21561288      1.3125135      32.736911             12      64.475519     0.26587574
             60          2.372        2000000     -1.2381348     0.20889909      1.2882015      31.184699             12      64.441083     0.26793798
             60          2.376        2000000     -1.2328313     0.20050849      1.2578331      29.526952             12      64.490025     0.27007175
             60           2.38        2000000     -1.2280049     0.19853113      1.2293073      28.241662             12      64.472605     0.27196113
             60          2.384        2000000     -1.2226867     0.18709862      1.2049228      25.769981             12      64.588333     0.27413803
             60          2.388        2000000      -1.218004     0.18350944      1.1914047      25.006943             12      64.551896     0.27606971
             60          2.392        2000000     -1.2133336     0.17782914      1.1676217      24.267563             12      64.514107     0.27796035
             60          2.396        2000000     -1.2089632     0.17439303       1.147967      22.849579             12      64.976795     0.27977582
             60            2.4        2000000     -1.2038926     0.16892813       1.133301      21.919159             12      64.867138     0.28183772
             60           2.42        2000000     -1.1821807     0.14985072      1.0620792      17.707045             12      64.626142     0.29082382
             60           2.44        2000000     -1.1617092     0.13586829     0.99553706      14.578533             12      64.580596     0.29944589
             60           2.46        2000000      -1.142014     0.12243765     0.94904025      11.947216             12      64.594536     0.30780584
             60           2.48        2000000     -1.1235473     0.11376837     0.89638937      10.296962             12      64.558516     0.31570803
             60            2.5        2000000     -1.1059214     0.10576556     0.85909757      8.8351667             12      64.618861     0.32335248
             60           2.52        2000000      -1.089132    0.099179622     0.81774249       7.806464             12      64.673928     0.33073326
             60           2.54        2000000     -1.0730037    0.094161066     0.79208904      6.9868909             12      64.630813     0.33783775
             60           2.56        2000000     -1.0574286    0.088714234     0.75943538      6.1211955             12      64.623906     0.34479928
             60           2.58        2000000     -1.0426148    0.083454954     0.72820744      5.4539901             12      64.656436     0.35149018
             60            2.6        2000000     -1.0280746    0.079985897     0.70314722      4.9328743             12       64.74302     0.35807495
             80              2        2000000     -1.7454917     0.91030708     0.72865545      2.3900906             12      114.61163    0.079688707
             80           2.02        2000000     -1.7307201     0.90443862     0.74486057     0.44054007             12      115.26665    0.084949262
             80           2.04        2000000     -1.7150211     0.89687277     0.78806839      0.5214895             12      114.71964    0.090095546
             80           2.06        2000000     -1.6983114     0.88841099     0.83813114     0.63387654             12       114.8112    0.096056202
             80           2.08        2000000     -1.6808567     0.87920505     0.89134827     0.77419698             12      114.80379     0.10233377
             80            2.1        2000000     -1.6621598     0.86879721     0.95135013     0.94334514             12      115.45389       0.108852
             80           2.12        2000000     -1.6423008     0.85695748      1.0128493      1.2484425             12      114.87904     0.11601176
             80           2.14        2000000     -1.6210915     0.84354333       1.077984      1.5410318             12      114.98248     0.12342893
             80           2.16        2000000     -1.5981962     0.82747741      1.1723715      2.1866235             12      114.86584     0.13194701
             80           2.18        2000000     -1.5735782     0.80857757      1.2775079      3.0279378             12      115.55947     0.14089796
             80            2.2        2000000     -1.5464667     0.78478494      1.4001553      4.6923922             12      114.91875     0.15071507
             80          2.204        2000000     -1.5404526     0.77808305      1.4548004      6.1745677             12      114.84236     0.15300275
             80          2.208        2000000     -1.5347381     0.77106957      1.5043836      11.390373             12      115.05664     0.15508467
             80          2.212        2000000      -1.528757     0.76686621      1.5004372      6.7147302             12      114.90743     0.15719803
             80          2.216        2000000     -1.5228289     0.76048563      1.5321171      7.7207845             12      114.99194     0.15958876
             80           2.22        2000000     -1.5167914     0.75398979      1.5796771      9.0761433             12      114.92144     0.16176275
             80          2.224        2000000     -1.5095129     0.74322995      1.6420001      11.951105             12      114.88671     0.16427491
             80          2.228        2000000     -1.5037216     0.73876225      1.6451555      11.046852             12      115.30673     0.16649412
             80          2.232        2000000     -1.4962993     0.72782226      1.6989182       13.83595             12      118.37048     0.16921527
             80          2.236        2000000      -1.489241     0.71735064      1.7943862      17.633636             12      114.93197     0.17188468
             80           2.24        2000000     -1.4819863     0.70648697      1.8355017      19.644567             12      114.95262     0.17456488
             80          2.244        2000000     -1.4737207     0.68819342      1.9643655      32.915447             12       114.8084     0.17768755
             80          2.248        2000000     -1.4666505     0.67868759      1.9888702        33.0065             12      115.15117     0.18043427
             80          2.252        2000000     -1.4586138     0.66364424      2.0488041      38.731707             12      115.00077     0.18321904
             80          2.256        2000000      -1.450727     0.64948097      2.0752349      41.440496             12      114.90633     0.18605963
             80           2.26        2000000     -1.4425542     0.63272495      2.1717254      49.100208             12      115.60403     0.18928449
             80          2.264        2000000     -1.4330913     0.60929918      2.2373101      59.081648             12      114.89613     0.19284972
             80          2.268        2000000     -1.4251253     0.59101531       2.268453       68.68607             12      114.82589     0.19603272
             80          2.272        2000000     -1.4153905     0.56657274       2.321417      75.510835             12      114.97285     0.19944985
             80          2.276        2000000      -1.408525     0.55649533      2.3167925      75.603994             12      114.84085     0.20205821
             80           2.28        2000000     -1.3958244     0.51154781      2.3027902      90.107686             12      114.89562     0.20654441
             80          2.284        2000000     -1.3878214     0.49076632      2.3195418      94.911283             12      114.83776     0.20975561
             80          2.288        2000000     -1.3787326     0.46658216      2.3334668      99.906733             12      115.20551     0.21338135
             80          2.292        2000000     -1.3689157     0.43808085      2.2417559       101.0643             12      115.17722     0.21678097
             80          2.296        2000000     -1.3601155     0.41147705      2.1764521      100.59336             12      114.93484     0.22012805
             80            2.3        2000000     -1.3519383     0.38738522      2.1102309      102.46785             12      114.95558     0.22335456
             80          2.304        2000000     -1.3424159      0.3577926      2.0181511      98.749711             12      115.10533     0.22700223
             80          2.308        2000000     -1.3344453     0.33340593      1.9158906      93.402556             12      114.89738     0.22984486
             80          2.312        2000000     -1.3272111     0.31501871      1.9001918      93.396157             12      115.07394     0.23262801
             80          2.316        2000000     -1.3196733     0.29717673      1.8306005      85.838769             12      114.89271     0.23558694
             80           2.32        2000000     -1.3121481     0.27824269      1.7219286      80.236833             12      115.51863     0.23858076
             80          2.324        2000000     -1.3054816     0.26161872      1.6632642      75.033261             12      115.97441     0.24114645
             80          2.328        2000000     -1.2988788     0.24947701      1.6128144      70.843971             12      114.92583     0.24368944
             80          2.332        2000000     -1.2922103     0.23041024      1.5607016      65.260429             12      115.07538     0.24626604
             80          2.336        2000000     -1.2860814     0.21997223      1.5134765      60.890121             12      114.96827     0.24864841
             80           2.34        2000000     -1.2813688     0.22175846      1.5066396      60.158668             12      114.93527     0.25059119
             80          2.344        2000000     -1.2746881     0.20633109      1.4605841      54.877544             12      114.95204     0.25325891
             80          2.348        2000000     -1.2684803     0.19252959       1.385273      48.201649             12      114.95403     0.25568974
             80          2.352        2000000     -1.2627364     0.18494032      1.3626609        45.0406             12      115.93683     0.25795934
             80          2.356        2000000     -1.2575715     0.17798511      1.3348332      43.023113             12      120.77623     0.26000731
             80           2.36        2000000     -1.2525278     0.17303264      1.3164156      40.533283             12      115.04246      0.2620778
             80          2.364        2000000     -1.2471743      0.1645678      1.2798932      37.401515             12      115.12279     0.26418677
             80          2.368        2000000     -1.2423259     0.16214576      1.2582518      36.329642             12      115.05414     0.26618415
             80          2.372        2000000     -1.2372369     0.15638467      1.2529559      34.559306             12      115.00989     0.26821906
             80          2.376        2000000     -1.2322825     0.14980232      1.2238199       32.11726             12      115.04849     0.27024841
             80           2.38        2000000     -1.2272276     0.14460706      1.1970413      29.055151             12      114.94245     0.27220757
             80          2.384        2000000     -1.2224154     0.14142915       1.188798      28.593537             12      115.53702      0.2742422
             80          2.388        2000000       -1.21787     0.13742407       1.164312      26.520557             12      115.10649     0.27608604
             80          2.392        2000000     -1.2130798     0.13301705      1.1515335      25.441912             12      114.94106     0.27803708
             80          2.396        2000000      -1.208399     0.12986991      1.1346332      23.694561             12      115.13949     0.28000549
             80            2.4        2000000     -1.2039683     0.12765931      1.1221941      23.348626             12      115.04474     0.28179396
             80           2.42        2000000     -1.1821103     0.11021467      1.0516927       17.62391             12      115.11594     0.29086387
             80           2.44        2000000     -1.1616004     0.10113533     0.99042823      14.897395             12      115.09523     0.29945526
             80           2.46        2000000     -1.1422045    0.092779514     0.94059186      12.310553             12      115.05819     0.30766899
             80           2.48        2000000     -1.1238194    0.085494838     0.90029877      10.457776             12      115.52771     0.31558597
             80            2.5        2000000     -1.1059166    0.079620409     0.85478131      9.1392171             12      115.46221      0.3233216
             80           2.52        2000000     -1.0892575    0.074149904     0.81839106      7.7738758             12      115.16934     0.33062373
             80           2.54        2000000     -1.0730712    0.069885711     0.78765291      6.8764023             12      115.27157     0.33778259
             80           2.56        2000000     -1.0575301    0.065722913     0.75807695      6.1407796             12      115.30683      0.3447496
             80           2.58        2000000     -1.0426498     0.06274286     0.72846432      5.5265201             12      115.33179      0.3514663
             80            2.6        2000000     -1.0281839    0.059638152     0.70171652      4.9506463             12      115.97358     0.35798024
            100              2        2000000     -1.7438326     0.89429639     0.99706624      61.756552             12      180.48889    0.080284708
            100           2.02        2000000     -1.7305738     0.90252239     0.76891546      7.1141216             12      186.78535    0.085068149
            100           2.04        2000000     -1.7149922     0.89683951     0.77739084     0.51514132             12      180.50451    0.090275209
            100           2.06        2000000     -1.6983444     0.88844722     0.82794872     0.61988618             12      179.51592    0.095845224
            100           2.08        2000000     -1.6808088     0.87921444     0.88108487      0.7554886             12      179.77538     0.10214529
            100            2.1        2000000     -1.6621175     0.86880308      0.9344746     0.92954353             12      180.33596     0.10880706
            100           2.12        2000000     -1.6421892     0.85591813      1.0268071      4.4297894             12      183.84452     0.11642221
            100           2.14        2000000     -1.6210892     0.84354817      1.0783565       1.519478             12      180.16711      0.1237971
            100           2.16        2000000     -1.5983274     0.82783361      1.1596512      2.0731854             12      181.37511     0.13189759
            100           2.18        2000000     -1.5735499     0.80863746      1.2739435       2.994849             12      179.69145     0.14083166
            100            2.2        2000000     -1.5464093     0.78445582      1.4010364      5.0876148             12      180.45397     0.15092763
            100          2.204        2000000     -1.5404942     0.77742303      1.4533797      10.378817             12      179.98826     0.15294624
            100          2.208        2000000     -1.5347051     0.77306361      1.4577828      6.0352803             12      179.72971     0.15528292
            100          2.212        2000000     -1.5290842     0.76700434      1.4887535       7.276112             12      180.39232     0.15756186
            100          2.216        2000000     -1.5227393     0.76007483      1.5230951      7.7847843             12      179.79725     0.15977018
            100           2.22        2000000     -1.5166925     0.75395748      1.5624892      8.3197775             12      180.50139     0.16205527
            100          2.224        2000000     -1.5102951     0.74695648      1.6011741      9.0527872             12      179.86183     0.16422569
            100          2.228        2000000     -1.5032323     0.73664332      1.6441635      11.890608             12      179.89006     0.16690744
            100          2.232        2000000     -1.4968747     0.72866868       1.699053      13.372713             12      180.25342     0.16916678
            100          2.236        2000000     -1.4895047     0.71654936      1.7720714      19.107769             12      180.18128     0.17201712
            100           2.24        2000000     -1.4820562     0.70365791      1.8906432      29.055575             12      180.31821     0.17465573
            100          2.244        2000000      -1.475135     0.69441689      1.8897916      27.805841             12      179.85565     0.17725601
            100          2.248        2000000     -1.4674654     0.68251474      1.9655883      30.948208             12      180.18401     0.18025915
            100          2.252        2000000     -1.4599086     0.66920358      1.9919573      34.735327             12      179.80472     0.18297654
            100          2.256        2000000     -1.4503361      0.6438112      2.1431189      56.448009             12      179.74452       0.186809
            100           2.26        2000000     -1.4414411     0.62139377      2.2862806      74.764134             12      181.29944     0.18982174
            100          2.264        2000000     -1.4334778     0.60863194      2.2375645       72.14531             12      185.60198     0.19279272
            100          2.268        2000000     -1.4245963     0.58781834      2.3224376      81.146858             12      179.84054      0.1961646
            100          2.272        2000000     -1.4137776     0.54615094      2.4544468      119.28594             12      180.30175      0.2002236
            100          2.276        2000000     -1.4026481     0.50911799      2.4695163      132.03627             12      180.12147     0.20406694
            100           2.28        2000000     -1.3939779      0.4847065      2.4436298       139.4822             12      180.55022     0.20729142
            100          2.284        2000000     -1.3848446     0.45515873      2.3937261      146.58636             12      180.05381     0.21090926
            100          2.288        2000000     -1.3745744     0.41668046      2.3786306      153.69251             12      180.01096     0.21475842
            100          2.292        2000000     -1.3670113     0.40305898      2.2657173      147.42607             12      180.04631     0.21750666
            100          2.296        2000000     -1.3551044     0.34547258      2.1601711      150.18066             12      180.12703     0.22201352
            100            2.3        2000000     -1.3466897     0.32053903      2.0491849      141.37661             12      180.74142     0.22525021
            100          2.304        2000000     -1.3395996     0.30708036      1.9973374      130.64742             12       179.7169     0.22799312
            100          2.308        2000000      -1.332409     0.28900861      1.8884936      122.27015             12      180.00546     0.23063563
            100          2.312        2000000     -1.3240365     0.25723708      1.7536737      109.55906             12      180.77547     0.23385663
            100          2.316        2000000     -1.3174999     0.24415093      1.7454545      105.69948             12      180.23334     0.23648793
            100           2.32        2000000     -1.3108467     0.23152926      1.6931075      99.136242             12      180.62427     0.23893955
            100          2.324        2000000     -1.3042305     0.21584799      1.6166282      88.463558             12      180.09326     0.24166234
            100          2.328        2000000      -1.297502     0.19994051      1.5499008      80.248686             12      179.96185     0.24424173
            100          2.332        2000000     -1.2914436     0.19227474      1.5091425      75.734713             12      180.24887     0.24657204
            100          2.336        2000000      -1.285044     0.17453499      1.4573359      65.117949             12      180.11412     0.24908754
            100           2.34        2000000      -1.279535     0.17016333      1.4431633      63.508489             12      180.57006     0.25126445
            100          2.344        2000000     -1.2739804     0.16420878      1.4003403      58.288534             12      183.64402     0.25350403
            100          2.348        2000000      -1.268673     0.15644226      1.3739449      54.654736             12      180.28782     0.25559523
            100          2.352        2000000      -1.262996     0.14731821      1.3326529      48.200984             12       180.9653     0.25786418
            100          2.356        2000000     -1.2572968     0.14132765      1.3088889      43.669475             12      180.24484     0.26014765
            100           2.36        2000000     -1.2523467     0.13916729      1.3023182      43.133254             12      181.43157     0.26209751
            100          2.364        2000000     -1.2469137     0.13423812      1.2652782       40.46767             12      180.19365     0.26430521
            100          2.368        2000000     -1.2418226     0.12562912      1.2409883      35.415659             12      180.43734     0.26630852
            100          2.372        2000000     -1.2370653     0.12381932      1.2362555      34.921852             12      179.86203     0.26827042
            100          2.376        2000000     -1.2319156     0.11933724      1.2120242      32.397902             12      180.00839     0.27034676
            100           2.38        2000000     -1.2273677      0.1177906      1.1843055        31.2896             12      180.64567     0.27223586
            100          2.384        2000000     -1.2224305     0.11152253      1.1736836      28.551604             12      180.16375     0.27422478
            100          2.388        2000000     -1.2176664     0.10832052       1.161538      26.811018             12      180.49177     0.27611778
            100          2.392        2000000     -1.2130256      0.1068245      1.1512945      25.838292             12      180.56086     0.27806576
            100          2.396        2000000     -1.2083268     0.10411647      1.1249958       24.76894             12      180.19061     0.27999119
            100            2.4        2000000     -1.2038703     0.10192379      1.1201506      23.555188             12      181.10787     0.28185302
            100           2.42        2000000      -1.182089    0.088231597       1.046046      17.943782             12      180.12164     0.29085843
            100           2.44        2000000     -1.1616657    0.081187965     0.98944971      15.018963             12      180.24909      0.2994191
            100           2.46        2000000     -1.1422087    0.072857653     0.94468848      12.133559             12      180.19756     0.30768724
            100           2.48        2000000      -1.123711     0.06843721     0.89394532      10.546158             12      180.34883     0.31561797
            100            2.5        2000000     -1.1060904    0.062615792     0.85759191      8.8731734             12       182.4518      0.3232479
            100           2.52        2000000     -1.0891904    0.059258338     0.81828028      7.8061146             12      183.86313     0.33064492
            100           2.54        2000000     -1.0729838    0.056516752     0.78300879      7.0422961             12      180.77146     0.33781871
            100           2.56        2000000     -1.0576174    0.052342394     0.75584491      6.1071696             12       180.3048     0.34467944
            100           2.58        2000000     -1.0426904    0.050047992     0.72615779      5.5223998             12       184.4446     0.35142618
            100            2.6        2000000     -1.0282161    0.047801196     0.69895287       5.001648             12      186.72241      0.3579901
