Top row: Eigenvealues.
Corresponding eigenvectors in columns below each eigenvalue.
2028.41       703.697       1780.14       87.5904       237.297        1878.7       39.2335       842.744       2076.77       1273.26       154.024       1668.13        1130.2        1412.3         985.8       1544.75       447.872       1961.98       571.251       2106.15       335.859       9.85427
     -0.117482      0.215512     -0.277858      0.294196     -0.261823      0.186098    -0.0795587    -0.0401534      0.153217     -0.240911      0.288716     -0.288716      0.240911     -0.153217     0.0401534     0.0795587     -0.186098      0.261823     -0.294196      0.277858     -0.215512      0.117482
      0.277858      0.186098     -0.153217     -0.288716    -0.0401534      0.261823      0.215512     -0.117482     -0.294196    -0.0795587      0.240911      0.240911    -0.0795587     -0.294196     -0.117482      0.215512      0.261823    -0.0401534     -0.288716     -0.153217      0.186098      0.277858
      0.215512     -0.294196      0.186098     0.0401534     -0.240911      0.288716     -0.153217    -0.0795588      0.261823     -0.277858      0.117482      0.117482     -0.277858      0.261823    -0.0795587     -0.153217      0.288716     -0.240911     0.0401533      0.186098     -0.294196      0.215512
      0.117482      0.215512      0.277858      0.294196      0.261823      0.186098     0.0795586    -0.0401535     -0.153217     -0.240911     -0.288716     -0.288716     -0.240911     -0.153217    -0.0401535     0.0795586      0.186098      0.261823      0.294196      0.277858      0.215512      0.117482
      0.186098      0.288716      0.261823      0.117482    -0.0795587     -0.240911     -0.294196     -0.215512    -0.0401533      0.153217      0.277858      0.277858      0.153217    -0.0401533     -0.215512     -0.294196     -0.240911    -0.0795587      0.117482      0.261823      0.288716      0.186098
     -0.186098      0.288716     -0.261823      0.117482     0.0795587     -0.240911      0.294196     -0.215512     0.0401533      0.153217     -0.277858      0.277858     -0.153217    -0.0401534      0.215512     -0.294196      0.240911    -0.0795587     -0.117482      0.261823     -0.288716      0.186098
    -0.0795588     -0.153217     -0.215512     -0.261823     -0.288716     -0.294196     -0.277857     -0.240911     -0.186097     -0.117482    -0.0401533     0.0401533      0.117482      0.186098      0.240911      0.277857      0.294196      0.288716      0.261823      0.215512      0.153217     0.0795588
      0.288716      0.117482     -0.240911     -0.215512      0.153217      0.277858    -0.0401533     -0.294196    -0.0795587      0.261823      0.186098     -0.186098     -0.261823     0.0795587      0.294196     0.0401533     -0.277858     -0.153217      0.215512      0.240911     -0.117482     -0.288716
    -0.0795587      0.153217     -0.215512      0.261823     -0.288716      0.294196     -0.277858      0.240911     -0.186098      0.117482    -0.0401533    -0.0401534      0.117482     -0.186098      0.240911     -0.277858      0.294196     -0.288716      0.261823     -0.215512      0.153217    -0.0795587
      0.288716     -0.117482     -0.240911      0.215512      0.153217     -0.277858    -0.0401534      0.294196    -0.0795587     -0.261823      0.186098      0.186098     -0.261823    -0.0795587      0.294196    -0.0401534     -0.277858      0.153217      0.215512     -0.240911     -0.117482      0.288716
     -0.153217     -0.261823     -0.294196     -0.240911     -0.117482     0.0401535      0.186098      0.277858      0.288716      0.215512     0.0795588    -0.0795588     -0.215512     -0.288716     -0.277858     -0.186098    -0.0401535      0.117482      0.240911      0.294196      0.261823      0.153217
     -0.240911      0.277858    -0.0795587     -0.186098      0.294196     -0.153217     -0.117482      0.288716     -0.215512    -0.0401534      0.261823     -0.261823     0.0401534      0.215512     -0.288716      0.117482      0.153217     -0.294196      0.186098     0.0795588     -0.277858      0.240911
      0.294196    -0.0401534     -0.288716     0.0795588      0.277858     -0.117482     -0.261823      0.153217      0.240911     -0.186098     -0.215512      0.215512      0.186098     -0.240911     -0.153217      0.261823      0.117482     -0.277858    -0.0795587      0.288716     0.0401533     -0.294196
      0.277858     -0.186098     -0.153217      0.288716    -0.0401534     -0.261823      0.215512      0.117482     -0.294196     0.0795587      0.240911     -0.240911    -0.0795587      0.294196     -0.117482     -0.215512      0.261823     0.0401534     -0.288716      0.153217      0.186098     -0.277858
     -0.294196    -0.0401534      0.288716     0.0795587     -0.277858     -0.117482      0.261823      0.153217     -0.240911     -0.186098      0.215512      0.215512     -0.186098     -0.240911      0.153217      0.261823     -0.117482     -0.277858     0.0795587      0.288716    -0.0401534     -0.294196
     -0.261823      0.240911     0.0401533     -0.277858      0.215512     0.0795587     -0.288716      0.186098      0.117482     -0.294196      0.153217      0.153217     -0.294196      0.117482      0.186098     -0.288716     0.0795587      0.215512     -0.277858     0.0401534      0.240911     -0.261823
     -0.240911     -0.277858    -0.0795587      0.186098      0.294196      0.153217     -0.117482     -0.288716     -0.215512     0.0401534      0.261823      0.261823     0.0401534     -0.215512     -0.288716     -0.117482      0.153217      0.294196      0.186098    -0.0795587     -0.277858     -0.240911
      0.153217     -0.261823      0.294196     -0.240911      0.117482     0.0401534     -0.186098      0.277858     -0.288716      0.215512    -0.0795588    -0.0795587      0.215512     -0.288716      0.277858     -0.186098     0.0401533      0.117482     -0.240911      0.294196     -0.261823      0.153217
     -0.261823     -0.240911     0.0401534      0.277858      0.215512    -0.0795588     -0.288716     -0.186098      0.117482      0.294197      0.153217     -0.153217     -0.294197     -0.117482      0.186098      0.288716     0.0795588     -0.215512     -0.277858    -0.0401534      0.240911      0.261823
     0.0401533    -0.0795587      0.117482     -0.153217      0.186098     -0.215512      0.240911     -0.261823      0.277858     -0.288716      0.294196     -0.294196      0.288716     -0.277858      0.261823     -0.240911      0.215512     -0.186098      0.153217     -0.117482     0.0795588    -0.0401534
      0.215512      0.294197      0.186098    -0.0401534     -0.240911     -0.288716     -0.153217     0.0795588      0.261823      0.277858      0.117482     -0.117482     -0.277857     -0.261823    -0.0795587      0.153217      0.288716      0.240911     0.0401534     -0.186098     -0.294197     -0.215512
    -0.0401534    -0.0795587     -0.117482     -0.153217     -0.186098     -0.215512     -0.240911     -0.261823     -0.277857     -0.288716     -0.294196     -0.294196     -0.288716     -0.277858     -0.261823     -0.240911     -0.215512     -0.186098     -0.153217     -0.117482    -0.0795588    -0.0401534
