Top row: Eigenvealues.
Corresponding eigenvectors in columns below each eigenvalue.
604.975       3412.91       2778.87       2121.13       4657.37       4743.78       1692.91       4432.09         346.8        922.45       1289.02       242.626       4890.14       3207.09       1487.09       2559.92       1904.82       4860.63       4811.71       156.225        88.291       756.897       2340.08       2995.18       9.86298        1100.3       4295.03       3977.55        4143.1       39.3725       467.908        4553.2       3610.98        3799.7
      0.157277      0.236882      0.199501      0.063595     -0.103718     -0.219809     -0.227346     -0.122606     0.0426833      0.186893      0.238805      0.172781     0.0214279     -0.140508     -0.233052     -0.210503    -0.0839946     0.0839947      0.210503      0.233052      0.140508    -0.0214279     -0.172781     -0.238805     -0.186893    -0.0426833      0.122606      0.227346      0.219809      0.103718    -0.0635949     -0.199501     -0.236882     -0.157277
     -0.219809      0.172781     0.0839946     -0.238805      0.103718      0.157277     -0.227346     0.0214279      0.210503     -0.186893     -0.063595      0.236882     -0.122606     -0.140508      0.233052    -0.0426833     -0.199501      0.199501     0.0426833     -0.233052      0.140508      0.122606     -0.236882     0.0635949      0.186893     -0.210503    -0.0214279      0.227346     -0.157277     -0.103718      0.238805    -0.0839946     -0.172781      0.219809
      0.236882     -0.063595     -0.219809      0.122606      0.186893     -0.172781     -0.140508      0.210503     0.0839946     -0.233052    -0.0214279      0.238805    -0.0426832     -0.227346      0.103718      0.199501     -0.157277     -0.157277      0.199501      0.103718     -0.227346    -0.0426832      0.238805    -0.0214279     -0.233052     0.0839947      0.210503     -0.140508     -0.172781      0.186893      0.122606     -0.219809     -0.063595      0.236882
     -0.236882     -0.063595      0.219809      0.122606     -0.186893     -0.172781      0.140508      0.210503    -0.0839947     -0.233052     0.0214279      0.238805     0.0426832     -0.227346     -0.103718      0.199501      0.157277     -0.157277     -0.199501      0.103718      0.227346    -0.0426832     -0.238805    -0.0214279      0.233052     0.0839947     -0.210503     -0.140508      0.172781      0.186893     -0.122606     -0.219809      0.063595      0.236882
      0.103718     -0.186893      0.233052     -0.233052      0.186893     -0.103718   1.22788e-07      0.103718     -0.186893      0.233052     -0.233052      0.186894     -0.103718    4.2216e-08      0.103718     -0.186894      0.233052     -0.233052      0.186894     -0.103718   -7.0078e-08      0.103718     -0.186894      0.233052     -0.233052      0.186893     -0.103718  -7.25116e-08      0.103718     -0.186893      0.233052     -0.233052      0.186893     -0.103718
     0.0839947     -0.157278      0.210503     -0.236882      0.233052     -0.199501      0.140508    -0.0635949     -0.021428      0.103718     -0.172781      0.219809     -0.238805      0.227346     -0.186893      0.122606    -0.0426833    -0.0426832      0.122606     -0.186893      0.227346     -0.238805      0.219809     -0.172781      0.103718    -0.0214281    -0.0635948      0.140507     -0.199501      0.233052     -0.236882      0.210503     -0.157278     0.0839947
      0.227346      0.140508     -0.140508     -0.227346  -3.26247e-09      0.227346      0.140508     -0.140508     -0.227346   1.56732e-08      0.227346      0.140508     -0.140508     -0.227346    4.0994e-08      0.227346      0.140508     -0.140508     -0.227346   1.49568e-08      0.227346      0.140508     -0.140508     -0.227346  -2.88555e-08      0.227346      0.140508     -0.140508     -0.227346  -4.41808e-08      0.227346      0.140508     -0.140508     -0.227346
      0.140508     -0.227346      0.227346     -0.140508   1.47841e-07      0.140507     -0.227346      0.227346     -0.140508   1.10066e-07      0.140507     -0.227346      0.227346     -0.140508   5.98134e-08      0.140507     -0.227346      0.227346     -0.140508   3.78437e-08      0.140507     -0.227346      0.227346     -0.140508  -5.36715e-08      0.140508     -0.227346      0.227346     -0.140508  -9.81323e-08      0.140508     -0.227346      0.227346     -0.140508
      0.122606      0.210503      0.238805      0.199501      0.103718    -0.0214279     -0.140508     -0.219809     -0.236882     -0.186893    -0.0839947     0.0426833      0.157277      0.227346      0.233052      0.172781      0.063595     -0.063595     -0.172781     -0.233052     -0.227346     -0.157277    -0.0426833     0.0839947      0.186893      0.236882      0.219809      0.140508     0.0214279     -0.103718     -0.199501     -0.238805     -0.210503     -0.122606
      0.186893      0.233052      0.103718     -0.103718     -0.233052     -0.186893  -2.17165e-09      0.186893      0.233052      0.103718     -0.103718     -0.233052     -0.186893  -8.93413e-10      0.186893      0.233052      0.103718     -0.103718     -0.233052     -0.186893   3.50983e-09      0.186893      0.233052      0.103718     -0.103718     -0.233052     -0.186893   4.42891e-09      0.186893      0.233052      0.103718     -0.103718     -0.233052     -0.186893
      0.210503      0.199501    -0.0214279     -0.219809     -0.186893     0.0426833      0.227346      0.172781     -0.063595     -0.233052     -0.157277     0.0839947      0.236882      0.140507     -0.103718     -0.238805     -0.122606      0.122606      0.238805      0.103718     -0.140508     -0.236882    -0.0839946      0.157277      0.233052      0.063595     -0.172781     -0.227346    -0.0426833      0.186894      0.219809     0.0214279     -0.199501     -0.210503
     -0.103718     -0.186893     -0.233052     -0.233052     -0.186893     -0.103718   1.53384e-08      0.103718      0.186893      0.233052      0.233052      0.186893      0.103718  -3.56296e-10     -0.103718     -0.186893     -0.233052     -0.233052     -0.186893     -0.103718  -1.24635e-08      0.103718      0.186893      0.233052      0.233052      0.186893      0.103718  -2.15523e-08     -0.103718     -0.186893     -0.233052     -0.233052     -0.186893     -0.103718
     0.0214279    -0.0426832     0.0635949    -0.0839946      0.103718     -0.122606      0.140507     -0.157277      0.172781     -0.186893      0.199501     -0.210503      0.219809     -0.227346      0.233052     -0.236882      0.238805     -0.238805      0.236882     -0.233052      0.227346     -0.219809      0.210503     -0.199501      0.186894     -0.172781      0.157277     -0.140508      0.122606     -0.103718     0.0839947     -0.063595     0.0426833    -0.0214279
      0.227346     -0.140508     -0.140508      0.227346  -4.83639e-08     -0.227346      0.140508      0.140508     -0.227346   2.24658e-08      0.227346     -0.140508     -0.140508      0.227346    2.0361e-08     -0.227346      0.140508      0.140508     -0.227346  -2.57972e-08      0.227346     -0.140508     -0.140508      0.227346   2.48351e-09     -0.227346      0.140508      0.140508     -0.227346   1.96002e-08      0.227346     -0.140508     -0.140508      0.227346
     -0.219809     -0.172781     0.0839946      0.238805      0.103718     -0.157277     -0.227346    -0.0214279      0.210503      0.186893     -0.063595     -0.236882     -0.122606      0.140508      0.233052     0.0426832     -0.199501     -0.199501     0.0426833      0.233052      0.140508     -0.122606     -0.236882     -0.063595      0.186893      0.210503    -0.0214279     -0.227346     -0.157277      0.103718      0.238805     0.0839947     -0.172781     -0.219809
     -0.238805     0.0214279      0.236882    -0.0426833     -0.233052      0.063595      0.227346    -0.0839947     -0.219809      0.103718      0.210503     -0.122606     -0.199501      0.140508      0.186893     -0.157277     -0.172781      0.172781      0.157277     -0.186893     -0.140508      0.199501      0.122606     -0.210503     -0.103718      0.219809     0.0839946     -0.227346    -0.0635949      0.233052     0.0426832     -0.236882    -0.0214279      0.238805
      0.233052      0.103718     -0.186894     -0.186893      0.103718      0.233052  -4.24639e-08     -0.233052     -0.103718      0.186893      0.186893     -0.103718     -0.233052  -1.07465e-08      0.233052      0.103718     -0.186893     -0.186893      0.103718      0.233052  -2.79636e-09     -0.233052     -0.103718      0.186893      0.186893     -0.103718     -0.233052   1.91729e-08      0.233052      0.103718     -0.186893     -0.186893      0.103718      0.233052
     0.0426833    -0.0839947      0.122606     -0.157277      0.186893     -0.210503      0.227346     -0.236882      0.238805     -0.233052      0.219809     -0.199501      0.172781     -0.140508      0.103718     -0.063595     0.0214279     0.0214279    -0.0635949      0.103718     -0.140508      0.172781     -0.199501      0.219809     -0.233052      0.238805     -0.236882      0.227346     -0.210503      0.186893     -0.157277      0.122606    -0.0839947     0.0426833
     0.0635949     -0.122606      0.172781     -0.210502      0.233052     -0.238805      0.227346     -0.199501      0.157277     -0.103718     0.0426833     0.0214279    -0.0839946      0.140508     -0.186893      0.219809     -0.236882      0.236882     -0.219809      0.186894     -0.140508     0.0839948     -0.021428    -0.0426832      0.103718     -0.157277      0.199501     -0.227346      0.238805     -0.233052      0.210503     -0.172781      0.122606     -0.063595
    -0.0839947     -0.157277     -0.210503     -0.236882     -0.233052     -0.199501     -0.140508     -0.063595     0.0214279      0.103718      0.172781      0.219809      0.238805      0.227346      0.186893      0.122606     0.0426833    -0.0426833     -0.122606     -0.186893     -0.227346     -0.238805     -0.219809     -0.172781     -0.103718    -0.0214279      0.063595      0.140508      0.199501      0.233052      0.236882      0.210503      0.157277     0.0839947
     -0.063595     -0.122606     -0.172781     -0.210503     -0.233052     -0.238805     -0.227346     -0.199501     -0.157277     -0.103718    -0.0426833     0.0214279     0.0839947      0.140508      0.186893      0.219809      0.236882      0.236882      0.219809      0.186893      0.140508     0.0839947     0.0214279    -0.0426833     -0.103718     -0.157277     -0.199501     -0.227346     -0.238805     -0.233052     -0.210503     -0.172781     -0.122606     -0.063595
     -0.172781     -0.238805     -0.157277     0.0214279      0.186893      0.236882      0.140508    -0.0426832     -0.199501     -0.233052     -0.122606      0.063595      0.210503      0.227346      0.103718    -0.0839947     -0.219809     -0.219809    -0.0839947      0.103718      0.227346      0.210503      0.063595     -0.122606     -0.233052     -0.199501    -0.0426833      0.140508      0.236882      0.186893     0.0214279     -0.157277     -0.238805     -0.172781
     -0.238805    -0.0214279      0.236882     0.0426833     -0.233052     -0.063595      0.227346     0.0839946     -0.219809     -0.103718      0.210503      0.122606     -0.199501     -0.140508      0.186893      0.157277     -0.172781     -0.172781      0.157277      0.186894     -0.140508     -0.199501      0.122606      0.210503     -0.103718     -0.219809     0.0839947      0.227346     -0.063595     -0.233052     0.0426833      0.236882    -0.0214279     -0.238805
     -0.233052      0.103718      0.186893     -0.186894     -0.103718      0.233052  -5.94926e-08     -0.233052      0.103718      0.186893     -0.186893     -0.103718      0.233052  -5.95109e-09     -0.233052      0.103718      0.186893     -0.186893     -0.103718      0.233052   6.60625e-08     -0.233052      0.103718      0.186893     -0.186893     -0.103718      0.233052  -2.72578e-08     -0.233052      0.103718      0.186893     -0.186894     -0.103718      0.233052
    -0.0214279    -0.0426833     -0.063595    -0.0839946     -0.103718     -0.122606     -0.140508     -0.157277     -0.172781     -0.186893     -0.199501     -0.210503     -0.219809     -0.227346     -0.233052     -0.236882     -0.238805     -0.238805     -0.236882     -0.233052     -0.227346     -0.219809     -0.210503     -0.199501     -0.186893     -0.172781     -0.157277     -0.140508     -0.122606     -0.103718    -0.0839946     -0.063595    -0.0426833    -0.0214279
      0.199501      0.219809     0.0426833     -0.172781     -0.233052    -0.0839947      0.140508      0.238805      0.122606     -0.103718     -0.236882     -0.157277      0.063595      0.227346      0.186893    -0.0214279     -0.210503     -0.210503    -0.0214278      0.186894      0.227346      0.063595     -0.157277     -0.236882     -0.103718      0.122606      0.238805      0.140508    -0.0839946     -0.233052     -0.172781     0.0426832      0.219809      0.199501
      0.157277     -0.236882      0.199501     -0.063595     -0.103718      0.219809     -0.227346      0.122606     0.0426832     -0.186893      0.238805     -0.172781     0.0214279      0.140508     -0.233052      0.210503    -0.0839947    -0.0839946      0.210503     -0.233052      0.140508     0.0214279     -0.172781      0.238805     -0.186893     0.0426833      0.122606     -0.227346      0.219809     -0.103718    -0.0635949      0.199501     -0.236882      0.157277
      0.186893     -0.233052      0.103718      0.103718     -0.233052      0.186893   9.36957e-09     -0.186893      0.233052     -0.103718     -0.103718      0.233052     -0.186893  -8.47163e-09      0.186893     -0.233052      0.103718      0.103718     -0.233052      0.186893    1.2997e-08     -0.186893      0.233052     -0.103718     -0.103718      0.233052     -0.186893  -1.75394e-08      0.186893     -0.233052      0.103718      0.103718     -0.233052      0.186893
     -0.172781      0.238805     -0.157277    -0.0214279      0.186893     -0.236882      0.140508     0.0426833     -0.199501      0.233052     -0.122606     -0.063595      0.210503     -0.227346      0.103718     0.0839946     -0.219809      0.219809    -0.0839946     -0.103718      0.227346     -0.210503      0.063595      0.122606     -0.233052      0.199501    -0.0426833     -0.140508      0.236882     -0.186893     0.0214279      0.157277     -0.238805      0.172781
    -0.0426833    -0.0839947     -0.122606     -0.157277     -0.186893     -0.210503     -0.227346     -0.236882     -0.238805     -0.233052     -0.219809     -0.199501     -0.172781     -0.140508     -0.103718    -0.0635949    -0.0214278     0.0214279      0.063595      0.103718      0.140508      0.172781      0.199501      0.219809      0.233052      0.238805      0.236882      0.227346      0.210503      0.186893      0.157277      0.122606     0.0839946     0.0426833
     -0.140508     -0.227346     -0.227346     -0.140508   2.39234e-09      0.140508      0.227346      0.227346      0.140508  -3.19867e-10     -0.140508     -0.227346     -0.227346     -0.140508   1.76501e-08      0.140508      0.227346      0.227346      0.140508  -3.41034e-09     -0.140508     -0.227346     -0.227346     -0.140508  -2.24688e-08      0.140508      0.227346      0.227346      0.140508  -8.24947e-09     -0.140508     -0.227346     -0.227346     -0.140508
      0.122606     -0.210503      0.238805     -0.199501      0.103718      0.021428     -0.140508      0.219809     -0.236882      0.186893    -0.0839946    -0.0426834      0.157278     -0.227346      0.233052     -0.172781      0.063595      0.063595     -0.172781      0.233052     -0.227346      0.157278    -0.0426834    -0.0839946      0.186893     -0.236882      0.219809     -0.140508      0.021428      0.103718     -0.199501      0.238805     -0.210503      0.122606
     -0.210503      0.199501     0.0214279     -0.219809      0.186893     0.0426832     -0.227346      0.172781      0.063595     -0.233052      0.157277     0.0839946     -0.236882      0.140508      0.103718     -0.238805      0.122606      0.122606     -0.238805      0.103718      0.140508     -0.236882     0.0839946      0.157277     -0.233052      0.063595      0.172781     -0.227346     0.0426833      0.186893     -0.219809     0.0214279      0.199501     -0.210503
     -0.199501      0.219809    -0.0426833     -0.172781      0.233052    -0.0839946     -0.140508      0.238805     -0.122606     -0.103718      0.236882     -0.157277     -0.063595      0.227346     -0.186893    -0.0214279      0.210503     -0.210503     0.0214279      0.186893     -0.227346      0.063595      0.157277     -0.236882      0.103718      0.122606     -0.238805      0.140508     0.0839947     -0.233052      0.172781     0.0426833     -0.219809      0.199501
