Top row: Eigenvealues.
Corresponding eigenvectors in columns below each eigenvalue.
861.095       38.9045           675           225       497.038       402.962       9.83358       890.166       148.891       751.109       589.058       310.942       85.9424       814.058
      0.148519     -0.271358      0.347277     -0.363148      0.316228     -0.214629     0.0759186     0.0759186     -0.214629      0.316228     -0.363148      0.347277     -0.271358      0.148519
     -0.148519     -0.271358     -0.347277     -0.363148     -0.316228     -0.214629    -0.0759186     0.0759186      0.214629      0.316228      0.363148      0.347277      0.271358      0.148519
      0.316228     -0.316228    7.1746e-08      0.316228     -0.316228   9.81827e-08      0.316228     -0.316228   7.08995e-08      0.316228     -0.316228   3.43226e-08      0.316228     -0.316228
     -0.316228     -0.316228   -7.1746e-08      0.316228      0.316228   9.81827e-08     -0.316228     -0.316228  -7.08995e-08      0.316228      0.316228   3.43226e-08     -0.316228     -0.316228
     -0.363148     0.0759186      0.347277     -0.148519     -0.316228      0.214629      0.271358     -0.271358     -0.214629      0.316228      0.148519     -0.347277    -0.0759186      0.363148
      0.363148     0.0759186     -0.347277     -0.148519      0.316228      0.214629     -0.271358     -0.271358      0.214629      0.316228     -0.148519     -0.347277     0.0759186      0.363148
    -0.0759186     -0.148519     -0.214629     -0.271358     -0.316228     -0.347277     -0.363148     -0.363148     -0.347277     -0.316228     -0.271358     -0.214629     -0.148519    -0.0759186
     0.0759186     -0.148519      0.214629     -0.271358      0.316228     -0.347277      0.363148     -0.363148      0.347277     -0.316228      0.271358     -0.214629      0.148519    -0.0759186
     -0.271358     -0.363148     -0.214629     0.0759186      0.316228      0.347277      0.148519     -0.148519     -0.347277     -0.316228    -0.0759187      0.214629      0.363148      0.271358
      0.271358     -0.363148      0.214629     0.0759186     -0.316228      0.347277     -0.148519     -0.148519      0.347277     -0.316228     0.0759187      0.214629     -0.363148      0.271358
      0.347277     -0.214629     -0.214629      0.347277  -3.24138e-08     -0.347277      0.214629      0.214629     -0.347277   1.22399e-07      0.347277     -0.214629     -0.214629      0.347277
     -0.347277     -0.214629      0.214629      0.347277   3.24138e-08     -0.347277     -0.214629      0.214629      0.347277   1.22399e-07     -0.347277     -0.214629      0.214629      0.347277
      0.214629      0.347277      0.347277      0.214629   5.04184e-08     -0.214629     -0.347277     -0.347277     -0.214629  -3.63993e-09      0.214629      0.347277      0.347277      0.214629
     -0.214629      0.347277     -0.347277      0.214629  -9.40013e-08     -0.214629      0.347277     -0.347277      0.214629  -4.72228e-08     -0.214629      0.347277     -0.347277      0.214629
