Top row: Eigenvealues.
Corresponding eigenvectors in columns below each eigenvalue.
2694.14       2616.14       154.863       583.976       2464.67       723.694       239.326       39.2867        87.858       2120.02       1980.31       340.013       872.574       455.458       1831.43       2248.54       1028.45       1675.55       1514.97       2363.99          1352        9.8576       2549.14       1189.03       2664.71
    -0.0334309     0.0663742    -0.0983497      0.128891     -0.157553      0.183917       -0.2076      0.228255     -0.245581      0.259327     -0.269291      0.275328      -0.27735      0.275328     -0.269291      0.259327     -0.245581      0.228255       -0.2076      0.183917     -0.157553      0.128891    -0.0983496     0.0663742    -0.0334308
    -0.0983497      0.183917     -0.245581      0.275328     -0.269291      0.228255     -0.157553     0.0663743     0.0334308     -0.128891      0.207599     -0.259327       0.27735     -0.259327        0.2076     -0.128891     0.0334309     0.0663741     -0.157553      0.228255     -0.269291      0.275328     -0.245581      0.183917    -0.0983497
     -0.128891     -0.228255     -0.275328     -0.259327     -0.183917    -0.0663743     0.0663742      0.183917      0.259327      0.275328      0.228255      0.128891   -1.2352e-08     -0.128891     -0.228255     -0.275328     -0.259327     -0.183917    -0.0663742     0.0663742      0.183917      0.259327      0.275328      0.228255      0.128891
      0.228255      0.259327     0.0663742     -0.183917     -0.275328     -0.128891      0.128891      0.275328      0.183917    -0.0663742     -0.259327     -0.228255  -3.38681e-09      0.228255      0.259327     0.0663742     -0.183917     -0.275328     -0.128891      0.128891      0.275328      0.183917    -0.0663742     -0.259327     -0.228255
     -0.157553      0.259327     -0.269291      0.183917    -0.0334309     -0.128891      0.245581     -0.275328      0.207599    -0.0663741    -0.0983498      0.228255      -0.27735      0.228255    -0.0983497    -0.0663742        0.2076     -0.275328      0.245581     -0.128891    -0.0334309      0.183917     -0.269291      0.259327     -0.157553
     -0.245581     -0.228255     0.0334309      0.259327        0.2076    -0.0663742     -0.269291     -0.183917     0.0983497      0.275328      0.157553     -0.128891      -0.27735     -0.128891      0.157553      0.275328     0.0983497     -0.183917     -0.269291    -0.0663743        0.2076      0.259327     0.0334309     -0.228255     -0.245581
      0.157553      0.259327      0.269291      0.183917     0.0334309     -0.128891     -0.245581     -0.275328       -0.2076    -0.0663742     0.0983497      0.228255       0.27735      0.228255     0.0983497    -0.0663742       -0.2076     -0.275328     -0.245581     -0.128891     0.0334309      0.183917      0.269291      0.259327      0.157553
    -0.0663742     -0.128891     -0.183917     -0.228255     -0.259327     -0.275328     -0.275328     -0.259327     -0.228255     -0.183917     -0.128891    -0.0663742  -5.57751e-09     0.0663742      0.128891      0.183917      0.228255      0.259327      0.275328      0.275328      0.259327      0.228255      0.183917      0.128891     0.0663742
    -0.0983497     -0.183917     -0.245581     -0.275328     -0.269291     -0.228255     -0.157553    -0.0663743     0.0334308      0.128891        0.2076      0.259327       0.27735      0.259327        0.2076      0.128891     0.0334308    -0.0663742     -0.157553     -0.228255     -0.269291     -0.275328     -0.245581     -0.183917    -0.0983497
      0.228255     -0.259327     0.0663742      0.183917     -0.275328      0.128891      0.128891     -0.275328      0.183917     0.0663742     -0.259327      0.228255  -2.75447e-09     -0.228255      0.259327    -0.0663742     -0.183917      0.275328     -0.128891     -0.128891      0.275328     -0.183917    -0.0663742      0.259327     -0.228255
      0.245581     -0.228255    -0.0334308      0.259327       -0.2076    -0.0663741      0.269291     -0.183917    -0.0983496      0.275328     -0.157553     -0.128891       0.27735     -0.128891     -0.157553      0.275328    -0.0983498     -0.183917      0.269291    -0.0663743       -0.2076      0.259327    -0.0334309     -0.228255      0.245581
      0.183917      0.275328      0.228255     0.0663742     -0.128891     -0.259327     -0.259327     -0.128891     0.0663742      0.228255      0.275328      0.183917   -2.5562e-08     -0.183917     -0.275328     -0.228255    -0.0663742      0.128891      0.259327      0.259327      0.128891    -0.0663742     -0.228255     -0.275328     -0.183917
     -0.259327     -0.183917      0.128891      0.275328     0.0663742     -0.228255     -0.228255     0.0663742      0.275328      0.128891     -0.183917     -0.259327  -1.81045e-08      0.259327      0.183917     -0.128891     -0.275328    -0.0663742      0.228255      0.228255    -0.0663742     -0.275328     -0.128891      0.183917      0.259327
       -0.2076     -0.275328     -0.157553     0.0663742      0.245581      0.259327     0.0983497     -0.128891     -0.269291     -0.228255    -0.0334309      0.183917       0.27735      0.183917    -0.0334309     -0.228255     -0.269291     -0.128891     0.0983497      0.259327      0.245581     0.0663742     -0.157553     -0.275328       -0.2076
     -0.259327      0.183917      0.128891     -0.275328     0.0663743      0.228255     -0.228255    -0.0663742      0.275328     -0.128891     -0.183917      0.259327  -7.09338e-08     -0.259327      0.183917      0.128891     -0.275328     0.0663743      0.228255     -0.228255    -0.0663742      0.275328     -0.128891     -0.183917      0.259327
        0.2076     -0.275328      0.157553     0.0663743     -0.245581      0.259327    -0.0983497     -0.128891      0.269291     -0.228255     0.0334309      0.183917      -0.27735      0.183917     0.0334308     -0.228255      0.269291     -0.128891    -0.0983497      0.259327     -0.245581     0.0663741      0.157553     -0.275328        0.2076
     -0.269291     -0.128891        0.2076      0.228255    -0.0983497     -0.275328    -0.0334308      0.259327      0.157553     -0.183917     -0.245581     0.0663742       0.27735     0.0663742     -0.245581     -0.183917      0.157553      0.259327    -0.0334308     -0.275328    -0.0983497      0.228255        0.2076     -0.128891     -0.269291
      0.269291     -0.128891     -0.207599      0.228255     0.0983497     -0.275328     0.0334309      0.259327     -0.157553     -0.183917      0.245581     0.0663742      -0.27735     0.0663743      0.245581     -0.183917     -0.157553      0.259327     0.0334308     -0.275328     0.0983497      0.228255       -0.2076     -0.128891      0.269291
      0.275328    -0.0663743     -0.259327      0.128891      0.228255     -0.183917     -0.183917      0.228255      0.128891     -0.259327    -0.0663742      0.275328  -6.22687e-08     -0.275328     0.0663743      0.259327     -0.128891     -0.228255      0.183917      0.183917     -0.228255     -0.128891      0.259327     0.0663742     -0.275328
      0.183917     -0.275328      0.228255    -0.0663742     -0.128891      0.259327     -0.259327      0.128891     0.0663743     -0.228255      0.275328     -0.183917   2.53308e-09      0.183917     -0.275328      0.228255    -0.0663743     -0.128891      0.259327     -0.259327      0.128891     0.0663742     -0.228255      0.275328     -0.183917
       0.27735   1.78665e-08      -0.27735  -1.10608e-08       0.27735  -1.79011e-08      -0.27735   3.08236e-08       0.27735   2.50271e-08      -0.27735  -1.74099e-08       0.27735   -1.5422e-08      -0.27735   2.34082e-08       0.27735   2.50354e-08      -0.27735  -1.66791e-08       0.27735  -7.61748e-09      -0.27735   1.54869e-08       0.27735
     0.0334309     0.0663742     0.0983497      0.128891      0.157553      0.183917        0.2076      0.228255      0.245581      0.259327      0.269291      0.275328       0.27735      0.275328      0.269291      0.259327      0.245581      0.228255        0.2076      0.183917      0.157553      0.128891     0.0983497     0.0663742     0.0334309
     -0.128891      0.228255     -0.275328      0.259327     -0.183917     0.0663741     0.0663743     -0.183917      0.259327     -0.275328      0.228255     -0.128891   8.08646e-09      0.128891     -0.228255      0.275328     -0.259327      0.183917    -0.0663742    -0.0663742      0.183917     -0.259327      0.275328     -0.228255      0.128891
      0.275328     0.0663742     -0.259327     -0.128891      0.228255      0.183917     -0.183917     -0.228255      0.128891      0.259327    -0.0663742     -0.275328  -6.88043e-09      0.275328     0.0663742     -0.259327     -0.128891      0.228255      0.183917     -0.183917     -0.228255      0.128891      0.259327    -0.0663742     -0.275328
    -0.0663742      0.128891     -0.183917      0.228255     -0.259327      0.275328     -0.275328      0.259327     -0.228255      0.183917     -0.128891     0.0663743  -1.05771e-07    -0.0663741      0.128891     -0.183917      0.228255     -0.259327      0.275328     -0.275328      0.259327     -0.228255      0.183917     -0.128891     0.0663742
