Top row: Eigenvealues.
Corresponding eigenvectors in columns below each eigenvalue.
1067.87          2700       3256.23       462.339       2174.24       3137.66           900       343.769       2532.13       3444.38       3358.85       2356.23       1611.85       595.565       9.86059       155.618          1800       741.987       3004.44       1243.77       2858.01       3560.67       3590.14       1988.15       241.154       39.3343        3511.9       1425.76       88.0983
     -0.235876     -0.191879     0.0797879      0.256784      0.129099     -0.151765     -0.252557    -0.0536826      0.208887      0.223607    -0.0269891     -0.245562     -0.172769      0.105019      0.258199      0.105019     -0.172769     -0.245562    -0.0269891      0.223607      0.208887    -0.0536826     -0.252557     -0.151766      0.129099      0.256784     0.0797878     -0.191879     -0.235876
      0.223607     -0.223607   4.50697e-08      0.223607     -0.223607   2.32438e-08      0.223607     -0.223607  -3.37458e-08      0.223607     -0.223607  -1.94639e-08      0.223607     -0.223607   8.23767e-09      0.223607     -0.223607   1.85606e-08      0.223607     -0.223607  -9.40089e-09      0.223607     -0.223607  -1.20703e-09      0.223607     -0.223607   4.68827e-09      0.223607     -0.223607
      0.151765     -0.245562      0.245562     -0.151766   9.02463e-09      0.151765     -0.245562      0.245562     -0.151765  -2.08939e-08      0.151765     -0.245562      0.245562     -0.151766  -4.94973e-09      0.151766     -0.245562      0.245562     -0.151765   1.90733e-08      0.151765     -0.245562      0.245562     -0.151765  -1.08157e-08      0.151766     -0.245562      0.245562     -0.151765
     -0.172769     -0.256784     -0.208887    -0.0536826      0.129099      0.245562      0.235876      0.105019    -0.0797878     -0.223607     -0.252557     -0.151766     0.0269891      0.191879      0.258199      0.191879     0.0269891     -0.151766     -0.252557     -0.223607    -0.0797879      0.105019      0.235876      0.245562      0.129099    -0.0536826     -0.208887     -0.256784     -0.172769
     -0.252557      0.105019      0.208887     -0.191879     -0.129099      0.245562     0.0269891     -0.256784     0.0797878      0.223607     -0.172769     -0.151766      0.235876     0.0536826     -0.258199     0.0536826      0.235876     -0.151766     -0.172769      0.223607     0.0797878     -0.256784     0.0269891      0.245562     -0.129099     -0.191879      0.208887      0.105019     -0.252557
      0.172769     -0.256784      0.208887    -0.0536826     -0.129099      0.245562     -0.235876      0.105019     0.0797878     -0.223607      0.252557     -0.151766    -0.0269891      0.191879     -0.258199      0.191879    -0.0269892     -0.151765      0.252557     -0.223607     0.0797879      0.105019     -0.235876      0.245562       -0.1291    -0.0536826      0.208887     -0.256785      0.172769
     -0.223607     -0.223607   5.03136e-09      0.223607      0.223607   1.61825e-08     -0.223607     -0.223607  -2.82443e-08      0.223607      0.223607   2.82915e-08     -0.223607     -0.223607  -1.67345e-08      0.223607      0.223607   2.83442e-08     -0.223607     -0.223607  -3.34875e-08      0.223607      0.223607   1.63551e-08     -0.223607     -0.223607   1.42721e-09      0.223607      0.223607
     -0.151766     -0.245562     -0.245562     -0.151765    3.4521e-08      0.151766      0.245562      0.245562      0.151765  -4.51822e-08     -0.151766     -0.245562     -0.245562     -0.151765   2.04574e-08      0.151765      0.245562      0.245562      0.151765   5.51136e-08     -0.151765     -0.245562     -0.245562     -0.151766  -6.07025e-08      0.151765      0.245562      0.245562      0.151766
     -0.235876      0.191879     0.0797878     -0.256784      0.129099      0.151765     -0.252557     0.0536826      0.208887     -0.223607    -0.0269891      0.245562     -0.172769     -0.105019      0.258199     -0.105019     -0.172769      0.245562    -0.0269891     -0.223607      0.208887     0.0536826     -0.252557      0.151765      0.129099     -0.256784     0.0797878      0.191879     -0.235876
      0.105019     -0.191879      0.245562     -0.256784      0.223607     -0.151765     0.0536824     0.0536827     -0.151766      0.223607     -0.256785      0.245562     -0.191879      0.105019   3.24884e-08     -0.105019      0.191879     -0.245562      0.256785     -0.223607      0.151766    -0.0536827    -0.0536824      0.151765     -0.223607      0.256784     -0.245562      0.191879     -0.105019
      0.129099     -0.223607      0.258199     -0.223607      0.129099   3.74159e-08     -0.129099      0.223607     -0.258199      0.223607       -0.1291   5.46293e-08      0.129099     -0.223607      0.258199     -0.223607      0.129099   5.98392e-08     -0.129099      0.223607     -0.258199      0.223607     -0.129099   3.33223e-08      0.129099     -0.223607      0.258199     -0.223607      0.129099
     -0.245562      0.151766      0.151765     -0.245562   2.31693e-09      0.245562     -0.151765     -0.151766      0.245562   8.87446e-09     -0.245562      0.151766      0.151765     -0.245562  -1.79291e-09      0.245562     -0.151765     -0.151766      0.245562  -1.42992e-09     -0.245562      0.151766      0.151765     -0.245562  -4.00571e-09      0.245562     -0.151765     -0.151766      0.245562
      0.256784     0.0536825     -0.245562     -0.105019      0.223607      0.151766     -0.191879     -0.191879      0.151766      0.223607     -0.105019     -0.245562     0.0536826      0.256784   1.07673e-08     -0.256784    -0.0536826      0.245562      0.105019     -0.223607     -0.151765      0.191879      0.191879     -0.151766     -0.223607      0.105019      0.245562    -0.0536826     -0.256784
      0.191879      0.256784      0.151765    -0.0536826     -0.223607     -0.245562     -0.105019      0.105019      0.245562      0.223607     0.0536825     -0.151766     -0.256784     -0.191879   7.37942e-09      0.191879      0.256784      0.151766    -0.0536826     -0.223607     -0.245562     -0.105019      0.105019      0.245562      0.223607     0.0536826     -0.151765     -0.256784     -0.191879
    -0.0269891    -0.0536825    -0.0797878     -0.105019     -0.129099     -0.151765     -0.172769     -0.191879     -0.208887     -0.223607     -0.235876     -0.245562     -0.252557     -0.256784     -0.258199     -0.256784     -0.252557     -0.245562     -0.235876     -0.223607     -0.208887     -0.191879     -0.172769     -0.151766     -0.129099     -0.105019    -0.0797879    -0.0536826    -0.0269891
     -0.105019     -0.191879     -0.245562     -0.256784     -0.223607     -0.151766    -0.0536826     0.0536826      0.151766      0.223607      0.256784      0.245562      0.191879      0.105019    1.4463e-08     -0.105019     -0.191879     -0.245562     -0.256784     -0.223607     -0.151765    -0.0536826     0.0536826      0.151765      0.223607      0.256784      0.245562      0.191879      0.105019
      0.258199  -2.84909e-08     -0.258199   2.58323e-08      0.258199  -1.65559e-08     -0.258199  -1.23241e-08      0.258199   1.29271e-08     -0.258199   8.07047e-09      0.258199  -2.34483e-08     -0.258199   3.63388e-08      0.258199  -1.56907e-08     -0.258199  -7.68832e-10      0.258199   4.20686e-09     -0.258199  -2.06946e-09      0.258199  -1.94598e-08     -0.258199   1.18064e-08      0.258199
      0.208887      0.245562     0.0797879     -0.151765     -0.258199     -0.151766     0.0797878      0.245562      0.208887   1.71792e-08     -0.208887     -0.245562    -0.0797878      0.151766      0.258199      0.151766    -0.0797879     -0.245562     -0.208887  -2.26913e-08      0.208887      0.245562     0.0797879     -0.151766     -0.258199     -0.151766     0.0797878      0.245562      0.208887
     -0.191879      0.256784     -0.151766    -0.0536826      0.223607     -0.245562      0.105019      0.105019     -0.245562      0.223607    -0.0536826     -0.151765      0.256784     -0.191879   2.16993e-08      0.191879     -0.256784      0.151766     0.0536825     -0.223607      0.245562     -0.105019     -0.105019      0.245562     -0.223607     0.0536825      0.151765     -0.256784      0.191879
     -0.245562     -0.151765      0.151766      0.245562   2.23231e-08     -0.245562     -0.151765      0.151765      0.245562    -1.948e-09     -0.245562     -0.151765      0.151765      0.245562  -1.12895e-08     -0.245562     -0.151765      0.151766      0.245562   5.85575e-09     -0.245562     -0.151765      0.151765      0.245562   6.00554e-10     -0.245562     -0.151766      0.151765      0.245562
     -0.208887      0.245562    -0.0797878     -0.151766      0.258199     -0.151766    -0.0797879      0.245562     -0.208887   4.87899e-08      0.208887     -0.245562     0.0797878      0.151766     -0.258199      0.151765     0.0797879     -0.245562      0.208887  -3.49929e-08     -0.208887      0.245562    -0.0797879     -0.151765      0.258199     -0.151765    -0.0797879      0.245562     -0.208887
     0.0536826     -0.105019      0.151766     -0.191879      0.223607     -0.245562      0.256785     -0.256784      0.245562     -0.223607      0.191879     -0.151765      0.105019    -0.0536825  -6.48532e-09     0.0536825     -0.105019      0.151765     -0.191879      0.223607     -0.245562      0.256784     -0.256784      0.245562     -0.223607      0.191879     -0.151766      0.105019    -0.0536826
     0.0269892    -0.0536826     0.0797879     -0.105019      0.129099     -0.151766      0.172769     -0.191879      0.208887     -0.223607      0.235876     -0.245562      0.252557     -0.256784      0.258199     -0.256784      0.252557     -0.245562      0.235876     -0.223607      0.208887     -0.191879      0.172769     -0.151766      0.129099     -0.105019     0.0797879    -0.0536826     0.0269892
     -0.256784     0.0536826      0.245562     -0.105019     -0.223607      0.151766      0.191879     -0.191879     -0.151765      0.223607      0.105019     -0.245562    -0.0536826      0.256784  -1.15419e-08     -0.256784     0.0536826      0.245562     -0.105019     -0.223607      0.151766      0.191879     -0.191879     -0.151766      0.223607      0.105019     -0.245562    -0.0536826      0.256784
      0.129099      0.223607      0.258199      0.223607      0.129099   3.24023e-09     -0.129099     -0.223607     -0.258199     -0.223607     -0.129099   1.54591e-08      0.129099      0.223607      0.258199      0.223607      0.129099  -1.53556e-08     -0.129099     -0.223607     -0.258199     -0.223607     -0.129099   -3.5568e-09      0.129099      0.223607      0.258199      0.223607      0.129099
     0.0536826      0.105019      0.151765      0.191879      0.223607      0.245562      0.256784      0.256784      0.245562      0.223607      0.191879      0.151766      0.105019     0.0536826   2.08647e-08    -0.0536826     -0.105019     -0.151765     -0.191879     -0.223607     -0.245562     -0.256784     -0.256784     -0.245562     -0.223607     -0.191879     -0.151765     -0.105019    -0.0536826
    -0.0797879      0.151766     -0.208887      0.245562     -0.258199      0.245562     -0.208887      0.151765    -0.0797879   6.30026e-09     0.0797879     -0.151766      0.208887     -0.245562      0.258199     -0.245562      0.208887     -0.151765     0.0797879  -3.71983e-08    -0.0797878      0.151765     -0.208887      0.245562     -0.258199      0.245562     -0.208887      0.151765    -0.0797878
     -0.252557     -0.105019      0.208887      0.191879     -0.129099     -0.245562     0.0269891      0.256784     0.0797878     -0.223607     -0.172769      0.151765      0.235876    -0.0536826     -0.258199    -0.0536826      0.235876      0.151765     -0.172769     -0.223607     0.0797878      0.256784     0.0269891     -0.245562     -0.129099      0.191879      0.208887     -0.105019     -0.252557
     0.0797879      0.151766      0.208887      0.245562      0.258199      0.245562      0.208887      0.151765     0.0797879  -8.10559e-09    -0.0797878     -0.151765     -0.208887     -0.245562     -0.258199     -0.245562     -0.208887     -0.151765    -0.0797878  -1.76439e-08     0.0797879      0.151766      0.208887      0.245562      0.258199      0.245562      0.208887      0.151765     0.0797878
