Top row: Eigenvealues.
Corresponding eigenvectors in columns below each eigenvalue.
218.144       457.856       38.7159       297.259       637.284       378.741       85.0034       590.997       9.82167       666.178       145.994       530.006
      0.366744      0.260098     -0.182279     -0.389372    -0.0938673      0.322801      0.322801    -0.0938673     -0.389372     -0.182279      0.260098      0.366744
     -0.366744      0.260098      0.182279     -0.389372     0.0938673      0.322801     -0.322801    -0.0938673      0.389372     -0.182279     -0.260098      0.366744
      0.182279      0.322801      0.389373      0.366744      0.260098     0.0938674    -0.0938671     -0.260098     -0.366743     -0.389372     -0.322801      -0.18228
      0.389372     0.0938674     -0.366743     -0.182279      0.322801      0.260098     -0.260098     -0.322801      0.182279      0.366744    -0.0938673     -0.389372
       0.18228     -0.322801      0.389373     -0.366744      0.260098    -0.0938674    -0.0938672      0.260098     -0.366743      0.389372     -0.322801      0.182279
     -0.389373     0.0938673      0.366743     -0.182279     -0.322801      0.260098      0.260098     -0.322801     -0.182279      0.366744     0.0938673     -0.389372
      0.260098      0.389372      0.322801     0.0938674     -0.182279     -0.366744     -0.366744     -0.182279     0.0938673      0.322801      0.389372      0.260098
     -0.260098      0.389372     -0.322801     0.0938674      0.182279     -0.366744      0.366744     -0.182279    -0.0938673      0.322801     -0.389372      0.260098
    -0.0938672     -0.182279     -0.260098     -0.322801     -0.366743     -0.389372     -0.389373     -0.366744     -0.322801     -0.260098      -0.18228    -0.0938674
     0.0938672     -0.182279      0.260098     -0.322801      0.366743     -0.389372      0.389373     -0.366744      0.322801     -0.260098       0.18228    -0.0938674
     -0.322801     -0.366743    -0.0938672      0.260098      0.389373      0.182279     -0.182279     -0.389373     -0.260098     0.0938672      0.366743      0.322801
      0.322801     -0.366743     0.0938672      0.260098     -0.389373      0.182279      0.182279     -0.389373      0.260098     0.0938672     -0.366743      0.322801
