Top row: Eigenvealues.
Corresponding eigenvectors in columns below each eigenvalue.
851.388       849.839       825.627       802.204       754.077        634.92        607.44        529.03       553.126       515.706       416.455        403.98       138.287        137.43       101.945       70.5464
      0.190377    -0.0346855     -0.262435      0.382952     -0.316261      0.240302      0.142504     -0.185353    0.00847129     -0.185656      0.348608     -0.429757      0.266977     -0.328024     -0.011078      0.121826
      0.156056    0.00048414     -0.224799      0.295511     -0.300871      0.106602      0.169986     -0.144927      0.502828     -0.180875     -0.223788      0.238159     -0.341263       0.33416     0.0814701     -0.242661
    -0.0825916    -0.0278032      0.199876      -0.32497      0.261158     -0.358187      0.231307     -0.394931      0.433447     -0.363395       0.16492     -0.301063     0.0261182     0.0368234    -0.0318215    0.00741394
    -0.0679472     0.0452553    -0.0225485     0.0553911    -0.0437327     0.0496316    0.00417444   -0.00301537     0.0172094    -0.0551987     0.0231293     0.0140525     -0.358688      0.166485     -0.492563      0.763078
      0.827109     -0.462957      0.112213     -0.250961    -0.0353515    -0.0753216    0.00430034     0.0693698    -0.0355264     0.0424999    -0.0236132     0.0229432     -0.034311     0.0101328    -0.0537173     0.0769172
    -0.0961777    -0.0326011      0.329326      -0.29354      -0.27507      0.512164     -0.208689     -0.323867      0.299905      0.210613     -0.290094     0.0117738      0.247112     -0.112075   -0.00757609      0.127959
    -0.0538579     0.0336916      0.230821     -0.258988     -0.238873      0.314868     -0.252111      0.201306    -0.0970008      -0.21939      0.492302     -0.219437     -0.383242      0.259243      0.120796     -0.196463
      0.216453      0.423388     -0.445963     -0.271639      0.188499     0.0735458     -0.260367      0.379123       0.40729     0.0719318    -0.0561106     -0.237301      0.116726   -0.00603295    -0.0614361     0.0282622
     -0.143909     -0.155564      0.245183      0.168438     -0.357181     -0.302946      0.095661      0.365618      0.159251       0.28687     -0.124639     -0.429246      0.204179      0.299082     -0.235844     -0.101086
      0.111577     0.0730361     -0.196141   -0.00445298      0.264052      0.205607      0.052914     -0.460646     -0.304622      0.328182    -0.0476925     -0.321073     -0.016058      0.483854      -0.19187     -0.199214
     0.0703006      0.358508    -0.0600173     -0.277358     -0.385161      -0.25888       0.31424     -0.142768     -0.113493      0.388588    -0.0317164     -0.126914     -0.358097     -0.230173      0.283436     0.0946554
    -0.0888521      -0.34153      0.061808      0.291087      0.376805      0.100028     -0.157351     0.0363085      0.246374      0.311815     -0.052906     -0.325666     -0.438652     -0.244848      0.291415     0.0690695
      0.137186      0.269602      0.356694     0.0573945      0.213101      0.351636      0.499492      0.249037    -0.0624889     -0.155595     -0.244594     -0.119176     -0.148594     -0.242934     -0.270983     -0.201807
    -0.0483133    -0.0671916    -0.0677223    -0.0362003    -0.0498619    -0.0807823     -0.104411     -0.116817      0.185609      0.305346      0.358621      0.231976     -0.162621     -0.343739      -0.59536     -0.380172
      0.327109       0.47656      0.430966      0.396108     0.0116337     -0.253583     -0.463182     -0.205348   0.000675565    -0.0313326   -0.00900445    -0.0185876    -0.0197653    -0.0120454   -0.00829566   -0.00995586
     -0.103448     -0.145522     -0.208251     -0.125627     -0.184845     -0.148464     -0.334616    -0.0964153     -0.249655     -0.376283     -0.510201     -0.291129     -0.220614     -0.240718     -0.206521     -0.182356
