Top row: Eigenvealues.
Corresponding eigenvectors in columns below each eigenvalue.
6541.21       3683.16       8591.55       7038.67       350.569       8747.47       8796.58       775.617       8826.13       5726.95       7694.62       7489.36       244.452       5442.18       3975.78       3109.05       2558.31       6277.69       7270.38       8060.38       4860.22       4565.63       6005.86       616.746       4270.37       9.86593       8679.02       8485.43       1565.62       88.5292       474.852       5152.84       2040.75       8361.15       156.975       2294.79       3393.82       1141.38       2830.14       7885.24       1797.33       39.4197       950.756       6795.25       1346.64       8219.25
      0.180901     -0.173875    -0.0137783      0.187119     -0.166073     -0.027495        0.1925     -0.157529    -0.0410889      0.197023     -0.148282    -0.0544994      0.200665     -0.138372    -0.0676663      0.203411     -0.127845    -0.0805311      0.205248     -0.116746    -0.0930363      0.206169     -0.105126     -0.105126      0.206169    -0.0930363     -0.116746      0.205248    -0.0805312     -0.127845      0.203411    -0.0676664     -0.138372      0.200665    -0.0544994     -0.148282      0.197023    -0.0410889     -0.157529        0.1925     -0.027495     -0.166073      0.187119    -0.0137783     -0.173875      0.180901
      0.203411     0.0676664     -0.180901     -0.127845      0.138372      0.173875    -0.0805312     -0.200665     0.0137783      0.205248     0.0544994     -0.187119     -0.116746      0.148282      0.166073    -0.0930363     -0.197023      0.027495      0.206169     0.0410889       -0.1925     -0.105126      0.157529      0.157529     -0.105126       -0.1925     0.0410889      0.206169      0.027495     -0.197023    -0.0930363      0.166073      0.148282     -0.116746     -0.187119     0.0544994      0.205248     0.0137783     -0.200665    -0.0805312      0.173875      0.138372     -0.127845     -0.180901     0.0676664      0.203411
     0.0676664     -0.127845      0.173875     -0.200665      0.205248     -0.187119      0.148282    -0.0930363      0.027495     0.0410889     -0.105126      0.157529       -0.1925      0.206169     -0.197023      0.166073     -0.116746     0.0544993     0.0137783    -0.0805312      0.138372     -0.180901      0.203411     -0.203411      0.180901     -0.138372     0.0805312    -0.0137783    -0.0544993      0.116746     -0.166073      0.197023     -0.206169        0.1925     -0.157529      0.105126    -0.0410889     -0.027495     0.0930363     -0.148282      0.187119     -0.205248      0.200665     -0.173875      0.127845    -0.0676664
     -0.166073      0.197023    -0.0676664     -0.116746      0.206169     -0.127845    -0.0544993        0.1925     -0.173875     0.0137783      0.157529     -0.200665     0.0805312      0.105126     -0.205248      0.138372     0.0410889     -0.187119      0.180901    -0.0274951     -0.148282      0.203411    -0.0930363    -0.0930362      0.203411     -0.148282    -0.0274949      0.180901     -0.187119      0.041089      0.138372     -0.205248      0.105126     0.0805311     -0.200665      0.157529     0.0137782     -0.173875      0.192501    -0.0544994     -0.127845      0.206169     -0.116746    -0.0676664      0.197023     -0.166073
     0.0805312      0.148282      0.192501      0.206169      0.187119      0.138372     0.0676664    -0.0137782    -0.0930363     -0.157529     -0.197023     -0.205248     -0.180901     -0.127845    -0.0544994     0.0274949      0.105126      0.166073      0.200665      0.203411      0.173875      0.116746      0.041089    -0.0410889     -0.116746     -0.173875     -0.203411     -0.200665     -0.166073     -0.105126    -0.0274951     0.0544993      0.127845      0.180901      0.205248      0.197023      0.157529     0.0930363     0.0137783    -0.0676663     -0.138372     -0.187118     -0.206169       -0.1925     -0.148282    -0.0805311
    -0.0410889     0.0805312     -0.116746      0.148282     -0.173875        0.1925     -0.203411      0.206169     -0.200665      0.187119     -0.166073      0.138372     -0.105126     0.0676664     -0.027495    -0.0137783     0.0544994    -0.0930363      0.127845     -0.157529      0.180901     -0.197023      0.205248     -0.205248      0.197023     -0.180901      0.157529     -0.127845     0.0930363    -0.0544994     0.0137783      0.027495    -0.0676664      0.105126     -0.138372      0.166073     -0.187119      0.200665     -0.206169      0.203411       -0.1925      0.173875     -0.148282      0.116746    -0.0805312     0.0410889
      0.027495    -0.0544994     0.0805312     -0.105126      0.127845     -0.148282      0.166073     -0.180901        0.1925     -0.200665      0.205248     -0.206169      0.203411     -0.197023      0.187119     -0.173875      0.157529     -0.138372      0.116746    -0.0930363     0.0676664    -0.0410889     0.0137783     0.0137783    -0.0410889     0.0676664    -0.0930363      0.116746     -0.138372      0.157529     -0.173875      0.187119     -0.197023      0.203411     -0.206169      0.205248     -0.200665        0.1925     -0.180901      0.166073     -0.148282      0.127845     -0.105126     0.0805312    -0.0544993      0.027495
     -0.116746       -0.1925     -0.200665     -0.138372     -0.027495     0.0930363      0.180901      0.205248      0.157529     0.0544993    -0.0676664     -0.166073     -0.206169     -0.173875    -0.0805312     0.0410889      0.148282      0.203411      0.187119      0.105126    -0.0137783     -0.127845     -0.197023     -0.197023     -0.127845    -0.0137783      0.105126      0.187119      0.203411      0.148282     0.0410889    -0.0805312     -0.173875     -0.206169     -0.166073    -0.0676664     0.0544994      0.157529      0.205248      0.180901     0.0930363     -0.027495     -0.138372     -0.200665       -0.1925     -0.116746
    -0.0137783      0.027495    -0.0410889     0.0544993    -0.0676664     0.0805312    -0.0930363      0.105126     -0.116746      0.127845     -0.138372      0.148282     -0.157529      0.166073     -0.173875      0.180901     -0.187119        0.1925     -0.197023      0.200665     -0.203411      0.205248     -0.206169      0.206169     -0.205248      0.203411     -0.200665      0.197023       -0.1925      0.187119     -0.180901      0.173875     -0.166073      0.157529     -0.148282      0.138372     -0.127845      0.116746     -0.105126     0.0930363    -0.0805311     0.0676663    -0.0544993     0.0410889     -0.027495     0.0137783
     -0.197023      0.116746      0.127845       -0.1925    -0.0137783      0.200665     -0.105126     -0.138372      0.187119      0.027495     -0.203411     0.0930363      0.148282     -0.180901     -0.041089      0.205248    -0.0805311     -0.157529      0.173875     0.0544993     -0.206169     0.0676664      0.166073     -0.166073    -0.0676663      0.206169    -0.0544993     -0.173875      0.157529     0.0805312     -0.205248     0.0410889      0.180901     -0.148282    -0.0930363      0.203411     -0.027495     -0.187119      0.138372      0.105126     -0.200665     0.0137783        0.1925     -0.127845     -0.116746      0.197023
      0.138372     -0.205248      0.166073    -0.0410889     -0.105126      0.197023     -0.187119     0.0805312     0.0676663     -0.180901      0.200665     -0.116746    -0.0274949      0.157529     -0.206169      0.148282    -0.0137783     -0.127845      0.203411     -0.173875     0.0544994     0.0930362       -0.1925        0.1925    -0.0930364    -0.0544993      0.173875     -0.203411      0.127845     0.0137782     -0.148282      0.206169      -0.15753     0.0274951      0.116746     -0.200665      0.180901    -0.0676664    -0.0805312      0.187119     -0.197023      0.105126     0.0410889     -0.166073      0.205248     -0.138372
      0.148282     -0.206169      0.138372     0.0137783     -0.157529      0.205248     -0.127845     -0.027495      0.166073     -0.203411      0.116746     0.0410889     -0.173875      0.200665     -0.105126    -0.0544993      0.180901     -0.197023     0.0930364     0.0676663     -0.187119      0.192501    -0.0805313    -0.0805311        0.1925     -0.187119     0.0676664     0.0930362     -0.197023      0.180901    -0.0544994     -0.105126      0.200665     -0.173875      0.041089      0.116746     -0.203411      0.166073     -0.027495     -0.127845      0.205248     -0.157529     0.0137783      0.138372     -0.206169      0.148282
     0.0676663      0.127845      0.173875      0.200665      0.205248      0.187119      0.148282     0.0930363      0.027495    -0.0410889     -0.105126     -0.157529       -0.1925     -0.206169     -0.197023     -0.166073     -0.116746    -0.0544994     0.0137782     0.0805311      0.138372      0.180901      0.203411      0.203411      0.180901      0.138372     0.0805312     0.0137783    -0.0544993     -0.116746     -0.166073     -0.197023     -0.206169     -0.192501     -0.157529     -0.105126     -0.041089      0.027495     0.0930363      0.148282      0.187119      0.205248      0.200665      0.173875      0.127845     0.0676664
      0.200665    -0.0930363     -0.157529      0.166073     0.0805312     -0.203411     0.0137783      0.197023     -0.105126     -0.148282      0.173875     0.0676664     -0.205248      0.027495        0.1925     -0.116746     -0.138372      0.180901     0.0544993     -0.206169     0.0410889      0.187119     -0.127845     -0.127845      0.187119     0.0410889     -0.206169     0.0544994      0.180901     -0.138372     -0.116746        0.1925      0.027495     -0.205248     0.0676664      0.173875     -0.148282     -0.105126      0.197023     0.0137783     -0.203411     0.0805311      0.166073     -0.157529    -0.0930363      0.200665
     -0.205248    -0.0410889      0.197023     0.0805312     -0.180901     -0.116746      0.157529      0.148282     -0.127845     -0.173875     0.0930363        0.1925    -0.0544993     -0.203411     0.0137782      0.206169      0.027495     -0.200665    -0.0676664      0.187119      0.105126     -0.166073     -0.138372      0.138372      0.166073     -0.105126     -0.187119     0.0676664      0.200665     -0.027495     -0.206169    -0.0137783      0.203411     0.0544993       -0.1925    -0.0930363      0.173875      0.127845     -0.148282     -0.157529      0.116746      0.180901    -0.0805312     -0.197023     0.0410889      0.205248
     -0.197023     -0.116746      0.127845        0.1925    -0.0137783     -0.200665     -0.105126      0.138372      0.187119     -0.027495     -0.203411    -0.0930363      0.148282      0.180901    -0.0410889     -0.205248    -0.0805312      0.157529      0.173875    -0.0544994     -0.206169    -0.0676664      0.166073      0.166073    -0.0676664     -0.206169    -0.0544994      0.173875      0.157529    -0.0805312     -0.205248    -0.0410889      0.180901      0.148282    -0.0930363     -0.203411     -0.027495      0.187119      0.138372     -0.105126     -0.200665    -0.0137783        0.1925      0.127845     -0.116746     -0.197023
     -0.187119     -0.157529     0.0544993      0.203411      0.116746     -0.105126     -0.205248    -0.0676664      0.148282        0.1925     0.0137783     -0.180901     -0.166073     0.0410889      0.200665      0.127845    -0.0930363     -0.206169    -0.0805312      0.138372      0.197023      0.027495     -0.173875     -0.173875      0.027495      0.197023      0.138372    -0.0805312     -0.206169    -0.0930363      0.127845      0.200665     0.0410889     -0.166073     -0.180901     0.0137783        0.1925      0.148282    -0.0676664     -0.205248     -0.105126      0.116746      0.203411     0.0544993     -0.157529     -0.187119
     -0.187119      0.157529     0.0544994     -0.203411      0.116746      0.105126     -0.205248     0.0676664      0.148282       -0.1925     0.0137783      0.180901     -0.166073    -0.0410889      0.200665     -0.127845    -0.0930363      0.206169    -0.0805311     -0.138372      0.197023     -0.027495     -0.173875      0.173875      0.027495     -0.197023      0.138372     0.0805312     -0.206169     0.0930363      0.127845     -0.200665     0.0410889      0.166073     -0.180901    -0.0137783        0.1925     -0.148282    -0.0676664      0.205248     -0.105126     -0.116746      0.203411    -0.0544994     -0.157529      0.187119
     -0.157529      0.203411     -0.105126    -0.0676664        0.1925     -0.180901     0.0410889      0.127845     -0.206169      0.138372      0.027495     -0.173875      0.197023    -0.0805311    -0.0930363      0.200665     -0.166073     0.0137782      0.148282     -0.205248      0.116746     0.0544993     -0.187119      0.187119    -0.0544993     -0.116746      0.205248     -0.148282    -0.0137783      0.166073     -0.200665     0.0930363     0.0805311     -0.197023      0.173875     -0.027495     -0.138372      0.206169     -0.127845    -0.0410889      0.180901       -0.1925     0.0676664      0.105126     -0.203411      0.157529
      0.116746     -0.192501      0.200665     -0.138372      0.027495     0.0930363     -0.180901      0.205248     -0.157529     0.0544993     0.0676664     -0.166073      0.206169     -0.173875     0.0805311      0.041089     -0.148282      0.203411     -0.187119      0.105126     0.0137783     -0.127845      0.197023     -0.197023      0.127845    -0.0137782     -0.105126      0.187119     -0.203411      0.148282    -0.0410889    -0.0805312      0.173875     -0.206169      0.166073    -0.0676663    -0.0544994      0.157529     -0.205248      0.180901    -0.0930362     -0.027495      0.138372     -0.200665        0.1925     -0.116746
      0.205248    -0.0410889     -0.197023     0.0805312      0.180901     -0.116746     -0.157529      0.148282      0.127845     -0.173875    -0.0930363        0.1925     0.0544993     -0.203411    -0.0137783      0.206169     -0.027495     -0.200665     0.0676664      0.187119     -0.105126     -0.166073      0.138372      0.138372     -0.166073     -0.105126      0.187119     0.0676664     -0.200665     -0.027495      0.206169    -0.0137783     -0.203411     0.0544993        0.1925    -0.0930363     -0.173875      0.127845      0.148282     -0.157529     -0.116746      0.180901     0.0805311     -0.197023    -0.0410889      0.205248
      0.206169    -0.0137782     -0.205248      0.027495      0.203411    -0.0410889     -0.200665     0.0544993      0.197023    -0.0676664       -0.1925     0.0805312      0.187119    -0.0930363     -0.180901      0.105126      0.173875     -0.116746     -0.166073      0.127845      0.157529     -0.138372     -0.148282      0.148282      0.138372     -0.157529     -0.127845      0.166073      0.116746     -0.173875     -0.105126      0.180901     0.0930362     -0.187119    -0.0805311        0.1925     0.0676664     -0.197023    -0.0544993      0.200665     0.0410889     -0.203411     -0.027495      0.205248     0.0137783     -0.206169
        0.1925     -0.138372    -0.0930363      0.205248    -0.0544993     -0.166073      0.173875     0.0410889     -0.203411      0.105126      0.127845     -0.197023     0.0137783      0.187119     -0.148282    -0.0805312      0.206169    -0.0676664     -0.157529      0.180901      0.027495     -0.200665      0.116746      0.116746     -0.200665      0.027495      0.180901     -0.157529    -0.0676664      0.206169    -0.0805312     -0.148282      0.187119     0.0137783     -0.197023      0.127845      0.105126     -0.203411     0.0410889      0.173875     -0.166073    -0.0544994      0.205248    -0.0930363     -0.138372        0.1925
     -0.105126     -0.180901     -0.206169     -0.173875    -0.0930363     0.0137783      0.116746      0.187119      0.205248      0.166073     0.0805312     -0.027495     -0.127845       -0.1925     -0.203411     -0.157529    -0.0676664     0.0410889      0.138372      0.197023      0.200665      0.148282     0.0544993    -0.0544994     -0.148282     -0.200665     -0.197023     -0.138372     -0.041089     0.0676663      0.157529      0.203411        0.1925      0.127845      0.027495    -0.0805311     -0.166073     -0.205248     -0.187119     -0.116746    -0.0137782     0.0930363      0.173875      0.206169      0.180901      0.105126
     -0.206169    -0.0137783      0.205248      0.027495     -0.203411    -0.0410889      0.200665     0.0544994     -0.197023    -0.0676664        0.1925     0.0805312     -0.187119    -0.0930363      0.180901      0.105126     -0.173875     -0.116746      0.166073      0.127845     -0.157529     -0.138372      0.148282      0.148282     -0.138372     -0.157529      0.127845      0.166073     -0.116746     -0.173875      0.105126      0.180901    -0.0930363     -0.187119     0.0805312        0.1925    -0.0676664     -0.197023     0.0544993      0.200665    -0.0410889     -0.203411      0.027495      0.205248    -0.0137783     -0.206169
     0.0137782      0.027495     0.0410889     0.0544993     0.0676663     0.0805311     0.0930363      0.105126      0.116746      0.127845      0.138372      0.148282      0.157529      0.166073      0.173875      0.180901      0.187119        0.1925      0.197023      0.200665      0.203411      0.205248      0.206169      0.206169      0.205248      0.203411      0.200665      0.197023        0.1925      0.187119      0.180901      0.173875      0.166073      0.157529      0.148282      0.138372      0.127845      0.116746      0.105126     0.0930363     0.0805311     0.0676663     0.0544993     0.0410889      0.027495     0.0137782
    -0.0544994      0.105126     -0.148282      0.180901     -0.200665      0.206169     -0.197023      0.173875     -0.138372     0.0930363    -0.0410889    -0.0137783     0.0676664     -0.116746      0.157529     -0.187119      0.203411     -0.205248        0.1925     -0.166073      0.127845    -0.0805312      0.027495      0.027495    -0.0805312      0.127845     -0.166073        0.1925     -0.205248      0.203411     -0.187119      0.157529     -0.116746     0.0676664    -0.0137783    -0.0410889     0.0930363     -0.138372      0.173875     -0.197023      0.206169     -0.200665      0.180901     -0.148282      0.105126    -0.0544994
     0.0805312     -0.148282        0.1925     -0.206169      0.187119     -0.138372     0.0676664     0.0137783    -0.0930363      0.157529     -0.197023      0.205248     -0.180901      0.127845    -0.0544993     -0.027495      0.105126     -0.166073      0.200665     -0.203411      0.173875     -0.116746     0.0410889     0.0410889     -0.116746      0.173875     -0.203411      0.200665     -0.166073      0.105126     -0.027495    -0.0544993      0.127845     -0.180901      0.205248     -0.197023      0.157529    -0.0930363     0.0137783     0.0676664     -0.138372      0.187119     -0.206169        0.1925     -0.148282     0.0805312
     -0.157529     -0.203411     -0.105126     0.0676664      0.192501      0.180901     0.0410889     -0.127845     -0.206169     -0.138372      0.027495      0.173875      0.197023     0.0805311    -0.0930363     -0.200665     -0.166073    -0.0137782      0.148282      0.205248      0.116746    -0.0544994     -0.187119     -0.187119    -0.0544993      0.116746      0.205248      0.148282    -0.0137783     -0.166073     -0.200665    -0.0930362     0.0805312      0.197023      0.173875     0.0274949     -0.138372     -0.206169     -0.127845     0.0410889      0.180901        0.1925     0.0676664     -0.105126     -0.203411     -0.157529
      0.041089     0.0805312      0.116746      0.148282      0.173875        0.1925      0.203411      0.206169      0.200665      0.187119      0.166073      0.138372      0.105126     0.0676664     0.0274951    -0.0137782    -0.0544993    -0.0930363     -0.127845     -0.157529     -0.180901     -0.197023     -0.205248     -0.205248     -0.197023     -0.180901     -0.157529     -0.127845    -0.0930362    -0.0544993    -0.0137783      0.027495     0.0676664      0.105126      0.138372      0.166073      0.187119      0.200665      0.206169      0.203411        0.1925      0.173875      0.148282      0.116746     0.0805311     0.0410889
    -0.0930363     -0.166073     -0.203411     -0.197023     -0.148282    -0.0676664      0.027495      0.116746      0.180901      0.206169      0.187119      0.127845     0.0410889    -0.0544994     -0.138372     -0.192501     -0.205248     -0.173875     -0.105126    -0.0137783     0.0805311      0.157529      0.200665      0.200665      0.157529     0.0805311    -0.0137783     -0.105126     -0.173875     -0.205248     -0.192501     -0.138372    -0.0544994     0.0410889      0.127845      0.187119      0.206169      0.180901      0.116746      0.027495    -0.0676664     -0.148282     -0.197023     -0.203411     -0.166073    -0.0930363
     -0.203411     0.0676664      0.180901     -0.127845     -0.138372      0.173875     0.0805311     -0.200665    -0.0137783      0.205248    -0.0544993     -0.187119      0.116746      0.148282     -0.166073    -0.0930363      0.197023      0.027495     -0.206169     0.0410889        0.1925     -0.105126     -0.157529      0.157529      0.105126       -0.1925    -0.0410889      0.206169     -0.027495     -0.197023     0.0930363      0.166073     -0.148282     -0.116746      0.187119     0.0544994     -0.205248     0.0137783      0.200665    -0.0805312     -0.173875      0.138372      0.127845     -0.180901    -0.0676663      0.203411
     -0.173875     -0.187119     -0.027495      0.157529      0.197023     0.0544994     -0.138372     -0.203411    -0.0805312      0.116746      0.206169      0.105126    -0.0930363     -0.205248     -0.127845     0.0676664      0.200665      0.148282    -0.0410889       -0.1925     -0.166073     0.0137783      0.180901      0.180901     0.0137783     -0.166073       -0.1925    -0.0410889      0.148282      0.200665     0.0676664     -0.127845     -0.205248    -0.0930363      0.105126      0.206169      0.116746    -0.0805311     -0.203411     -0.138372     0.0544993      0.197023      0.157529     -0.027495     -0.187119     -0.173875
     0.0930363     -0.166073      0.203411     -0.197023      0.148282    -0.0676664     -0.027495      0.116746     -0.180901      0.206169     -0.187119      0.127845    -0.0410889    -0.0544994      0.138372       -0.1925      0.205248     -0.173875      0.105126    -0.0137783    -0.0805312      0.157529     -0.200665      0.200665     -0.157529     0.0805312     0.0137783     -0.105126      0.173875     -0.205248        0.1925     -0.138372     0.0544994     0.0410889     -0.127845      0.187119     -0.206169      0.180901     -0.116746      0.027495     0.0676663     -0.148282      0.197023     -0.203411      0.166073    -0.0930363
     0.0544994      0.105126      0.148282      0.180901      0.200665      0.206169      0.197023      0.173875      0.138372     0.0930363     0.0410889    -0.0137783    -0.0676664     -0.116746     -0.157529     -0.187119     -0.203411     -0.205248       -0.1925     -0.166073     -0.127845    -0.0805312     -0.027495      0.027495     0.0805312      0.127845      0.166073        0.1925      0.205248      0.203411      0.187119      0.157529      0.116746     0.0676664     0.0137783    -0.0410889    -0.0930363     -0.138372     -0.173875     -0.197023     -0.206169     -0.200665     -0.180901     -0.148282     -0.105126    -0.0544994
      0.180901      0.173875    -0.0137783     -0.187119     -0.166073      0.027495        0.1925      0.157529    -0.0410889     -0.197023     -0.148282     0.0544994      0.200665      0.138372    -0.0676664     -0.203411     -0.127845     0.0805312      0.205248      0.116746    -0.0930363     -0.206169     -0.105126      0.105126      0.206169     0.0930363     -0.116746     -0.205248    -0.0805312      0.127845      0.203411     0.0676664     -0.138372     -0.200665    -0.0544993      0.148282      0.197023     0.0410889     -0.157529       -0.1925     -0.027495      0.166073      0.187119     0.0137783     -0.173875     -0.180901
     -0.200665    -0.0930363      0.157529      0.166073    -0.0805311     -0.203411    -0.0137783      0.197023      0.105126     -0.148282     -0.173875     0.0676664      0.205248      0.027495       -0.1925     -0.116746      0.138372      0.180901    -0.0544993     -0.206169    -0.0410889      0.187119      0.127845     -0.127845     -0.187119     0.0410889      0.206169     0.0544993     -0.180901     -0.138372      0.116746        0.1925     -0.027495     -0.205248    -0.0676664      0.173875      0.148282     -0.105126     -0.197023     0.0137783      0.203411     0.0805312     -0.166073     -0.157529     0.0930363      0.200665
     -0.138372     -0.205248     -0.166073    -0.0410889      0.105126      0.197023      0.187119     0.0805312    -0.0676664     -0.180901     -0.200665     -0.116746      0.027495      0.157529      0.206169      0.148282     0.0137783     -0.127845     -0.203411     -0.173875    -0.0544994     0.0930363        0.1925        0.1925     0.0930363    -0.0544994     -0.173875     -0.203411     -0.127845     0.0137783      0.148282      0.206169      0.157529      0.027495     -0.116746     -0.200665     -0.180901    -0.0676664     0.0805312      0.187119      0.197023      0.105126    -0.0410889     -0.166073     -0.205248     -0.138372
        0.1925      0.138372    -0.0930363     -0.205248    -0.0544994      0.166073      0.173875    -0.0410889     -0.203411     -0.105126      0.127845      0.197023     0.0137783     -0.187119     -0.148282     0.0805312      0.206169     0.0676663     -0.157529     -0.180901      0.027495      0.200665      0.116746     -0.116746     -0.200665     -0.027495      0.180901      0.157529    -0.0676664     -0.206169    -0.0805311      0.148282      0.187119    -0.0137783     -0.197023     -0.127845      0.105126      0.203411      0.041089     -0.173875     -0.166073     0.0544994      0.205248     0.0930363     -0.138372       -0.1925
      0.127845     -0.200665      0.187119    -0.0930362    -0.0410889      0.157529     -0.206169      0.166073    -0.0544993    -0.0805312      0.180901     -0.203411      0.138372    -0.0137782     -0.116746      0.197023       -0.1925      0.105126     0.0274951     -0.148282      0.205248     -0.173875     0.0676663     0.0676664     -0.173875      0.205248     -0.148282     0.0274949      0.105126     -0.192501      0.197023     -0.116746    -0.0137783      0.138372     -0.203411      0.180901    -0.0805311    -0.0544994      0.166073     -0.206169      0.157529    -0.0410889    -0.0930363      0.187119     -0.200665      0.127845
      0.166073      0.197023     0.0676663     -0.116746     -0.206169     -0.127845     0.0544994        0.1925      0.173875     0.0137782     -0.157529     -0.200665    -0.0805311      0.105126      0.205248      0.138372     -0.041089     -0.187119     -0.180901    -0.0274949      0.148282      0.203411     0.0930362    -0.0930363     -0.203411     -0.148282     0.0274951      0.180901      0.187119     0.0410889     -0.138372     -0.205248     -0.105126     0.0805312      0.200665      0.157529    -0.0137783     -0.173875       -0.1925    -0.0544993      0.127845      0.206169      0.116746    -0.0676664     -0.197023     -0.166073
      0.027495     0.0544993     0.0805312      0.105126      0.127845      0.148282      0.166073      0.180901        0.1925      0.200665      0.205248      0.206169      0.203411      0.197023      0.187119      0.173875      0.157529      0.138372      0.116746     0.0930363     0.0676664     0.0410889     0.0137783    -0.0137783    -0.0410889    -0.0676664    -0.0930363     -0.116746     -0.138372     -0.157529     -0.173875     -0.187119     -0.197023     -0.203411     -0.206169     -0.205248     -0.200665       -0.1925     -0.180901     -0.166073     -0.148282     -0.127845     -0.105126    -0.0805312    -0.0544993     -0.027495
      0.127845      0.200665      0.187119     0.0930363    -0.0410889     -0.157529     -0.206169     -0.166073    -0.0544993     0.0805312      0.180901      0.203411      0.138372     0.0137783     -0.116746     -0.197023       -0.1925     -0.105126      0.027495      0.148282      0.205248      0.173875     0.0676664    -0.0676664     -0.173875     -0.205248     -0.148282     -0.027495      0.105126        0.1925      0.197023      0.116746    -0.0137783     -0.138372     -0.203411     -0.180901    -0.0805312     0.0544994      0.166073      0.206169      0.157529     0.0410889    -0.0930363     -0.187119     -0.200665     -0.127845
     -0.173875      0.187119     -0.027495     -0.157529      0.197023    -0.0544994     -0.138372      0.203411    -0.0805312     -0.116746      0.206169     -0.105126    -0.0930363      0.205248     -0.127845    -0.0676664      0.200665     -0.148282    -0.0410889        0.1925     -0.166073    -0.0137782      0.180901     -0.180901     0.0137783      0.166073       -0.1925      0.041089      0.148282     -0.200665     0.0676664      0.127845     -0.205248     0.0930363      0.105126     -0.206169      0.116746     0.0805311     -0.203411      0.138372     0.0544993     -0.197023      0.157529      0.027495     -0.187118      0.173875
     -0.148282     -0.206169     -0.138372     0.0137783      0.157529      0.205248      0.127845     -0.027495     -0.166073     -0.203411     -0.116746     0.0410889      0.173875      0.200665      0.105126    -0.0544993     -0.180901     -0.197023    -0.0930363     0.0676663      0.187119        0.1925     0.0805312    -0.0805311       -0.1925     -0.187119    -0.0676664     0.0930363      0.197023      0.180901     0.0544994     -0.105126     -0.200665     -0.173875    -0.0410889      0.116746      0.203411      0.166073      0.027495     -0.127845     -0.205248     -0.157529    -0.0137783      0.138372      0.206169      0.148282
      0.105126     -0.180901      0.206169     -0.173875     0.0930363     0.0137783     -0.116746      0.187119     -0.205248      0.166073    -0.0805312     -0.027495      0.127845       -0.1925      0.203411     -0.157529     0.0676664     0.0410889     -0.138372      0.197023     -0.200665      0.148282    -0.0544994    -0.0544993      0.148282     -0.200665      0.197023     -0.138372     0.0410889     0.0676664     -0.157529      0.203411       -0.1925      0.127845     -0.027495    -0.0805312      0.166073     -0.205248      0.187119     -0.116746     0.0137783     0.0930363     -0.173875      0.206169     -0.180901      0.105126
