Top row: Eigenvealues.
Corresponding eigenvectors in columns below each eigenvalue.
152.241       781.622         87.02       1291.76        1116.9       544.759       1012.02       662.378       1356.98         39.12       899.241          1211       233.003       431.976       9.84714       327.103       1434.15       1404.88
     -0.199277     -0.314515     -0.297116     -0.154418     0.0534014        0.2387      0.323335      0.271612      0.105346     -0.105347     -0.271613     -0.323335       -0.2387    -0.0534017      0.154418      0.297116      0.314515      0.199277
      0.323335    -0.0534016     -0.314515      0.105346      0.297116     -0.154418     -0.271613      0.199277        0.2387       -0.2387     -0.199277      0.271613      0.154418     -0.297116     -0.105346      0.314515     0.0534015     -0.323335
     -0.154418     -0.271613     -0.323335     -0.297116     -0.199277    -0.0534016      0.105346        0.2387      0.314515      0.314515        0.2387      0.105346    -0.0534016     -0.199277     -0.297116     -0.323335     -0.271613     -0.154418
     -0.199277      0.314515     -0.297116      0.154418     0.0534015       -0.2387      0.323335     -0.271613      0.105346      0.105346     -0.271613      0.323335       -0.2387     0.0534015      0.154418     -0.297116      0.314515     -0.199277
     -0.271613      0.297116    -0.0534015       -0.2387      0.314515     -0.105346     -0.199277      0.323335     -0.154418     -0.154418      0.323335     -0.199277     -0.105346      0.314515       -0.2387    -0.0534015      0.297116     -0.271613
     -0.314515     -0.154418        0.2387      0.271613     -0.105346     -0.323335    -0.0534016      0.297116      0.199277     -0.199277     -0.297116     0.0534015      0.323335      0.105346     -0.271613       -0.2387      0.154418      0.314515
      0.297116       -0.2387     -0.105346      0.323335     -0.154418     -0.199277      0.314515    -0.0534015     -0.271613      0.271613     0.0534015     -0.314515      0.199277      0.154418     -0.323335      0.105346        0.2387     -0.297116
      0.323335     0.0534016     -0.314515     -0.105346      0.297116      0.154418     -0.271613     -0.199277        0.2387        0.2387     -0.199277     -0.271613      0.154418      0.297116     -0.105346     -0.314515     0.0534016      0.323335
      0.154418     -0.271613      0.323335     -0.297116      0.199277    -0.0534016     -0.105346        0.2387     -0.314515      0.314515       -0.2387      0.105346     0.0534015     -0.199277      0.297116     -0.323335      0.271613     -0.154418
      0.105346      0.199277      0.271613      0.314515      0.323335      0.297116        0.2387      0.154418     0.0534016    -0.0534016     -0.154418       -0.2387     -0.297116     -0.323335     -0.314515     -0.271613     -0.199277     -0.105346
     -0.314515      0.154418        0.2387     -0.271613     -0.105346      0.323335    -0.0534015     -0.297116      0.199277      0.199277     -0.297116    -0.0534016      0.323335     -0.105346     -0.271613        0.2387      0.154418     -0.314515
       -0.2387      0.323335     -0.199277    -0.0534016      0.271613     -0.314515      0.154418      0.105346     -0.297116      0.297116     -0.105346     -0.154418      0.314515     -0.271613     0.0534016      0.199277     -0.323335        0.2387
       -0.2387     -0.323335     -0.199277     0.0534015      0.271613      0.314515      0.154418     -0.105346     -0.297116     -0.297116     -0.105346      0.154418      0.314515      0.271613     0.0534014     -0.199277     -0.323335       -0.2387
     -0.297116       -0.2387      0.105346      0.323335      0.154418     -0.199277     -0.314515    -0.0534015      0.271613      0.271613    -0.0534015     -0.314515     -0.199277      0.154418      0.323335      0.105346       -0.2387     -0.297116
     0.0534014      0.105346      0.154418      0.199277        0.2387      0.271613      0.297116      0.314515      0.323335      0.323335      0.314515      0.297116      0.271613        0.2387      0.199277      0.154418      0.105347     0.0534017
     -0.271613     -0.297116    -0.0534015        0.2387      0.314515      0.105346     -0.199277     -0.323335     -0.154418      0.154418      0.323335      0.199277     -0.105346     -0.314515       -0.2387     0.0534015      0.297116      0.271613
    -0.0534016      0.105346     -0.154418      0.199277       -0.2387      0.271613     -0.297116      0.314515     -0.323335      0.323335     -0.314515      0.297116     -0.271613        0.2387     -0.199277      0.154418     -0.105346     0.0534015
      0.105346     -0.199277      0.271613     -0.314515      0.323335     -0.297116        0.2387     -0.154418     0.0534015     0.0534015     -0.154418        0.2387     -0.297116      0.323335     -0.314515      0.271613     -0.199277      0.105346
